0	0	4
0	7498	4
0	23694	4
0	23695	4
0	46296	4
0	46297	4
0	46300	4
0	46303	4
0	46304	4
1	2	4
1	23697	4
1	23698	4
1	23702	4
1	46306	4
1	46311	4
1	46313	4
1	46314	4
1	46320	4
1	46321	4
1	46323	4
1	46326	4
1	46328	4
1	46331	4
1	46332	4
1	46334	4
1	46339	4
1	46341	4
1	46344	4
1	46349	4
2	3	4
2	23731	4
2	23746	4
2	46408	4
2	71212	4
3	18812	4
3	18813	4
3	23759	4
3	23762	4
3	23763	4
3	23765	4
3	23766	4
3	23770	4
3	46315	4
3	46409	4
3	46414	4
3	46416	4
3	46418	4
3	46425	4
3	46427	4
3	46429	4
3	46431	4
3	46434	4
3	46435	4
3	46437	4
3	71213	4
3	71214	4
4	6	4
4	23787	4
4	23790	4
4	23793	4
4	23794	4
4	23797	4
4	46325	4
4	46451	4
4	46458	4
4	46460	4
4	46461	4
4	46469	4
4	46471	4
4	46472	4
4	46473	4
4	46475	4
5	7	4
5	10	4
5	11	4
5	15	4
5	7511	4
5	7514	4
5	7515	4
5	7518	4
5	7521	4
5	15614	4
5	15615	4
5	18816	4
5	18821	4
5	18822	4
5	23770	4
5	23786	4
5	23804	4
5	23808	4
5	23809	4
5	23815	4
5	23817	4
5	23818	4
5	23819	4
5	23820	4
5	23822	4
5	23823	4
5	23827	4
5	23830	4
5	23835	4
5	23836	4
5	23837	4
5	23839	4
5	23840	4
5	23841	4
5	23842	4
5	23843	4
5	23847	4
5	23849	4
5	23850	4
5	23851	4
5	23852	4
5	23853	4
5	23854	4
5	23856	4
5	23860	4
5	23862	4
5	23863	4
5	23865	4
5	23867	4
5	23869	4
5	23870	4
5	23871	4
5	23872	4
5	23875	4
5	23876	4
5	23877	4
5	23878	4
5	23880	4
5	23882	4
5	23883	4
5	23884	4
5	23887	4
5	23890	4
5	23892	4
5	23894	4
5	23895	4
5	46303	4
5	46452	4
5	46482	4
5	46483	4
5	46484	4
5	46486	4
5	46487	4
5	46488	4
5	46490	4
5	46493	4
5	46495	4
5	46498	4
5	46500	4
5	46507	4
5	46511	4
5	46515	4
5	46516	4
5	46522	4
5	46526	4
5	46528	4
5	46529	4
5	46530	4
5	46535	4
5	46538	4
5	46539	4
5	46540	4
5	46548	4
5	46549	4
5	46554	4
5	46557	4
5	46558	4
5	46563	4
5	46564	4
5	46566	4
5	46572	4
5	46575	4
5	46580	4
5	46582	4
5	46584	4
5	46586	4
5	46589	4
5	46593	4
5	46594	4
5	46595	4
5	71221	4
5	71225	4
5	71229	4
6	7522	4
6	23690	4
6	23698	4
6	23701	4
6	23706	4
6	23793	4
6	23871	4
6	23898	4
6	23902	4
6	23903	4
6	23911	4
6	23912	4
6	23914	4
6	23915	4
6	23918	4
6	23919	4
6	23921	4
6	23922	4
6	23923	4
6	23925	4
6	23926	4
6	23928	4
6	23930	4
6	23931	4
6	23932	4
6	23933	4
6	23934	4
6	46308	4
6	46330	4
6	46597	4
6	46599	4
6	46602	4
6	46604	4
6	46610	4
6	46612	4
6	46613	4
6	46615	4
6	46616	4
6	46617	4
6	46618	4
6	46619	4
6	46622	4
6	46623	4
6	46625	4
6	46627	4
6	46632	4
6	46634	4
6	46635	4
6	46637	4
6	46638	4
7	18	4
7	21	4
7	23	4
7	27	4
7	30	4
7	7523	4
7	7524	4
7	7526	4
7	7527	4
7	15616	4
7	15617	4
7	18827	4
7	23828	4
7	23940	4
7	23941	4
7	23942	4
7	23943	4
7	23944	4
7	23948	4
7	23950	4
7	23951	4
7	23952	4
7	23953	4
7	23954	4
7	23957	4
7	23958	4
7	23960	4
7	23965	4
7	23966	4
7	44668	4
7	46493	4
7	46543	4
7	46639	4
7	46641	4
7	46643	4
7	46644	4
7	46645	4
7	46649	4
7	46650	4
7	46653	4
7	46654	4
7	46655	4
7	46656	4
7	46657	4
7	46658	4
7	46659	4
7	46661	4
7	46663	4
7	46664	4
7	46668	4
7	46670	4
7	46676	4
7	71231	4
7	71233	4
7	71234	4
8	31	4
8	23967	4
8	23968	4
8	23970	4
8	23971	4
8	23974	4
8	23975	4
8	23976	4
8	23979	4
8	23980	4
8	23981	4
8	23982	4
8	44670	4
8	46677	4
8	46679	4
8	46680	4
8	46684	4
8	46693	4
8	46695	4
8	46696	4
8	46698	4
8	46699	4
9	23768	4
9	23858	4
9	23988	4
9	23989	4
9	23992	4
9	23993	4
9	23994	4
9	23995	4
9	23996	4
9	46702	4
9	46704	4
9	46705	4
9	46706	4
9	46708	4
9	46715	4
9	46717	4
9	46718	4
10	24000	4
10	46721	4
10	46723	4
10	46725	4
10	46726	4
10	46727	4
10	46728	4
10	46732	4
10	46733	4
10	46734	4
11	7	4
11	35	4
11	37	4
11	38	4
11	39	4
11	41	4
11	18829	4
11	18830	4
11	18831	4
11	18835	4
11	18836	4
11	18837	4
11	24008	4
11	24009	4
11	24011	4
11	24016	4
11	46525	4
11	46552	4
11	46556	4
11	46736	4
11	46737	4
11	46738	4
11	46745	4
11	46749	4
11	46751	4
11	46753	4
11	46754	4
11	46755	4
11	46762	4
11	46763	4
11	46766	4
11	46769	4
11	46772	4
11	46774	4
11	46775	4
11	46776	4
11	46777	4
11	46778	4
11	46779	4
11	46780	4
11	46782	4
11	46784	4
11	46786	4
11	46790	4
11	46792	4
11	46793	4
11	46794	4
11	46796	4
11	46799	4
11	46800	4
11	46801	4
11	46803	4
11	46805	4
11	46806	4
11	46807	4
11	46809	4
11	46810	4
11	46812	4
11	71242	4
11	71243	4
11	71244	4
11	71246	4
11	71247	4
11	71251	4
11	71252	4
11	71254	4
11	71256	4
12	23931	4
12	24023	4
12	24050	4
12	24052	4
12	24053	4
12	24054	4
12	24055	4
12	24057	4
12	24058	4
12	24060	4
12	24064	4
12	24065	4
12	24070	4
12	24072	4
12	24073	4
12	24075	4
12	24076	4
12	24077	4
12	24078	4
12	24079	4
12	46308	4
12	46410	4
12	46424	4
12	46830	4
12	46921	4
12	46923	4
12	46926	4
12	46927	4
12	46928	4
12	46930	4
12	46931	4
12	46932	4
12	46937	4
12	46944	4
12	46946	4
12	46948	4
12	46949	4
12	46950	4
12	71216	4
13	24085	4
13	24086	4
13	24089	4
13	46959	4
13	46960	4
13	46962	4
13	46963	4
13	46964	4
13	46965	4
13	46967	4
13	46969	4
14	45	4
14	7535	4
14	23871	4
14	24057	4
14	24093	4
14	24095	4
14	24096	4
14	24097	4
14	24098	4
14	24100	4
14	24102	4
14	24103	4
14	24104	4
14	24111	4
14	24112	4
14	24113	4
14	24116	4
14	24119	4
14	24121	4
14	46976	4
14	46977	4
14	46978	4
14	46980	4
14	46981	4
14	46984	4
14	46987	4
14	46988	4
14	71271	4
14	71272	4
14	71274	4
15	46	4
15	47	4
15	7537	4
15	15622	4
15	24122	4
15	24135	4
15	24136	4
15	24138	4
15	24145	4
15	24147	4
15	24148	4
15	24149	4
15	24160	4
15	24161	4
15	24163	4
15	24167	4
15	24168	4
15	24170	4
15	24171	4
15	24174	4
15	24175	4
15	24180	4
15	24181	4
15	24186	4
15	24187	4
15	24189	4
15	24191	4
15	24192	4
15	24195	4
15	24197	4
15	24198	4
15	24203	4
15	24204	4
15	24211	4
15	24212	4
15	46993	4
15	46994	4
15	47000	4
15	47002	4
15	47007	4
15	47014	4
15	47019	4
15	47021	4
15	47025	4
15	47029	4
15	47030	4
15	47031	4
15	47038	4
15	47039	4
15	47041	4
15	47043	4
15	47045	4
15	47047	4
15	47051	4
15	47054	4
15	47059	4
15	47067	4
15	47068	4
15	47069	4
15	47075	4
15	47076	4
15	47077	4
15	47078	4
15	47081	4
15	71276	4
15	71278	4
15	71279	4
15	71286	4
15	71287	4
16	50	4
16	51	4
16	7539	4
16	7540	4
16	24213	4
16	24216	4
16	24217	4
16	24218	4
16	24221	4
16	24223	4
16	24224	4
16	24228	4
16	24230	4
16	24233	4
16	24239	4
16	24240	4
16	24241	4
16	24243	4
16	24244	4
16	24245	4
16	24248	4
16	24250	4
16	24253	4
16	24256	4
16	24257	4
16	24260	4
16	24262	4
16	24263	4
16	46499	4
16	47083	4
16	47085	4
16	47086	4
16	47087	4
16	47088	4
16	47091	4
16	47094	4
16	47096	4
16	47097	4
16	47100	4
16	47102	4
16	47104	4
17	53	4
17	57	4
17	58	4
17	59	4
17	60	4
17	61	4
17	62	4
17	64	4
17	66	4
17	67	4
17	18854	4
17	18855	4
17	18857	4
17	23858	4
17	23914	4
17	24067	4
17	24076	4
17	24280	4
17	24281	4
17	24283	4
17	24285	4
17	24288	4
17	24289	4
17	24290	4
17	24292	4
17	24293	4
17	24296	4
17	24297	4
17	24299	4
17	24300	4
17	24301	4
17	24303	4
17	24304	4
17	24306	4
17	24307	4
17	46301	4
17	46305	4
17	46600	4
17	46605	4
17	46622	4
17	46935	4
17	46944	4
17	47117	4
17	47123	4
17	47124	4
17	47125	4
17	47126	4
17	47127	4
17	47128	4
17	47130	4
17	47131	4
17	47132	4
17	47133	4
17	47134	4
17	47136	4
17	47137	4
17	47138	4
17	47139	4
17	47140	4
17	47142	4
17	47143	4
17	47144	4
17	47148	4
17	47150	4
17	47152	4
17	47158	4
17	47161	4
17	47162	4
17	47163	4
17	47167	4
17	47168	4
17	47169	4
17	47170	4
17	47171	4
17	47172	4
17	47174	4
17	71294	4
17	71296	4
17	71297	4
17	71298	4
18	7545	4
18	24310	4
18	24311	4
18	24312	4
18	24313	4
18	24314	4
18	47179	4
19	23706	4
19	23927	4
19	24316	4
19	24320	4
19	24322	4
19	24326	4
19	24327	4
19	24328	4
19	24331	4
19	24332	4
19	24333	4
19	30176	4
19	46308	4
19	46469	4
19	46618	4
19	46628	4
19	46630	4
19	46635	4
19	46637	4
19	46838	4
19	46904	4
19	46944	4
19	46978	4
19	47151	4
19	47185	4
19	47186	4
19	47187	4
19	47188	4
19	47189	4
19	47191	4
19	47194	4
19	47196	4
19	47197	4
19	47199	4
19	47206	4
19	47207	4
19	47208	4
19	47211	4
19	47215	4
19	47216	4
19	47218	4
20	70	4
20	7503	4
20	18859	4
20	18860	4
20	23701	4
20	23770	4
20	24023	4
20	24069	4
20	24356	4
20	24363	4
20	24364	4
20	24367	4
20	24368	4
20	24372	4
20	24376	4
20	24380	4
20	24383	4
20	46334	4
20	46365	4
20	46708	4
20	46949	4
20	47186	4
20	47189	4
20	47209	4
20	47240	4
20	47241	4
20	47244	4
20	47245	4
20	47246	4
20	47250	4
20	47252	4
20	47253	4
20	47254	4
20	47256	4
20	47257	4
20	47259	4
20	47260	4
20	47266	4
20	47269	4
20	47271	4
20	47274	4
20	47278	4
20	47279	4
20	47283	4
20	47284	4
20	47289	4
20	47291	4
20	47295	4
20	47296	4
20	71305	4
20	71307	4
20	71308	4
20	71309	4
21	7561	4
21	7562	4
21	18818	4
21	18861	4
21	18862	4
21	18864	4
21	24390	4
21	24392	4
21	24393	4
21	24396	4
21	46531	4
21	46756	4
21	47017	4
21	47300	4
21	47301	4
21	47304	4
21	47308	4
21	47309	4
21	47314	4
21	47316	4
21	47318	4
21	47319	4
21	47320	4
21	47321	4
21	47328	4
21	47332	4
21	71311	4
21	71312	4
21	71313	4
21	71318	4
21	71319	4
21	71320	4
21	71324	4
21	71326	4
21	71327	4
21	71328	4
21	71331	4
21	71332	4
21	71334	4
21	71337	4
21	71341	4
21	71345	4
21	71347	4
21	71348	4
22	15624	4
22	23783	4
22	23802	4
22	23805	4
22	24074	4
22	24398	4
22	24399	4
22	24402	4
22	24404	4
22	24406	4
22	24408	4
22	24410	4
22	24411	4
22	24417	4
22	24419	4
22	24423	4
22	46572	4
22	46856	4
22	46925	4
22	47337	4
22	47338	4
22	47339	4
22	47343	4
22	47344	4
22	47347	4
22	47349	4
22	47355	4
22	47356	4
22	47358	4
22	47360	4
22	47361	4
22	47362	4
22	47363	4
22	47364	4
22	47367	4
22	47370	4
22	71244	4
22	71255	4
22	71352	4
22	71353	4
22	71354	4
22	71355	4
22	71357	4
22	71361	4
22	71363	4
22	71364	4
23	73	4
23	7564	4
23	23891	4
23	24425	4
23	24428	4
23	24429	4
23	24431	4
23	24434	4
23	24435	4
23	24441	4
23	24443	4
23	24445	4
23	24449	4
23	24450	4
23	47372	4
23	47378	4
23	47379	4
23	71371	4
24	7568	4
24	7569	4
24	23786	4
24	24457	4
24	24459	4
24	47387	4
24	47390	4
24	47392	4
25	7576	4
25	7578	4
25	24512	4
25	24515	4
25	46496	4
25	47456	4
25	47458	4
25	47459	4
25	47460	4
25	47463	4
25	47468	4
25	47469	4
25	71379	4
25	71381	4
25	71383	4
25	71385	4
25	71388	4
26	23716	4
26	23892	4
26	24139	4
26	24175	4
26	24465	4
26	24522	4
26	24526	4
26	24528	4
26	24530	4
26	24536	4
26	24537	4
26	24539	4
26	46369	4
26	47374	4
26	47470	4
26	47471	4
26	47472	4
26	47474	4
27	24438	4
27	24506	4
27	24540	4
27	24542	4
27	24545	4
27	24546	4
27	24547	4
27	24551	4
27	24553	4
27	24554	4
27	24555	4
27	24557	4
27	24558	4
27	46530	4
27	46980	4
27	47475	4
27	47477	4
27	47478	4
27	47479	4
27	47481	4
27	47484	4
27	47487	4
27	47490	4
27	47492	4
27	47494	4
27	71393	4
29	86	4
29	18871	4
29	24565	4
29	24567	4
29	47499	4
29	47500	4
29	47504	4
29	47505	4
29	47510	4
30	87	4
30	7583	4
30	24568	4
30	24569	4
30	24572	4
30	24576	4
30	24577	4
30	24578	4
30	24580	4
30	24583	4
30	24584	4
30	24585	4
30	24588	4
30	24589	4
30	24594	4
30	24595	4
30	24598	4
30	47511	4
30	47512	4
30	47516	4
30	47518	4
30	47520	4
30	47522	4
30	47523	4
30	47525	4
30	47526	4
30	47532	4
31	7	4
31	92	4
31	94	4
31	98	4
31	7588	4
31	15631	4
31	18873	4
31	18875	4
31	23889	4
31	24602	4
31	24603	4
31	24609	4
31	24610	4
31	24611	4
31	24618	4
31	24622	4
31	24624	4
31	24625	4
31	24628	4
31	24632	4
31	46450	4
31	46513	4
31	46516	4
31	46517	4
31	46529	4
31	46549	4
31	46673	4
31	46739	4
31	46790	4
31	47538	4
31	47541	4
31	47542	4
31	47544	4
31	47545	4
31	47549	4
31	47552	4
31	47556	4
31	47557	4
31	47558	4
31	47559	4
31	47562	4
31	47563	4
31	47564	4
31	47567	4
31	47568	4
31	47570	4
31	47574	4
31	47575	4
31	47578	4
31	47582	4
31	47584	4
31	47585	4
31	47586	4
31	47588	4
31	47590	4
31	47593	4
31	47594	4
31	47599	4
31	47600	4
31	47609	4
31	47611	4
31	47612	4
31	47614	4
31	47615	4
31	47617	4
31	71241	4
31	71249	4
31	71401	4
31	71402	4
31	71407	4
31	71411	4
31	71413	4
31	71417	4
31	71418	4
32	101	4
32	102	4
32	7590	4
32	7592	4
32	7594	4
32	24286	4
32	24634	4
32	24635	4
32	24637	4
32	24638	4
32	24642	4
32	24643	4
32	24647	4
32	24649	4
32	24650	4
32	24652	4
32	24653	4
32	24655	4
32	24657	4
32	24661	4
32	24667	4
32	24668	4
32	24669	4
32	24672	4
32	24675	4
32	24676	4
32	46301	4
32	46634	4
32	46939	4
32	47411	4
32	47620	4
32	47621	4
32	47623	4
32	47624	4
32	47629	4
32	47631	4
32	47634	4
32	47635	4
32	47636	4
32	47639	4
32	47645	4
32	47646	4
32	71427	4
32	71428	4
32	71431	4
32	71432	4
32	71433	4
33	47650	4
33	47651	4
34	23754	4
34	24031	4
34	24325	4
34	24332	4
34	24679	4
34	24681	4
34	24682	4
34	46305	4
34	46348	4
34	46469	4
34	46677	4
34	47215	4
34	47230	4
34	47443	4
34	47657	4
34	47658	4
34	47662	4
34	47663	4
34	47666	4
34	47670	4
34	47679	4
34	47680	4
35	112	4
35	113	4
36	54	4
36	114	4
36	116	4
36	119	4
36	122	4
36	126	4
36	7543	4
36	15637	4
36	15638	4
36	15639	4
36	18879	4
36	18887	4
36	18889	4
36	18893	4
36	18894	4
36	18899	4
36	23699	4
36	23701	4
36	23705	4
36	23757	4
36	23802	4
36	23861	4
36	23872	4
36	23880	4
36	23908	4
36	23914	4
36	23918	4
36	23920	4
36	23929	4
36	23936	4
36	23979	4
36	23993	4
36	24035	4
36	24036	4
36	24046	4
36	24058	4
36	24074	4
36	24293	4
36	24316	4
36	24325	4
36	24361	4
36	24362	4
36	24503	4
36	24528	4
36	24621	4
36	24650	4
36	24696	4
36	24699	4
36	24700	4
36	24704	4
36	24707	4
36	24710	4
36	24712	4
36	24717	4
36	24718	4
36	24720	4
36	24721	4
36	24723	4
36	24729	4
36	24731	4
36	24733	4
36	24734	4
36	24735	4
36	24736	4
36	24738	4
36	24740	4
36	24744	4
36	24745	4
36	24746	4
36	24748	4
36	24749	4
36	24751	4
36	24756	4
36	24757	4
36	24759	4
36	24760	4
36	24765	4
36	24766	4
36	24767	4
36	24770	4
36	24771	4
36	24772	4
36	24775	4
36	24776	4
36	24777	4
36	24779	4
36	24782	4
36	24783	4
36	24784	4
36	24785	4
36	24787	4
36	24789	4
36	24790	4
36	24795	4
36	24797	4
36	24799	4
36	24801	4
36	24805	4
36	24816	4
36	24818	4
36	24822	4
36	24826	4
36	24827	4
36	24829	4
36	24831	4
36	24833	4
36	24835	4
36	24838	4
36	24839	4
36	24844	4
36	24848	4
36	24850	4
36	24851	4
36	24852	4
36	24856	4
36	24859	4
36	24861	4
36	24864	4
36	24865	4
36	24870	4
36	24872	4
36	24875	4
36	24876	4
36	24879	4
36	24884	4
36	24885	4
36	24886	4
36	24889	4
36	24893	4
36	24895	4
36	24897	4
36	24899	4
36	24900	4
36	24902	4
36	24906	4
36	24907	4
36	24910	4
36	24915	4
36	24916	4
36	24922	4
36	24923	4
36	24934	4
36	24938	4
36	24942	4
36	24943	4
36	24944	4
36	24946	4
36	24947	4
36	24948	4
36	24949	4
36	24950	4
36	24953	4
36	24956	4
36	24957	4
36	24958	4
36	24961	4
36	24962	4
36	24963	4
36	24964	4
36	24966	4
36	24967	4
36	24970	4
36	24973	4
36	24974	4
36	24976	4
36	46301	4
36	46377	4
36	46404	4
36	46513	4
36	46709	4
36	46844	4
36	47268	4
36	47269	4
36	47370	4
36	47452	4
36	47467	4
36	47626	4
36	47634	4
36	47641	4
36	47660	4
36	47693	4
36	47701	4
36	47705	4
36	47709	4
36	47710	4
36	47714	4
36	47715	4
36	47717	4
36	47722	4
36	47723	4
36	47724	4
36	47726	4
36	47728	4
36	47729	4
36	47730	4
36	47733	4
36	47734	4
36	47738	4
36	47739	4
36	47747	4
36	47752	4
36	47753	4
36	47754	4
36	47757	4
36	47760	4
36	47761	4
36	47766	4
36	47767	4
36	47769	4
36	47771	4
36	47772	4
36	47774	4
36	47776	4
36	47780	4
36	47783	4
36	47787	4
36	47788	4
36	47789	4
36	47791	4
36	47795	4
36	47796	4
36	47797	4
36	47798	4
36	47799	4
36	47800	4
36	47802	4
36	47807	4
36	47808	4
36	47811	4
36	47813	4
36	47815	4
36	47818	4
36	47819	4
36	47821	4
36	47825	4
36	47826	4
36	47830	4
36	47832	4
36	47835	4
36	47836	4
36	47838	4
36	47839	4
36	47840	4
36	47841	4
36	47846	4
36	47850	4
36	47852	4
36	47853	4
36	71214	4
36	71265	4
36	71307	4
36	71441	4
36	71448	4
36	71452	4
36	71454	4
36	71462	4
36	71464	4
36	71476	4
36	71479	4
36	71483	4
36	71485	4
36	71495	4
36	71497	4
36	71499	4
37	128	4
37	129	4
37	24979	4
37	24980	4
37	24982	4
37	24983	4
37	24984	4
37	24986	4
37	24990	4
37	47859	4
37	47862	4
37	47863	4
37	47869	4
37	47871	4
37	47873	4
37	47875	4
37	47876	4
37	71511	4
37	71512	4
38	46298	4
38	47892	4
39	23818	4
39	25001	4
39	25002	4
39	25006	4
39	46517	4
39	46739	4
39	47897	4
39	47903	4
39	47904	4
39	47909	4
39	47915	4
39	47916	4
39	47917	4
39	47920	4
39	47921	4
39	47922	4
40	134	4
40	139	4
40	140	4
40	142	4
40	143	4
40	146	4
40	149	4
40	150	4
40	7612	4
40	7615	4
40	7616	4
40	7618	4
40	7621	4
40	7622	4
40	7623	4
40	7624	4
40	7625	4
40	7628	4
40	7631	4
40	7632	4
40	7634	4
40	7636	4
40	7638	4
40	7642	4
40	7644	4
40	15641	4
40	15642	4
40	15644	4
40	15645	4
40	15646	4
40	15647	4
40	15649	4
40	15651	4
40	18903	4
40	18904	4
40	18909	4
40	18917	4
40	18919	4
40	18920	4
40	18922	4
40	18923	4
40	18924	4
40	18925	4
40	18926	4
40	23948	4
40	24591	4
40	25019	4
40	25020	4
40	25032	4
40	25034	4
40	25045	4
40	44680	4
40	46517	4
40	47375	4
40	47554	4
40	47942	4
40	47945	4
40	47946	4
40	47948	4
40	47951	4
40	47952	4
40	47953	4
40	47957	4
40	47959	4
40	47960	4
40	47961	4
40	47963	4
40	47969	4
40	47970	4
40	47972	4
40	47975	4
40	47978	4
40	47979	4
40	47980	4
40	47981	4
40	48003	4
40	48008	4
40	48009	4
40	48011	4
40	48013	4
40	48019	4
40	48022	4
40	48029	4
40	48030	4
40	48033	4
40	48036	4
40	48038	4
40	48039	4
40	48040	4
40	48042	4
40	48044	4
40	48046	4
40	48047	4
40	48049	4
40	48055	4
40	71518	4
40	71521	4
40	71523	4
40	71524	4
40	71530	4
40	71537	4
40	71540	4
40	71545	4
40	71546	4
40	71548	4
40	71550	4
40	71551	4
40	71552	4
40	71553	4
41	46	4
41	15652	4
41	18923	4
41	18929	4
41	18933	4
41	18934	4
41	23914	4
41	24134	4
41	24263	4
41	24504	4
41	24562	4
41	24774	4
41	24865	4
41	24908	4
41	24954	4
41	24990	4
41	25050	4
41	25061	4
41	25063	4
41	25067	4
41	25071	4
41	25076	4
41	25082	4
41	25087	4
41	25090	4
41	25091	4
41	25095	4
41	25099	4
41	25101	4
41	46699	4
41	47025	4
41	47195	4
41	47933	4
41	48063	4
41	48065	4
41	48067	4
41	48068	4
41	48072	4
41	48074	4
41	48081	4
41	48083	4
41	48084	4
41	48089	4
41	48092	4
41	48093	4
41	48095	4
41	48097	4
41	48100	4
41	48103	4
41	48106	4
42	18936	4
42	18937	4
42	18939	4
42	25105	4
42	25110	4
42	25605	4
42	46309	4
42	48108	4
42	48109	4
42	48112	4
42	48113	4
42	48119	4
42	48120	4
42	48121	4
42	48122	4
42	48125	4
42	48128	4
42	48132	4
42	48133	4
42	48134	4
42	48135	4
42	48136	4
42	48137	4
42	71559	4
43	7650	4
43	18941	4
43	25137	4
43	25138	4
43	25141	4
43	44682	4
43	44683	4
43	48165	4
43	48168	4
43	48175	4
43	48178	4
43	48179	4
43	48182	4
43	48183	4
43	48184	4
43	71563	4
44	157	4
44	159	4
44	7654	4
44	7655	4
44	7657	4
44	7658	4
44	7660	4
44	7661	4
44	7662	4
44	7664	4
44	18923	4
44	18943	4
44	18945	4
44	18946	4
44	24122	4
44	24163	4
44	24170	4
44	24175	4
44	24573	4
44	25147	4
44	25151	4
44	25160	4
44	25162	4
44	25164	4
44	25167	4
44	25168	4
44	25169	4
44	25171	4
44	25173	4
44	25174	4
44	25176	4
44	25179	4
44	25180	4
44	25185	4
44	25188	4
44	25190	4
44	25193	4
44	25197	4
44	25198	4
44	46630	4
44	46975	4
44	46993	4
44	47002	4
44	47567	4
44	47858	4
44	48068	4
44	48090	4
44	48191	4
44	48192	4
44	48196	4
44	48199	4
44	48200	4
44	48201	4
44	48204	4
44	48205	4
44	48206	4
44	48210	4
44	48212	4
44	48214	4
44	48217	4
44	48219	4
44	48223	4
44	48224	4
44	48225	4
44	48228	4
44	48229	4
44	48230	4
44	48231	4
44	48233	4
44	48235	4
44	48236	4
44	48238	4
44	48239	4
44	48240	4
44	48242	4
44	48243	4
44	48244	4
44	48246	4
44	48249	4
44	48250	4
44	48252	4
44	48254	4
44	48258	4
44	48260	4
44	48261	4
44	48262	4
44	48266	4
44	48267	4
44	48269	4
44	71453	4
44	71564	4
44	71565	4
44	71566	4
44	71567	4
44	71568	4
44	71570	4
44	71578	4
44	71583	4
45	160	4
45	163	4
45	168	4
45	173	4
45	7668	4
45	7670	4
45	18942	4
45	25210	4
45	25212	4
45	25216	4
45	25219	4
45	25228	4
45	25229	4
45	25232	4
45	25233	4
45	25235	4
45	25236	4
45	25242	4
45	25245	4
45	25248	4
45	44685	4
45	46705	4
45	46986	4
45	48278	4
45	48279	4
45	48280	4
45	48283	4
45	48288	4
45	48289	4
45	48292	4
45	48294	4
45	48297	4
45	48300	4
45	48301	4
45	48308	4
45	48314	4
45	48316	4
45	48317	4
45	48320	4
45	48324	4
45	48326	4
45	48328	4
45	48330	4
45	48331	4
45	48337	4
45	48338	4
45	48339	4
45	48340	4
45	48346	4
45	48348	4
45	48351	4
45	48353	4
45	71592	4
45	71597	4
45	71602	4
46	23929	4
46	25250	4
46	48355	4
47	7675	4
47	7676	4
47	7677	4
47	7679	4
47	18956	4
47	23967	4
47	24357	4
47	24647	4
47	24701	4
47	24797	4
47	24926	4
47	25266	4
47	25271	4
47	25273	4
47	25274	4
47	25278	4
47	25280	4
47	25283	4
47	25284	4
47	25285	4
47	25287	4
47	25290	4
47	25292	4
47	25297	4
47	25300	4
47	25301	4
47	47420	4
47	47424	4
47	48067	4
47	48366	4
47	48368	4
47	48371	4
47	48372	4
47	48373	4
47	48374	4
47	48375	4
47	48376	4
47	48377	4
47	48379	4
47	48380	4
47	48383	4
47	48385	4
47	48386	4
47	48387	4
47	48388	4
47	48391	4
47	48393	4
47	48394	4
47	48395	4
47	48398	4
47	48408	4
47	48409	4
47	48413	4
47	48415	4
47	48416	4
47	48418	4
47	48421	4
47	71606	4
47	71608	4
47	71610	4
47	71611	4
48	178	4
48	179	4
48	180	4
48	181	4
48	183	4
48	184	4
48	7682	4
48	7684	4
48	7685	4
48	18872	4
48	18961	4
48	18962	4
48	24115	4
48	24175	4
48	24629	4
48	25319	4
48	25321	4
48	25322	4
48	25324	4
48	25331	4
48	25332	4
48	25333	4
48	25334	4
48	25337	4
48	25342	4
48	25344	4
48	25349	4
48	25350	4
48	25353	4
48	25355	4
48	25358	4
48	25359	4
48	25361	4
48	25362	4
48	25365	4
48	25366	4
48	25367	4
48	25368	4
48	47309	4
48	48143	4
48	48256	4
48	48455	4
48	48456	4
48	48457	4
48	48458	4
48	48460	4
48	48461	4
48	48462	4
48	48464	4
48	48467	4
48	48468	4
48	48473	4
48	48478	4
48	48479	4
48	48481	4
48	48482	4
48	48489	4
48	48492	4
48	48495	4
48	48497	4
48	48498	4
48	48499	4
48	48500	4
48	48503	4
48	48504	4
48	48505	4
48	48509	4
48	48511	4
48	48512	4
48	48513	4
48	48514	4
48	48520	4
48	48521	4
48	48523	4
48	48524	4
48	48527	4
48	71265	4
48	71614	4
48	71618	4
48	71619	4
49	185	4
50	65	4
50	7688	4
50	23690	4
50	23993	4
50	24296	4
50	24364	4
50	24757	4
50	24795	4
50	25258	4
50	25382	4
50	25383	4
50	25385	4
50	25387	4
50	25388	4
50	25391	4
50	25393	4
50	25396	4
50	25397	4
50	25398	4
50	25399	4
50	25400	4
50	25401	4
50	25405	4
50	25406	4
50	25408	4
50	25413	4
50	25415	4
50	25416	4
50	25417	4
50	46589	4
50	46928	4
50	47799	4
50	47879	4
50	48447	4
50	48536	4
50	48538	4
50	48542	4
50	48543	4
50	48544	4
50	48545	4
50	48548	4
50	48551	4
50	48555	4
50	48556	4
50	48561	4
50	71621	4
50	71622	4
51	7689	4
51	25421	4
51	25422	4
51	25423	4
51	25426	4
51	25429	4
51	25430	4
51	25431	4
51	25432	4
51	48566	4
51	48571	4
52	188	4
52	7693	4
52	24274	4
52	25434	4
52	25435	4
52	25437	4
52	25439	4
52	46329	4
52	46467	4
52	46908	4
52	46915	4
52	48573	4
52	48578	4
52	48579	4
52	48581	4
52	48582	4
52	48584	4
53	189	4
53	23801	4
53	23903	4
53	23927	4
53	24028	4
53	24354	4
53	24367	4
53	24370	4
53	24456	4
53	24735	4
53	25207	4
53	25318	4
53	25446	4
53	25447	4
53	25449	4
53	25451	4
53	25454	4
53	25457	4
53	25459	4
53	25460	4
53	46308	4
53	46417	4
53	46472	4
53	46597	4
53	46617	4
53	46618	4
53	46771	4
53	46838	4
53	46841	4
53	46860	4
53	46904	4
53	46937	4
53	46988	4
53	47136	4
53	47217	4
53	47269	4
53	47289	4
53	47376	4
53	48433	4
53	48597	4
53	48601	4
53	48603	4
53	48604	4
53	48605	4
53	48606	4
53	48607	4
53	48608	4
53	48609	4
53	48614	4
53	48618	4
53	48621	4
53	48623	4
53	71625	4
54	89	4
54	190	4
54	18967	4
54	23783	4
54	23786	4
54	23862	4
54	23882	4
54	23891	4
54	23895	4
54	24404	4
54	24514	4
54	24537	4
54	24715	4
54	24788	4
54	25467	4
54	25469	4
54	25471	4
54	25472	4
54	25473	4
54	25475	4
54	25477	4
54	25479	4
54	25480	4
54	25482	4
54	25483	4
54	25485	4
54	25487	4
54	25489	4
54	25493	4
54	25494	4
54	25500	4
54	25501	4
54	25502	4
54	46557	4
54	47344	4
54	47350	4
54	47708	4
54	47849	4
54	47916	4
54	48635	4
54	48636	4
54	48637	4
54	48638	4
54	48639	4
54	48640	4
54	48642	4
54	48643	4
54	48644	4
54	48653	4
54	48655	4
54	48656	4
54	48657	4
54	48658	4
54	48659	4
54	48660	4
54	71226	4
54	71385	4
54	71628	4
54	71629	4
55	195	4
55	25503	4
55	48664	4
55	48665	4
56	7700	4
56	25520	4
56	25522	4
56	25524	4
56	25527	4
56	48671	4
56	48674	4
57	23782	4
57	24622	4
57	24932	4
57	25530	4
57	25535	4
57	25537	4
57	25538	4
57	25539	4
57	25542	4
57	25544	4
57	25546	4
57	46594	4
57	47334	4
57	47477	4
57	47569	4
57	48134	4
57	48654	4
57	48676	4
57	48677	4
57	48679	4
57	48680	4
57	48683	4
57	48684	4
57	48686	4
57	48687	4
57	48689	4
57	48690	4
57	48697	4
57	48701	4
57	48707	4
58	199	4
58	23870	4
58	24197	4
58	25556	4
58	25557	4
58	25559	4
58	25561	4
58	47053	4
58	48721	4
58	48733	4
58	48735	4
58	48737	4
58	48738	4
58	48745	4
58	48748	4
58	71637	4
58	71639	4
58	71641	4
58	71645	4
59	23757	4
59	23858	4
59	24274	4
59	25063	4
59	25434	4
59	25566	4
59	25567	4
59	25568	4
59	25569	4
59	25570	4
59	25575	4
59	25577	4
59	25579	4
59	25583	4
59	25585	4
59	25588	4
59	25589	4
59	25590	4
59	25591	4
59	25593	4
59	25594	4
59	25595	4
59	46315	4
59	46432	4
59	46472	4
59	46601	4
59	46618	4
59	46912	4
59	47199	4
59	47240	4
59	47289	4
59	48651	4
59	48758	4
59	48761	4
59	48763	4
59	48766	4
59	48769	4
59	48774	4
59	48775	4
59	48776	4
59	48777	4
59	48778	4
59	48783	4
59	48785	4
59	48787	4
59	48789	4
59	48793	4
59	48795	4
59	71216	4
59	71647	4
59	71650	4
59	71651	4
59	71652	4
60	202	4
60	23701	4
60	23706	4
60	23802	4
60	23923	4
60	23926	4
60	24370	4
60	24771	4
60	24865	4
60	24893	4
60	25099	4
60	25205	4
60	25206	4
60	25317	4
60	25550	4
60	25599	4
60	25602	4
60	25603	4
60	25604	4
60	25606	4
60	25611	4
60	25613	4
60	25616	4
60	25621	4
60	46393	4
60	46410	4
60	46634	4
60	46834	4
60	46919	4
60	46928	4
60	47215	4
60	47764	4
60	47809	4
60	48796	4
60	48798	4
60	48799	4
60	48801	4
60	48803	4
60	48804	4
60	48806	4
60	48807	4
60	48809	4
60	48810	4
60	48817	4
60	48823	4
60	48827	4
60	48828	4
60	48832	4
60	48834	4
60	48835	4
60	71653	4
60	71654	4
60	71655	4
61	199	4
61	205	4
61	207	4
61	210	4
61	211	4
61	212	4
61	214	4
61	217	4
61	18979	4
61	18980	4
61	18981	4
61	18983	4
61	23735	4
61	24208	4
61	24539	4
61	24629	4
61	25217	4
61	25230	4
61	25527	4
61	25562	4
61	25643	4
61	25659	4
61	25660	4
61	25661	4
61	25663	4
61	25664	4
61	25676	4
61	25677	4
61	25682	4
61	25684	4
61	25689	4
61	25693	4
61	25694	4
61	25699	4
61	25701	4
61	25705	4
61	25706	4
61	25707	4
61	46298	4
61	46737	4
61	47042	4
61	48144	4
61	48225	4
61	48336	4
61	48340	4
61	48495	4
61	48725	4
61	48895	4
61	48896	4
61	48897	4
61	48898	4
61	48904	4
61	48909	4
61	48912	4
61	48915	4
61	48917	4
61	48919	4
61	48921	4
61	48922	4
61	48924	4
61	48925	4
61	48927	4
61	48936	4
61	48937	4
61	48938	4
61	48939	4
61	48941	4
61	48942	4
61	48944	4
61	48945	4
61	48947	4
61	48952	4
61	48955	4
61	48956	4
61	48961	4
61	48967	4
61	48971	4
61	48973	4
61	48974	4
61	48975	4
61	48978	4
61	48980	4
61	48982	4
61	48983	4
61	48984	4
61	48985	4
61	48989	4
61	48991	4
61	48992	4
61	48995	4
61	48997	4
61	48998	4
61	48999	4
61	49000	4
61	49005	4
61	49006	4
61	49011	4
61	49012	4
61	49017	4
61	49018	4
61	49020	4
61	49021	4
61	49023	4
61	49024	4
61	49025	4
61	49026	4
61	49027	4
61	49029	4
61	49033	4
61	49037	4
61	49038	4
61	49040	4
61	49041	4
61	49042	4
61	49045	4
61	49046	4
61	49048	4
61	49054	4
61	49057	4
61	49064	4
61	49065	4
61	49068	4
61	49069	4
61	49071	4
61	49072	4
61	49073	4
61	49077	4
61	49080	4
61	49081	4
61	71202	4
61	71406	4
61	71672	4
61	71676	4
61	71679	4
61	71686	4
61	71689	4
61	71698	4
61	71703	4
62	221	4
62	222	4
62	7709	4
62	7710	4
62	7712	4
62	15636	4
62	15664	4
62	18984	4
62	18985	4
62	23754	4
62	23993	4
62	24023	4
62	24058	4
62	24293	4
62	24441	4
62	24673	4
62	24714	4
62	24863	4
62	24887	4
62	25614	4
62	25712	4
62	25715	4
62	25717	4
62	25718	4
62	25720	4
62	25722	4
62	25725	4
62	25726	4
62	25727	4
62	25731	4
62	25734	4
62	46461	4
62	47151	4
62	47199	4
62	47666	4
62	49087	4
62	49092	4
62	49093	4
62	49094	4
62	49095	4
62	49098	4
62	71433	4
62	71624	4
62	71704	4
62	71705	4
63	18818	4
63	23970	4
63	23976	4
63	23982	4
63	25738	4
63	25741	4
63	25742	4
63	25744	4
63	49099	4
63	49104	4
63	49109	4
63	71706	4
63	71708	4
63	71709	4
63	71712	4
63	71715	4
63	71718	4
64	230	4
64	7714	4
64	23856	4
64	23873	4
64	24147	4
64	24158	4
64	24165	4
64	24207	4
64	25228	4
64	25236	4
64	25337	4
64	25344	4
64	25527	4
64	25692	4
64	25747	4
64	25750	4
64	25752	4
64	25753	4
64	25755	4
64	25757	4
64	25759	4
64	25760	4
64	25761	4
64	25763	4
64	25765	4
64	25766	4
64	25769	4
64	25771	4
64	25774	4
64	25775	4
64	25776	4
64	25777	4
64	25778	4
64	46956	4
64	47040	4
64	47053	4
64	47066	4
64	48279	4
64	48308	4
64	48340	4
64	48899	4
64	49019	4
64	49036	4
64	49115	4
64	49116	4
64	49117	4
64	49120	4
64	49121	4
64	49122	4
64	49125	4
64	49126	4
64	49129	4
64	49131	4
64	49132	4
64	49134	4
64	49135	4
64	49136	4
64	49138	4
64	49139	4
64	49144	4
64	49147	4
64	49150	4
64	49151	4
64	49152	4
64	49153	4
64	49155	4
64	49157	4
64	49158	4
64	71723	4
65	16	4
65	239	4
65	7715	4
65	7716	4
65	7718	4
65	18894	4
65	18990	4
65	24245	4
65	24321	4
65	24357	4
65	24383	4
65	24647	4
65	24797	4
65	24968	4
65	25369	4
65	25451	4
65	25743	4
65	25745	4
65	25781	4
65	25782	4
65	25784	4
65	25790	4
65	25793	4
65	25794	4
65	25799	4
65	25800	4
65	25801	4
65	25803	4
65	25807	4
65	25810	4
65	25814	4
65	25815	4
65	25817	4
65	25818	4
65	25819	4
65	25825	4
65	25829	4
65	46301	4
65	46326	4
65	46457	4
65	46589	4
65	46608	4
65	46618	4
65	46904	4
65	46936	4
65	46985	4
65	47285	4
65	47426	4
65	47443	4
65	47660	4
65	47681	4
65	48067	4
65	48326	4
65	48770	4
65	49102	4
65	49109	4
65	49161	4
65	49162	4
65	49166	4
65	49167	4
65	49168	4
65	49174	4
65	49175	4
65	49177	4
65	49178	4
65	49179	4
65	49181	4
65	49183	4
65	49184	4
65	49189	4
65	49193	4
65	49194	4
65	49197	4
65	49198	4
65	49200	4
65	49201	4
65	49202	4
65	49203	4
65	49205	4
65	49206	4
65	49208	4
65	49211	4
65	49212	4
65	49213	4
65	49214	4
65	49215	4
65	49217	4
65	49218	4
65	49223	4
65	49224	4
65	49225	4
65	49233	4
65	49237	4
65	49238	4
65	49241	4
65	49242	4
65	49243	4
65	49248	4
65	49250	4
65	49251	4
65	49252	4
65	49254	4
65	49255	4
65	49258	4
65	49260	4
65	71344	4
65	71636	4
65	71724	4
65	71725	4
66	241	4
66	23880	4
66	23945	4
66	25836	4
66	25837	4
66	25839	4
66	25840	4
66	25841	4
66	25842	4
66	46860	4
66	48541	4
66	49266	4
66	49267	4
67	243	4
67	18991	4
67	25847	4
67	25850	4
67	25851	4
67	46499	4
67	48728	4
67	48994	4
67	49279	4
67	49281	4
67	49282	4
67	49283	4
67	49285	4
67	49290	4
67	49293	4
68	144	4
68	244	4
68	245	4
68	246	4
68	248	4
68	249	4
68	250	4
68	251	4
68	7721	4
68	7722	4
68	18936	4
68	18993	4
68	18994	4
68	18997	4
68	18998	4
68	18999	4
68	24378	4
68	24628	4
68	25144	4
68	25673	4
68	25854	4
68	25856	4
68	25857	4
68	25858	4
68	25860	4
68	25861	4
68	25863	4
68	25866	4
68	25868	4
68	25871	4
68	46486	4
68	46489	4
68	46513	4
68	46516	4
68	46551	4
68	46577	4
68	46785	4
68	47318	4
68	47341	4
68	47465	4
68	47545	4
68	47571	4
68	47573	4
68	47581	4
68	47899	4
68	48279	4
68	48318	4
68	48642	4
68	48685	4
68	48695	4
68	49279	4
68	49287	4
68	49294	4
68	49296	4
68	49297	4
68	49298	4
68	49300	4
68	49301	4
68	49303	4
68	49304	4
68	49305	4
68	49307	4
68	49308	4
68	49310	4
68	49312	4
68	49313	4
68	49314	4
68	49315	4
68	49316	4
68	49319	4
68	49322	4
68	49325	4
68	49327	4
68	49328	4
68	49332	4
68	49333	4
68	49335	4
68	49338	4
68	49339	4
68	49342	4
68	49343	4
68	49347	4
68	49348	4
68	49349	4
68	49350	4
68	49351	4
68	49352	4
68	49353	4
68	49354	4
68	49355	4
68	49357	4
68	49364	4
68	49366	4
68	49368	4
68	49370	4
68	49371	4
68	49374	4
68	49375	4
68	49376	4
68	49378	4
68	49380	4
68	49381	4
68	49382	4
68	49383	4
68	49386	4
68	49387	4
68	49388	4
68	49390	4
68	49393	4
68	49394	4
68	49396	4
68	49397	4
68	49398	4
68	49399	4
68	49401	4
68	49402	4
68	49403	4
68	49405	4
68	71732	4
68	71733	4
68	71734	4
68	71735	4
68	71736	4
68	71740	4
68	71742	4
68	71743	4
68	71744	4
68	71745	4
68	71746	4
68	71748	4
68	71752	4
68	71753	4
69	102	4
69	7723	4
69	19002	4
69	23787	4
69	23871	4
69	24056	4
69	24069	4
69	24286	4
69	24690	4
69	24888	4
69	24945	4
69	25873	4
69	25874	4
69	25876	4
69	25877	4
69	25884	4
69	25885	4
69	25886	4
69	25887	4
69	25888	4
69	25890	4
69	46367	4
69	47136	4
69	47267	4
69	48274	4
69	48530	4
69	48591	4
69	49407	4
69	49408	4
69	49411	4
69	49412	4
69	49413	4
69	49414	4
69	71758	4
70	7725	4
70	19009	4
70	25364	4
70	25892	4
70	25912	4
70	25918	4
70	46749	4
70	48935	4
70	49004	4
70	49018	4
70	49020	4
70	49063	4
70	49274	4
70	49420	4
70	49428	4
70	49433	4
70	49438	4
70	49439	4
70	49442	4
70	49444	4
70	49445	4
70	49447	4
70	49449	4
70	49465	4
70	49466	4
70	49467	4
70	49470	4
70	49472	4
70	49475	4
70	49481	4
70	71763	4
70	71769	4
70	71770	4
71	7727	4
71	7729	4
71	19013	4
71	19014	4
71	23746	4
71	24135	4
71	24163	4
71	24461	4
71	25463	4
71	25526	4
71	25676	4
71	25923	4
71	25924	4
71	25926	4
71	25927	4
71	25929	4
71	25930	4
71	25931	4
71	25933	4
71	25934	4
71	25935	4
71	25936	4
71	25937	4
71	25942	4
71	25947	4
71	25949	4
71	25954	4
71	25955	4
71	25956	4
71	25957	4
71	25960	4
71	25963	4
71	25964	4
71	25966	4
71	25967	4
71	25969	4
71	25973	4
71	30475	4
71	46620	4
71	47001	4
71	47002	4
71	47218	4
71	48230	4
71	48487	4
71	49243	4
71	49483	4
71	49485	4
71	49486	4
71	49488	4
71	49490	4
71	49493	4
71	49495	4
71	49496	4
71	49497	4
71	49498	4
71	49499	4
71	49500	4
71	49501	4
71	49505	4
71	49506	4
71	49507	4
71	49508	4
71	49509	4
71	49510	4
71	49516	4
72	269	4
72	270	4
72	271	4
72	7731	4
72	18812	4
72	18917	4
72	24213	4
72	24223	4
72	24225	4
72	24262	4
72	24522	4
72	25091	4
72	25982	4
72	25984	4
72	25988	4
72	25991	4
72	25992	4
72	25997	4
72	26000	4
72	26003	4
72	26005	4
72	26006	4
72	26007	4
72	26009	4
72	26013	4
72	26014	4
72	26016	4
72	26020	4
72	26021	4
72	49520	4
72	49521	4
72	49523	4
72	49525	4
72	49529	4
72	49531	4
72	49534	4
72	49536	4
72	49537	4
72	49538	4
72	49539	4
72	49541	4
72	49542	4
72	49544	4
72	49549	4
72	49550	4
72	49552	4
72	49553	4
72	49554	4
72	49556	4
72	49557	4
72	71772	4
72	71775	4
73	24079	4
73	24274	4
73	25437	4
73	25603	4
73	26026	4
73	26027	4
73	46359	4
73	46618	4
73	47660	4
73	49561	4
73	49563	4
73	49569	4
74	19029	4
74	23899	4
74	23943	4
74	24009	4
74	24120	4
74	24164	4
74	25471	4
74	25543	4
74	26032	4
74	26036	4
74	26044	4
74	26049	4
74	26050	4
74	26051	4
74	46764	4
74	46799	4
74	47923	4
74	48677	4
74	48684	4
74	49361	4
74	49575	4
74	49579	4
74	49580	4
74	49583	4
74	49584	4
74	49590	4
74	49593	4
74	49594	4
74	71777	4
75	278	4
75	24148	4
75	26056	4
75	48321	4
75	48340	4
75	49158	4
75	49596	4
75	49601	4
75	49606	4
75	49608	4
75	49610	4
75	49612	4
75	49615	4
75	49616	4
75	49617	4
75	49621	4
76	26062	4
76	26063	4
76	30176	4
76	47212	4
77	283	4
77	15671	4
77	23787	4
77	24057	4
77	24465	4
77	24785	4
77	25124	4
77	25887	4
77	26068	4
77	26072	4
77	26074	4
77	26075	4
77	26080	4
77	26081	4
77	26082	4
77	26083	4
77	26086	4
77	46360	4
77	46367	4
77	46437	4
77	46616	4
77	46710	4
77	46919	4
77	47284	4
77	47702	4
77	47764	4
77	48371	4
77	49090	4
77	49625	4
77	49626	4
77	49630	4
77	49631	4
77	49632	4
77	49639	4
77	49644	4
77	49650	4
77	49651	4
77	49654	4
77	71780	4
78	43	4
78	185	4
78	288	4
78	7749	4
78	7750	4
78	15675	4
78	15678	4
78	18818	4
78	19037	4
78	19038	4
78	23702	4
78	23889	4
78	24076	4
78	24286	4
78	24425	4
78	24632	4
78	24689	4
78	24857	4
78	25033	4
78	25095	4
78	25145	4
78	25460	4
78	25471	4
78	25880	4
78	26102	4
78	26103	4
78	26111	4
78	26118	4
78	26120	4
78	26121	4
78	26122	4
78	26124	4
78	46312	4
78	46326	4
78	46343	4
78	46367	4
78	46413	4
78	46467	4
78	46525	4
78	46544	4
78	46594	4
78	46616	4
78	46617	4
78	46620	4
78	46904	4
78	46951	4
78	47115	4
78	47169	4
78	47199	4
78	47219	4
78	47246	4
78	47364	4
78	47461	4
78	47483	4
78	47558	4
78	47633	4
78	47642	4
78	48185	4
78	48435	4
78	48541	4
78	48550	4
78	48581	4
78	48660	4
78	48769	4
78	48803	4
78	48804	4
78	48807	4
78	48824	4
78	48825	4
78	48829	4
78	49676	4
78	49682	4
78	49683	4
78	49687	4
78	49689	4
78	49705	4
78	49707	4
78	49710	4
78	49716	4
78	49718	4
78	49720	4
78	49729	4
78	49732	4
78	49733	4
78	49734	4
78	49735	4
78	49739	4
78	49745	4
78	49751	4
78	49752	4
78	49757	4
78	49761	4
78	49764	4
78	49770	4
78	49772	4
78	49773	4
78	49775	4
78	49776	4
78	49777	4
78	49778	4
78	49781	4
78	71359	4
78	71407	4
78	71465	4
78	71611	4
78	71636	4
78	71784	4
78	71792	4
78	71801	4
78	71803	4
78	71810	4
78	71811	4
78	71814	4
78	71815	4
79	202	4
79	19041	4
79	23706	4
79	23765	4
79	23793	4
79	23858	4
79	24364	4
79	24689	4
79	24719	4
79	25603	4
79	26125	4
79	26127	4
79	47215	4
79	47657	4
79	47666	4
79	48606	4
79	49783	4
79	49784	4
79	49788	4
79	49792	4
79	49793	4
79	49795	4
79	49797	4
80	23802	4
80	24032	4
80	24779	4
80	25459	4
80	25878	4
80	26142	4
80	26143	4
80	26144	4
80	26145	4
80	26146	4
80	26151	4
80	26152	4
80	47289	4
80	49803	4
80	49804	4
80	49806	4
80	49808	4
80	49812	4
80	49816	4
80	49819	4
80	49821	4
80	49824	4
80	49826	4
80	49827	4
80	49828	4
80	49829	4
80	49832	4
80	49833	4
80	49836	4
80	71825	4
81	294	4
81	23706	4
81	23923	4
81	23929	4
81	24066	4
81	26114	4
81	26164	4
81	26165	4
81	26169	4
81	46457	4
81	46604	4
81	46723	4
81	46731	4
81	46860	4
81	48807	4
81	49701	4
81	49739	4
81	49761	4
81	49855	4
81	49860	4
81	49862	4
81	49864	4
81	49868	4
81	49869	4
81	49870	4
81	49875	4
81	49876	4
81	49877	4
81	49878	4
81	49879	4
81	49884	4
81	49886	4
81	49887	4
81	49891	4
81	49896	4
81	71827	4
81	71828	4
81	71830	4
82	18946	4
82	24278	4
82	26171	4
82	26175	4
82	26177	4
82	47590	4
82	49899	4
82	49900	4
82	49902	4
82	49907	4
82	49911	4
83	175	4
83	297	4
83	299	4
83	300	4
83	301	4
83	302	4
83	305	4
83	306	4
83	307	4
83	7758	4
83	18848	4
83	19044	4
83	19045	4
83	19047	4
83	19050	4
83	19056	4
83	19057	4
83	19059	4
83	19060	4
83	19063	4
83	19064	4
83	24086	4
83	24491	4
83	25299	4
83	25572	4
83	25745	4
83	25784	4
83	25989	4
83	26006	4
83	26194	4
83	26199	4
83	26201	4
83	26209	4
83	26210	4
83	26211	4
83	26213	4
83	26214	4
83	26218	4
83	26219	4
83	26221	4
83	26226	4
83	46947	4
83	47746	4
83	48411	4
83	49244	4
83	49912	4
83	49913	4
83	49920	4
83	49924	4
83	49925	4
83	49929	4
83	49930	4
83	49933	4
83	49934	4
83	49940	4
83	49943	4
83	49944	4
83	49949	4
83	49950	4
83	49952	4
83	49960	4
83	49962	4
83	49964	4
83	49966	4
83	49971	4
83	71836	4
83	71842	4
83	71843	4
83	71846	4
84	309	4
84	310	4
84	311	4
84	312	4
84	24163	4
84	25563	4
84	26228	4
84	26231	4
84	44687	4
84	46298	4
84	48230	4
84	48279	4
84	48912	4
84	48926	4
84	48973	4
84	48984	4
84	49006	4
84	49155	4
84	49983	4
84	49984	4
84	49986	4
84	49987	4
84	49988	4
84	49990	4
84	49991	4
84	49992	4
84	49994	4
84	49995	4
84	49996	4
84	49997	4
84	49999	4
84	50002	4
84	50003	4
84	50005	4
84	50006	4
84	50009	4
84	50011	4
84	71677	4
84	71853	4
85	222	4
85	313	4
85	314	4
85	315	4
85	18825	4
85	23698	4
85	23707	4
85	23716	4
85	23858	4
85	23991	4
85	24058	4
85	24274	4
85	24280	4
85	24293	4
85	24325	4
85	24382	4
85	24656	4
85	24663	4
85	24758	4
85	24784	4
85	24801	4
85	24871	4
85	24899	4
85	24901	4
85	24909	4
85	24914	4
85	24967	4
85	24977	4
85	25095	4
85	25098	4
85	25877	4
85	25884	4
85	26084	4
85	26116	4
85	26237	4
85	26238	4
85	26239	4
85	26242	4
85	26245	4
85	26247	4
85	26248	4
85	26250	4
85	26251	4
85	26253	4
85	26260	4
85	26262	4
85	26263	4
85	26265	4
85	26266	4
85	26267	4
85	26268	4
85	26269	4
85	26270	4
85	26273	4
85	26276	4
85	46301	4
85	46429	4
85	46438	4
85	46467	4
85	46634	4
85	46988	4
85	47115	4
85	47211	4
85	47250	4
85	47733	4
85	47745	4
85	47819	4
85	47839	4
85	48385	4
85	48540	4
85	49683	4
85	49788	4
85	49892	4
85	50017	4
85	50020	4
85	50022	4
85	50026	4
85	50028	4
85	50029	4
85	50031	4
85	50032	4
85	50033	4
85	50034	4
85	50035	4
85	50036	4
85	50039	4
85	50040	4
85	50043	4
85	50044	4
85	50046	4
85	50048	4
86	46808	4
86	50052	4
86	50054	4
86	50055	4
86	50057	4
86	50058	4
86	50062	4
86	71228	4
86	71856	4
87	144	4
87	319	4
87	324	4
87	325	4
87	330	4
87	332	4
87	333	4
87	334	4
87	335	4
87	336	4
87	337	4
87	339	4
87	7586	4
87	7764	4
87	7766	4
87	15682	4
87	15684	4
87	18826	4
87	18923	4
87	18942	4
87	19069	4
87	19070	4
87	19071	4
87	19073	4
87	19074	4
87	19075	4
87	19077	4
87	19078	4
87	19080	4
87	23861	4
87	23865	4
87	24094	4
87	24385	4
87	24405	4
87	24997	4
87	25001	4
87	25046	4
87	25996	4
87	26155	4
87	26287	4
87	26288	4
87	26291	4
87	26294	4
87	26295	4
87	26296	4
87	26297	4
87	26300	4
87	26307	4
87	26308	4
87	26319	4
87	26322	4
87	26323	4
87	26324	4
87	26328	4
87	26331	4
87	26333	4
87	26335	4
87	26337	4
87	26345	4
87	26349	4
87	26350	4
87	26351	4
87	26365	4
87	46516	4
87	46529	4
87	46537	4
87	46541	4
87	46550	4
87	46554	4
87	47365	4
87	47479	4
87	47593	4
87	47870	4
87	47919	4
87	47949	4
87	48222	4
87	49361	4
87	49373	4
87	50064	4
87	50065	4
87	50066	4
87	50067	4
87	50074	4
87	50075	4
87	50077	4
87	50079	4
87	50081	4
87	50084	4
87	50086	4
87	50088	4
87	50095	4
87	50099	4
87	50100	4
87	50105	4
87	50108	4
87	50109	4
87	50114	4
87	50116	4
87	50118	4
87	50119	4
87	50126	4
87	50130	4
87	50133	4
87	50134	4
87	50137	4
87	50139	4
87	50140	4
87	50142	4
87	50145	4
87	50148	4
87	50154	4
87	50155	4
87	50158	4
87	50159	4
87	50160	4
87	50161	4
87	50164	4
87	50165	4
87	50176	4
87	50180	4
87	50186	4
87	50189	4
87	50190	4
87	50192	4
87	50194	4
87	50195	4
87	50197	4
87	50209	4
87	71323	4
87	71416	4
87	71744	4
87	71860	4
87	71861	4
87	71864	4
87	71867	4
87	71872	4
87	71875	4
87	71877	4
87	71882	4
87	71888	4
87	71893	4
87	71894	4
87	71898	4
87	71899	4
87	71902	4
87	71904	4
87	71905	4
87	71907	4
87	71909	4
87	71910	4
87	71912	4
87	71918	4
87	71920	4
87	71922	4
87	71923	4
87	71925	4
88	341	4
88	7778	4
88	19020	4
88	26375	4
88	26379	4
88	26381	4
88	26386	4
88	26388	4
88	26389	4
88	26390	4
88	26392	4
88	26394	4
88	48127	4
88	49492	4
88	50222	4
88	50225	4
88	50226	4
88	50227	4
88	50231	4
88	50232	4
88	50243	4
88	50244	4
88	50245	4
88	50247	4
88	50249	4
88	50253	4
88	50255	4
88	50261	4
88	71935	4
89	26399	4
89	26400	4
89	47370	4
89	47372	4
89	50264	4
89	50266	4
89	50268	4
90	16	4
90	24503	4
90	26435	4
90	46332	4
90	46472	4
90	47627	4
90	49819	4
90	50289	4
90	50291	4
90	50293	4
90	50294	4
90	50295	4
90	50298	4
90	50301	4
90	50302	4
90	50303	4
91	347	4
91	348	4
91	19085	4
91	19086	4
91	26440	4
91	26442	4
91	26443	4
91	26445	4
91	50330	4
91	50332	4
91	50335	4
91	50336	4
91	50337	4
91	50341	4
91	50342	4
91	50344	4
91	50347	4
91	50350	4
91	50351	4
91	50352	4
91	50353	4
91	50358	4
91	50361	4
91	50363	4
91	71950	4
91	71953	4
91	71955	4
91	71956	4
92	349	4
92	350	4
92	24142	4
92	25504	4
92	26057	4
92	26455	4
92	26456	4
92	26461	4
92	26464	4
92	26468	4
92	26470	4
92	47053	4
92	47079	4
92	47465	4
92	48308	4
92	48352	4
92	48936	4
92	49064	4
92	49148	4
92	49342	4
92	49604	4
92	50401	4
92	50403	4
92	50406	4
92	50409	4
92	50414	4
92	50417	4
92	50419	4
92	50426	4
92	50428	4
92	50429	4
92	50431	4
92	50433	4
92	50435	4
92	50437	4
92	50438	4
92	50440	4
92	50444	4
92	50446	4
92	50450	4
92	50451	4
92	50452	4
92	50454	4
92	50459	4
92	50464	4
92	50468	4
92	50472	4
92	50473	4
92	50474	4
92	50476	4
92	50481	4
92	50482	4
92	71968	4
93	353	4
93	7788	4
93	23858	4
93	23900	4
93	24500	4
93	26098	4
93	26474	4
93	26476	4
93	26477	4
93	47193	4
93	47284	4
93	49647	4
93	50019	4
93	50486	4
93	50488	4
93	50490	4
93	50491	4
93	50495	4
93	50498	4
93	71505	4
93	71970	4
94	356	4
94	357	4
94	18812	4
94	24909	4
94	25396	4
94	26061	4
94	26486	4
94	26496	4
94	26497	4
94	46616	4
94	46859	4
94	47117	4
94	47129	4
94	47338	4
94	47665	4
94	49622	4
94	49729	4
94	50271	4
94	50509	4
94	50512	4
94	50515	4
94	50521	4
94	50522	4
94	50523	4
94	50530	4
94	71972	4
95	88	4
95	191	4
95	359	4
95	360	4
95	15689	4
95	19095	4
95	19096	4
95	23805	4
95	23816	4
95	23862	4
95	23885	4
95	23899	4
95	23981	4
95	24047	4
95	24094	4
95	24130	4
95	24412	4
95	24512	4
95	24545	4
95	24611	4
95	24633	4
95	24752	4
95	24947	4
95	25144	4
95	25145	4
95	25468	4
95	25492	4
95	25626	4
95	25676	4
95	26000	4
95	26281	4
95	26498	4
95	26500	4
95	26501	4
95	26504	4
95	26505	4
95	26507	4
95	26511	4
95	26515	4
95	26520	4
95	26523	4
95	26524	4
95	26528	4
95	26529	4
95	26530	4
95	26533	4
95	26539	4
95	26542	4
95	26544	4
95	26546	4
95	26547	4
95	26548	4
95	26550	4
95	26554	4
95	26557	4
95	26559	4
95	26562	4
95	26563	4
95	46303	4
95	46450	4
95	46517	4
95	46527	4
95	46530	4
95	46533	4
95	46565	4
95	46574	4
95	46582	4
95	46720	4
95	46990	4
95	47104	4
95	47464	4
95	47495	4
95	47588	4
95	47849	4
95	48120	4
95	48675	4
95	49305	4
95	49771	4
95	49877	4
95	50072	4
95	50537	4
95	50539	4
95	50540	4
95	50542	4
95	50544	4
95	50547	4
95	50549	4
95	50550	4
95	50552	4
95	50553	4
95	50557	4
95	50558	4
95	50559	4
95	50560	4
95	50561	4
95	50563	4
95	50565	4
95	50566	4
95	50569	4
95	50575	4
95	50577	4
95	50578	4
95	50579	4
95	50580	4
95	50586	4
95	50587	4
95	50591	4
95	50596	4
95	50597	4
95	50598	4
95	50600	4
95	50603	4
95	50609	4
95	50616	4
95	50617	4
95	50624	4
95	50627	4
95	50632	4
95	50635	4
95	50636	4
95	71976	4
95	71978	4
96	362	4
96	7790	4
96	7792	4
96	26565	4
96	26566	4
96	48757	4
96	50640	4
96	71982	4
97	133	4
97	363	4
97	364	4
97	365	4
97	366	4
97	15632	4
97	19100	4
97	23774	4
97	23785	4
97	23832	4
97	24227	4
97	24395	4
97	24429	4
97	24508	4
97	24518	4
97	25541	4
97	25673	4
97	25848	4
97	26043	4
97	26092	4
97	26281	4
97	26524	4
97	26547	4
97	26582	4
97	26585	4
97	26587	4
97	26588	4
97	26589	4
97	26590	4
97	26591	4
97	26593	4
97	26594	4
97	26599	4
97	26602	4
97	26604	4
97	26605	4
97	26606	4
97	26607	4
97	46538	4
97	46571	4
97	46675	4
97	46739	4
97	46769	4
97	47334	4
97	47341	4
97	47545	4
97	47578	4
97	47618	4
97	47912	4
97	47961	4
97	48015	4
97	48638	4
97	48842	4
97	49305	4
97	49356	4
97	49379	4
97	49848	4
97	50052	4
97	50319	4
97	50464	4
97	50656	4
97	50659	4
97	50661	4
97	50662	4
97	50663	4
97	50664	4
97	50668	4
97	50669	4
97	50670	4
97	50672	4
97	50673	4
97	50674	4
97	50675	4
97	50676	4
97	50677	4
97	50678	4
97	50679	4
97	50680	4
97	50682	4
97	50683	4
97	50684	4
97	50685	4
97	50686	4
97	50687	4
97	50688	4
97	50689	4
97	50691	4
97	50692	4
97	50694	4
97	50696	4
97	50697	4
97	50698	4
97	50699	4
97	50703	4
97	50704	4
97	50705	4
97	50706	4
97	50707	4
97	50710	4
97	50711	4
97	50712	4
97	50714	4
97	50716	4
97	50717	4
97	50718	4
97	50719	4
97	50720	4
97	50722	4
97	50723	4
97	50724	4
97	50728	4
97	50729	4
97	50730	4
97	50732	4
97	50733	4
97	50734	4
97	50735	4
97	50737	4
97	50738	4
97	71743	4
97	71984	4
97	71985	4
97	71986	4
97	71987	4
97	71990	4
97	71991	4
98	367	4
98	368	4
98	23919	4
98	25162	4
98	25692	4
98	25960	4
98	26609	4
98	26615	4
98	26616	4
98	26620	4
98	46301	4
98	46770	4
98	46975	4
98	46986	4
98	48263	4
98	48433	4
98	48527	4
98	48728	4
98	50740	4
98	50745	4
98	50747	4
98	50748	4
98	50750	4
98	50751	4
98	50757	4
98	50759	4
98	50766	4
98	50769	4
98	50770	4
98	50774	4
98	50780	4
98	71992	4
99	369	4
99	371	4
99	372	4
99	373	4
99	374	4
99	15691	4
99	15693	4
99	18919	4
99	19070	4
99	19101	4
99	24109	4
99	24572	4
99	24576	4
99	24582	4
99	24584	4
99	24589	4
99	24599	4
99	25891	4
99	25963	4
99	25965	4
99	26276	4
99	26566	4
99	26634	4
99	26640	4
99	26643	4
99	26645	4
99	26648	4
99	26650	4
99	26652	4
99	26654	4
99	26655	4
99	26656	4
99	26660	4
99	26661	4
99	26663	4
99	26666	4
99	26668	4
99	26670	4
99	26671	4
99	26672	4
99	26674	4
99	26675	4
99	26676	4
99	26681	4
99	26682	4
99	26683	4
99	26685	4
99	47018	4
99	47293	4
99	47515	4
99	47521	4
99	47966	4
99	48090	4
99	48153	4
99	48744	4
99	49099	4
99	49618	4
99	50320	4
99	50803	4
99	50807	4
99	50808	4
99	50813	4
99	50814	4
99	50816	4
99	50817	4
99	50822	4
99	50823	4
99	50824	4
99	50826	4
99	50827	4
99	50828	4
99	50829	4
99	50830	4
99	50831	4
99	50832	4
99	50833	4
99	50834	4
99	50836	4
99	50837	4
99	50839	4
99	50840	4
99	50842	4
99	50843	4
99	50845	4
99	50846	4
99	50847	4
99	50848	4
99	50851	4
99	50852	4
99	50854	4
99	71982	4
99	71994	4
99	71995	4
99	71996	4
99	72000	4
99	72003	4
99	72006	4
99	72008	4
99	72009	4
99	72010	4
99	72013	4
99	72019	4
99	72020	4
100	219	4
100	375	4
100	376	4
100	377	4
100	378	4
100	379	4
100	380	4
100	381	4
100	390	4
100	392	4
100	7801	4
100	7803	4
100	15632	4
100	15695	4
100	19020	4
100	24540	4
100	24569	4
100	24610	4
100	25190	4
100	25427	4
100	25431	4
100	25996	4
100	26155	4
100	26287	4
100	26687	4
100	26688	4
100	26689	4
100	26690	4
100	26691	4
100	26692	4
100	26694	4
100	26695	4
100	26697	4
100	26699	4
100	26700	4
100	26701	4
100	26702	4
100	26704	4
100	26705	4
100	26706	4
100	26708	4
100	26709	4
100	26710	4
100	26712	4
100	26713	4
100	26715	4
100	46493	4
100	46526	4
100	46551	4
100	47245	4
100	47567	4
100	47575	4
100	47948	4
100	48571	4
100	49373	4
100	50178	4
100	50179	4
100	50537	4
100	50858	4
100	50859	4
100	50860	4
100	50862	4
100	50866	4
100	50867	4
100	50869	4
100	50870	4
100	50871	4
100	50872	4
100	50873	4
100	50876	4
100	50878	4
100	50880	4
100	50881	4
100	50882	4
100	50883	4
100	50886	4
100	50889	4
100	50891	4
100	50893	4
100	50894	4
100	50897	4
100	50898	4
100	50899	4
100	50901	4
100	50902	4
100	50904	4
100	50906	4
100	50908	4
100	50909	4
100	50911	4
100	50912	4
100	50914	4
100	50916	4
100	71356	4
100	72023	4
100	72024	4
100	72025	4
100	72026	4
100	72028	4
100	72029	4
100	72030	4
100	72036	4
100	72037	4
100	72038	4
100	72040	4
100	72041	4
100	72042	4
100	72047	4
101	7804	4
101	7806	4
101	25147	4
101	25335	4
101	26286	4
101	26718	4
101	26719	4
101	26723	4
101	26724	4
101	26726	4
101	46986	4
101	48962	4
101	48975	4
101	50919	4
101	50920	4
101	50921	4
101	50924	4
101	50925	4
101	50930	4
101	50933	4
101	50936	4
101	50939	4
101	50942	4
101	50943	4
101	50944	4
101	50946	4
101	50948	4
102	178	4
102	263	4
102	398	4
102	399	4
102	7808	4
102	15699	4
102	19107	4
102	19108	4
102	25214	4
102	25217	4
102	26055	4
102	26736	4
102	26738	4
102	26740	4
102	26741	4
102	26743	4
102	26747	4
102	26749	4
102	26750	4
102	46986	4
102	48920	4
102	49029	4
102	49435	4
102	50762	4
102	50953	4
102	50960	4
102	50962	4
102	50963	4
102	50967	4
102	50971	4
102	50973	4
102	50977	4
102	50980	4
102	50981	4
102	50983	4
102	50984	4
102	50988	4
102	50990	4
102	50994	4
102	50997	4
102	51002	4
102	51003	4
102	51008	4
102	51010	4
102	51011	4
102	51022	4
102	51028	4
102	72050	4
102	72057	4
103	402	4
103	403	4
103	7809	4
103	15700	4
103	18945	4
103	23721	4
103	24193	4
103	24201	4
103	24760	4
103	24835	4
103	25942	4
103	25954	4
103	25975	4
103	26763	4
103	26765	4
103	26767	4
103	26769	4
103	26770	4
103	26771	4
103	26774	4
103	26777	4
103	26780	4
103	26781	4
103	26784	4
103	26785	4
103	26786	4
103	48159	4
103	48260	4
103	48461	4
103	48533	4
103	48582	4
103	49513	4
103	50306	4
103	51048	4
103	51050	4
103	51051	4
103	51053	4
103	51055	4
103	51056	4
103	51058	4
103	51059	4
103	51060	4
103	51061	4
103	51062	4
103	51063	4
103	72061	4
105	11	4
105	73	4
105	405	4
105	7810	4
105	19115	4
105	24430	4
105	26753	4
105	47057	4
105	51108	4
105	51112	4
105	71531	4
106	406	4
106	407	4
106	72064	4
107	333	4
107	408	4
107	19117	4
107	19118	4
107	24496	4
107	24835	4
107	24961	4
107	25369	4
107	25739	4
107	25929	4
107	26114	4
107	26802	4
107	26806	4
107	26807	4
107	26809	4
107	26810	4
107	26813	4
107	26815	4
107	26820	4
107	26822	4
107	26823	4
107	26825	4
107	26826	4
107	46629	4
107	46685	4
107	47421	4
107	47512	4
107	47829	4
107	51119	4
107	51123	4
107	51124	4
107	51126	4
107	51129	4
107	51132	4
107	51136	4
107	51138	4
107	51140	4
107	72067	4
107	72072	4
108	26238	4
108	26849	4
108	26850	4
108	26851	4
108	26852	4
108	46328	4
108	46429	4
108	46457	4
108	46472	4
108	46611	4
108	46619	4
108	46626	4
108	48092	4
108	48271	4
108	48545	4
108	48649	4
108	49174	4
108	49243	4
108	50027	4
108	51158	4
108	51161	4
108	51162	4
108	51163	4
108	51167	4
108	51168	4
108	51169	4
108	72078	4
109	13	4
109	413	4
109	414	4
109	415	4
109	416	4
109	417	4
109	7820	4
109	7821	4
109	7823	4
109	7828	4
109	19122	4
109	19126	4
109	19128	4
109	23751	4
109	23753	4
109	24029	4
109	24268	4
109	24940	4
109	25433	4
109	25502	4
109	26439	4
109	26515	4
109	26858	4
109	26859	4
109	26861	4
109	26862	4
109	26863	4
109	26865	4
109	26866	4
109	26867	4
109	26868	4
109	26869	4
109	26870	4
109	26871	4
109	26874	4
109	26875	4
109	26878	4
109	26879	4
109	26880	4
109	26881	4
109	26882	4
109	26885	4
109	26886	4
109	26889	4
109	26894	4
109	26895	4
109	26898	4
109	26900	4
109	26901	4
109	26902	4
109	26905	4
109	26906	4
109	26907	4
109	26908	4
109	26913	4
109	26914	4
109	26915	4
109	26916	4
109	26918	4
109	26921	4
109	26925	4
109	26926	4
109	26931	4
109	26934	4
109	26937	4
109	26938	4
109	26942	4
109	26943	4
109	26945	4
109	26946	4
109	26949	4
109	26950	4
109	26951	4
109	26952	4
109	26953	4
109	26954	4
109	26955	4
109	26956	4
109	26961	4
109	26962	4
109	26965	4
109	26966	4
109	26976	4
109	26978	4
109	26979	4
109	26981	4
109	26982	4
109	44697	4
109	44699	4
109	46303	4
109	46326	4
109	46390	4
109	46502	4
109	47281	4
109	47312	4
109	48112	4
109	48592	4
109	48825	4
109	49269	4
109	49670	4
109	50600	4
109	51174	4
109	51177	4
109	51179	4
109	51181	4
109	51185	4
109	51189	4
109	51192	4
109	51194	4
109	51195	4
109	51196	4
109	51197	4
109	51198	4
109	51199	4
109	51201	4
109	51212	4
109	51213	4
109	51214	4
109	51215	4
109	51217	4
109	51220	4
109	51224	4
109	51227	4
109	51230	4
109	51236	4
109	51237	4
109	51238	4
109	51239	4
109	51244	4
109	51245	4
109	51246	4
109	51251	4
109	51255	4
109	51256	4
109	51257	4
109	51258	4
109	51259	4
109	51261	4
109	51264	4
109	51266	4
109	51267	4
109	51268	4
109	51269	4
109	51270	4
109	51271	4
109	51273	4
109	51274	4
109	51276	4
109	72083	4
109	72084	4
109	72088	4
109	72091	4
109	72095	4
109	72096	4
109	72101	4
109	72102	4
109	72103	4
109	72104	4
109	72109	4
109	72114	4
109	72119	4
109	72120	4
109	72123	4
109	72125	4
109	72126	4
109	72127	4
109	72131	4
109	72137	4
110	1	4
110	14	4
110	90	4
110	418	4
110	422	4
110	423	4
110	424	4
110	7829	4
110	18872	4
110	18934	4
110	19028	4
110	19131	4
110	19133	4
110	19135	4
110	19142	4
110	23803	4
110	23857	4
110	23892	4
110	23894	4
110	23948	4
110	24130	4
110	24535	4
110	24543	4
110	24618	4
110	24621	4
110	24649	4
110	25043	4
110	25329	4
110	25471	4
110	25485	4
110	25530	4
110	25993	4
110	26043	4
110	26263	4
110	26606	4
110	26986	4
110	26987	4
110	26989	4
110	26992	4
110	26995	4
110	26996	4
110	26998	4
110	27000	4
110	27003	4
110	27004	4
110	27006	4
110	27007	4
110	27008	4
110	27009	4
110	27010	4
110	27013	4
110	27014	4
110	27016	4
110	27018	4
110	27021	4
110	27022	4
110	27023	4
110	27024	4
110	27027	4
110	46332	4
110	46345	4
110	46349	4
110	46502	4
110	46510	4
110	46525	4
110	46565	4
110	46664	4
110	46756	4
110	46764	4
110	46792	4
110	46950	4
110	47297	4
110	47342	4
110	47347	4
110	47358	4
110	47362	4
110	47494	4
110	47558	4
110	47590	4
110	47596	4
110	47602	4
110	47603	4
110	47775	4
110	47947	4
110	47949	4
110	47961	4
110	47972	4
110	48318	4
110	48572	4
110	48679	4
110	48699	4
110	49295	4
110	49374	4
110	49427	4
110	50058	4
110	50733	4
110	50860	4
110	50916	4
110	51282	4
110	51283	4
110	51286	4
110	51288	4
110	51290	4
110	51292	4
110	51294	4
110	51295	4
110	51297	4
110	51298	4
110	51302	4
110	51303	4
110	51307	4
110	51308	4
110	51309	4
110	51310	4
110	51311	4
110	51312	4
110	51314	4
110	51316	4
110	51317	4
110	51319	4
110	51323	4
110	51324	4
110	51326	4
110	51327	4
110	51331	4
110	51333	4
110	51334	4
110	51335	4
110	51336	4
110	51337	4
110	51338	4
110	51340	4
110	51342	4
110	51344	4
110	51345	4
110	51347	4
110	51348	4
110	51349	4
110	51350	4
110	51351	4
110	51352	4
110	71226	4
110	71228	4
111	27048	4
111	51373	4
111	51375	4
111	51376	4
111	51378	4
112	427	4
112	24584	4
112	24588	4
112	26642	4
112	26659	4
112	26666	4
112	26678	4
112	27050	4
112	46813	4
112	47879	4
112	51379	4
112	51380	4
112	51381	4
112	51385	4
112	51386	4
112	51387	4
113	432	4
113	433	4
113	435	4
113	436	4
113	7833	4
113	7834	4
113	23734	4
113	23740	4
113	24122	4
113	24138	4
113	24144	4
113	24149	4
113	24163	4
113	24430	4
113	25337	4
113	25656	4
113	25697	4
113	25755	4
113	25948	4
113	27059	4
113	27062	4
113	27066	4
113	27067	4
113	27069	4
113	27075	4
113	27077	4
113	27080	4
113	27084	4
113	27085	4
113	27087	4
113	27088	4
113	46345	4
113	47035	4
113	47039	4
113	47399	4
113	48230	4
113	48234	4
113	49283	4
113	50468	4
113	51397	4
113	51398	4
113	51401	4
113	51402	4
113	51404	4
113	51408	4
113	51409	4
113	51410	4
113	51411	4
113	51414	4
113	51415	4
113	51417	4
113	71388	4
114	263	4
114	439	4
114	24163	4
114	24356	4
114	24840	4
114	25324	4
114	26728	4
114	26735	4
114	26777	4
114	27067	4
114	27093	4
114	27094	4
114	27100	4
114	27103	4
114	27105	4
114	46298	4
114	46345	4
114	46417	4
114	46544	4
114	46620	4
114	47013	4
114	47069	4
114	48195	4
114	48199	4
114	48230	4
114	48723	4
114	48741	4
114	48748	4
114	48850	4
114	48852	4
114	48857	4
114	48947	4
114	49026	4
114	49123	4
114	49178	4
114	49513	4
114	49995	4
114	51367	4
114	51394	4
114	51415	4
114	51424	4
114	51426	4
114	51427	4
114	51430	4
114	51431	4
114	51433	4
114	51434	4
114	51435	4
114	51437	4
114	51440	4
114	51441	4
114	51443	4
114	51444	4
114	51445	4
114	51449	4
114	51455	4
114	51464	4
114	51465	4
114	51466	4
114	51470	4
114	51471	4
114	51472	4
114	51474	4
114	51475	4
114	51479	4
114	51480	4
114	51481	4
114	51483	4
114	51485	4
114	51490	4
114	51491	4
114	51492	4
114	71629	4
114	72155	4
114	72156	4
115	447	4
115	449	4
115	450	4
115	18922	4
115	19095	4
115	23865	4
115	23908	4
115	24072	4
115	24960	4
115	25150	4
115	25363	4
115	25497	4
115	25531	4
115	25696	4
115	26118	4
115	26335	4
115	26350	4
115	26705	4
115	26756	4
115	26759	4
115	27140	4
115	27153	4
115	27154	4
115	27156	4
115	27157	4
115	27159	4
115	27162	4
115	27163	4
115	27168	4
115	27169	4
115	27173	4
115	27178	4
115	27180	4
115	27186	4
115	27188	4
115	27194	4
115	27196	4
115	46595	4
115	47280	4
115	47387	4
115	47600	4
115	47888	4
115	48571	4
115	48936	4
115	49631	4
115	49738	4
115	50030	4
115	50104	4
115	50114	4
115	50144	4
115	50176	4
115	50658	4
115	50862	4
115	50893	4
115	51035	4
115	51563	4
115	51566	4
115	51568	4
115	51569	4
115	51570	4
115	51574	4
115	51578	4
115	51579	4
115	51581	4
115	51583	4
115	51584	4
115	51594	4
115	51595	4
115	51600	4
115	51602	4
115	51606	4
115	51607	4
115	51612	4
115	51617	4
115	51618	4
115	51621	4
115	51622	4
115	51636	4
115	51638	4
115	51640	4
115	51654	4
115	51656	4
115	51657	4
115	51668	4
115	51669	4
115	51671	4
115	51677	4
115	71325	4
115	72168	4
115	72172	4
115	72174	4
115	72176	4
115	72177	4
115	72181	4
115	72182	4
115	72185	4
116	452	4
116	453	4
116	454	4
116	19149	4
116	23774	4
116	23856	4
116	23962	4
116	24386	4
116	24398	4
116	24430	4
116	25119	4
116	25542	4
116	25753	4
116	26288	4
116	26325	4
116	26340	4
116	26342	4
116	26362	4
116	27053	4
116	27202	4
116	27203	4
116	27208	4
116	27209	4
116	27210	4
116	27212	4
116	27216	4
116	27218	4
116	27219	4
116	27220	4
116	27221	4
116	27222	4
116	27224	4
116	27226	4
116	27227	4
116	27231	4
116	27233	4
116	27234	4
116	27240	4
116	27243	4
116	27246	4
116	27248	4
116	27250	4
116	27256	4
116	27259	4
116	27263	4
116	47294	4
116	47466	4
116	47580	4
116	48869	4
116	50076	4
116	50109	4
116	50110	4
116	50174	4
116	50563	4
116	51041	4
116	51315	4
116	51388	4
116	51681	4
116	51683	4
116	51684	4
116	51686	4
116	51687	4
116	51689	4
116	51690	4
116	51692	4
116	51693	4
116	51694	4
116	51697	4
116	51702	4
116	51712	4
116	51715	4
116	51719	4
116	51725	4
116	51726	4
116	51727	4
116	51730	4
116	71536	4
116	72186	4
116	72194	4
116	72195	4
116	72197	4
117	423	4
117	19152	4
117	19153	4
117	24011	4
117	27264	4
117	27265	4
117	27268	4
117	27270	4
117	27272	4
117	27273	4
117	27274	4
117	46493	4
117	46753	4
117	46994	4
117	48077	4
117	49007	4
117	49145	4
117	49153	4
117	49155	4
117	50571	4
117	51734	4
117	51737	4
117	51742	4
117	51744	4
117	51745	4
117	51751	4
117	72204	4
118	456	4
118	7851	4
118	18873	4
118	23866	4
118	24015	4
118	24533	4
118	25144	4
118	26362	4
118	26800	4
118	27276	4
118	27277	4
118	27278	4
118	27279	4
118	27280	4
118	27283	4
118	51648	4
118	51753	4
118	51754	4
118	51755	4
118	51757	4
118	51760	4
118	51761	4
118	51764	4
118	51766	4
118	51767	4
119	82	4
119	460	4
119	7855	4
119	7856	4
119	15718	4
119	18812	4
119	19155	4
119	19157	4
119	19158	4
119	27291	4
119	27296	4
119	27297	4
119	27305	4
119	27313	4
119	35219	4
119	46308	4
119	47228	4
119	49020	4
119	51777	4
119	51779	4
119	51783	4
119	51788	4
119	51789	4
119	51792	4
119	51793	4
119	51795	4
119	51799	4
119	51800	4
119	51801	4
119	51805	4
119	51808	4
119	51809	4
119	51810	4
119	51813	4
119	51815	4
119	51817	4
119	51819	4
119	51824	4
119	51827	4
119	51829	4
119	51830	4
119	71620	4
119	72210	4
119	72212	4
119	72215	4
119	72218	4
119	72219	4
119	72224	4
119	72225	4
119	72227	4
120	462	4
120	463	4
120	464	4
120	465	4
120	467	4
120	469	4
120	23870	4
120	25155	4
120	25194	4
120	26637	4
120	26666	4
120	27318	4
120	27320	4
120	27321	4
120	27322	4
120	27324	4
120	47524	4
120	49587	4
120	50849	4
120	50875	4
120	51833	4
120	51834	4
120	51835	4
120	51837	4
120	51839	4
120	51842	4
120	51843	4
120	51846	4
120	51847	4
120	51848	4
120	51850	4
120	51852	4
120	51854	4
120	51855	4
120	51858	4
121	471	4
121	7869	4
121	23780	4
121	23816	4
121	23868	4
121	23875	4
121	24629	4
121	24633	4
121	24997	4
121	25064	4
121	26304	4
121	26451	4
121	26535	4
121	26591	4
121	27280	4
121	27335	4
121	27336	4
121	27337	4
121	27339	4
121	27340	4
121	27344	4
121	27345	4
121	27346	4
121	27348	4
121	27349	4
121	48638	4
121	50562	4
121	50726	4
121	51648	4
121	51878	4
121	51880	4
121	51886	4
121	51887	4
121	51891	4
121	51894	4
121	71222	4
121	71362	4
121	71542	4
121	72241	4
122	8	4
122	7598	4
122	7875	4
122	23770	4
122	24056	4
122	25975	4
122	27370	4
122	27372	4
122	27373	4
122	46544	4
122	46616	4
122	46860	4
122	46931	4
122	47184	4
122	47198	4
122	47455	4
122	47637	4
122	47672	4
122	47883	4
122	48132	4
122	48580	4
122	48765	4
122	48770	4
122	50293	4
122	51925	4
122	51927	4
122	51932	4
122	51933	4
122	71344	4
122	72252	4
122	72254	4
122	72255	4
122	72262	4
122	72263	4
123	478	4
123	18923	4
123	19163	4
123	24012	4
123	27381	4
123	27383	4
123	51945	4
123	51949	4
123	51950	4
123	72268	4
124	7878	4
124	27236	4
124	27393	4
124	27394	4
124	27395	4
124	46770	4
124	51973	4
124	51982	4
124	51984	4
124	72270	4
124	72274	4
124	72276	4
124	72277	4
124	72279	4
124	72281	4
124	72283	4
124	72284	4
125	117	4
125	485	4
125	487	4
125	7886	4
125	7889	4
125	7893	4
125	18815	4
125	19168	4
125	19172	4
125	19174	4
125	24748	4
125	24802	4
125	25366	4
125	25547	4
125	25741	4
125	26006	4
125	26406	4
125	26411	4
125	26533	4
125	26549	4
125	26553	4
125	27410	4
125	27411	4
125	27414	4
125	27415	4
125	27419	4
125	27420	4
125	27421	4
125	27422	4
125	27423	4
125	27426	4
125	27428	4
125	27429	4
125	27430	4
125	27431	4
125	27433	4
125	27434	4
125	27437	4
125	27443	4
125	46679	4
125	46680	4
125	46695	4
125	47291	4
125	47413	4
125	47823	4
125	48485	4
125	48916	4
125	49103	4
125	49977	4
125	50276	4
125	51908	4
125	51923	4
125	52007	4
125	52008	4
125	52011	4
125	52019	4
125	52020	4
125	52024	4
125	52029	4
125	52036	4
125	52038	4
125	52041	4
125	52044	4
125	52047	4
125	52050	4
125	52052	4
125	52054	4
125	52057	4
125	52059	4
125	52063	4
125	52065	4
125	71378	4
125	71500	4
125	71839	4
125	71973	4
125	72297	4
125	72304	4
125	72306	4
125	72307	4
125	72316	4
125	72317	4
125	72323	4
125	72324	4
125	72325	4
125	72336	4
125	72340	4
125	72343	4
125	72348	4
125	72351	4
126	23780	4
126	23884	4
126	24435	4
126	26800	4
126	27257	4
126	27447	4
126	27448	4
126	27449	4
126	27450	4
126	27452	4
126	27455	4
126	46504	4
126	51335	4
126	52070	4
126	52072	4
126	52073	4
126	52074	4
126	52076	4
126	52077	4
126	52080	4
126	52081	4
127	196	4
127	7897	4
127	19177	4
127	24623	4
127	27456	4
127	27457	4
127	27458	4
127	27460	4
127	46299	4
127	52083	4
127	52084	4
127	52086	4
127	52089	4
127	52091	4
127	52093	4
127	52102	4
127	72362	4
128	23759	4
128	23911	4
128	24291	4
128	24716	4
128	25366	4
128	26160	4
128	26210	4
128	26406	4
128	27023	4
128	27461	4
128	27464	4
128	27465	4
128	27467	4
128	27468	4
128	27469	4
128	27471	4
128	27473	4
128	27475	4
128	44705	4
128	46708	4
128	48387	4
128	48407	4
128	50045	4
128	52104	4
128	52116	4
128	52118	4
128	52120	4
128	72363	4
129	47644	4
130	494	4
130	18887	4
130	23698	4
130	23765	4
130	23871	4
130	23902	4
130	24377	4
130	25199	4
130	25205	4
130	26637	4
130	27478	4
130	27482	4
130	27483	4
130	27486	4
130	46393	4
130	46429	4
130	46607	4
130	47268	4
130	47411	4
130	47683	4
130	47764	4
130	48822	4
130	48828	4
130	50818	4
130	52128	4
130	52132	4
130	52135	4
130	52137	4
130	72364	4
130	72365	4
130	72366	4
131	54	4
131	65	4
131	107	4
131	117	4
131	137	4
131	155	4
131	496	4
131	498	4
131	500	4
131	502	4
131	503	4
131	7900	4
131	7901	4
131	18875	4
131	18879	4
131	18894	4
131	18914	4
131	19141	4
131	19178	4
131	19179	4
131	23718	4
131	23755	4
131	23766	4
131	23767	4
131	23802	4
131	23843	4
131	23903	4
131	24056	4
131	24073	4
131	24293	4
131	24331	4
131	24334	4
131	24338	4
131	24657	4
131	24691	4
131	24771	4
131	24827	4
131	24857	4
131	24865	4
131	24893	4
131	24901	4
131	24977	4
131	25312	4
131	25391	4
131	25575	4
131	25597	4
131	25719	4
131	26250	4
131	26257	4
131	26280	4
131	26452	4
131	26783	4
131	26829	4
131	26954	4
131	27285	4
131	27329	4
131	27477	4
131	27487	4
131	27488	4
131	27489	4
131	27490	4
131	27493	4
131	27494	4
131	27497	4
131	27502	4
131	27505	4
131	27506	4
131	27508	4
131	27510	4
131	46301	4
131	46308	4
131	46334	4
131	46336	4
131	46437	4
131	46439	4
131	46467	4
131	46593	4
131	46616	4
131	46620	4
131	46621	4
131	46624	4
131	46631	4
131	46683	4
131	46710	4
131	46915	4
131	47131	4
131	47197	4
131	47200	4
131	47253	4
131	47257	4
131	47289	4
131	47365	4
131	47376	4
131	47683	4
131	48271	4
131	48370	4
131	48447	4
131	48452	4
131	48618	4
131	48817	4
131	48834	4
131	49411	4
131	49520	4
131	49819	4
131	50464	4
131	51164	4
131	52138	4
131	52140	4
131	52146	4
131	52147	4
131	52148	4
131	52149	4
131	52150	4
131	52151	4
131	52152	4
131	52155	4
131	52158	4
131	52159	4
131	52161	4
131	52163	4
131	52164	4
131	52167	4
131	52169	4
131	52171	4
131	52172	4
131	52175	4
131	52176	4
131	52178	4
131	52179	4
131	52181	4
131	71629	4
131	71757	4
131	72367	4
131	72369	4
131	72370	4
131	72372	4
132	24553	4
132	26318	4
132	27246	4
132	27411	4
132	27512	4
132	27514	4
132	46947	4
132	46972	4
132	50058	4
132	50695	4
132	51109	4
132	52183	4
132	52184	4
132	52187	4
132	52190	4
132	52191	4
133	17	4
133	25035	4
133	25848	4
133	26307	4
133	27524	4
133	27526	4
133	46560	4
133	46795	4
133	48695	4
133	50402	4
133	52201	4
133	52202	4
133	52203	4
133	71783	4
133	72373	4
133	72374	4
133	72376	4
133	72377	4
134	505	4
134	7910	4
134	7911	4
134	19181	4
134	24025	4
134	24274	4
134	24833	4
134	24857	4
134	25266	4
134	25607	4
134	26437	4
134	26890	4
134	27401	4
134	27528	4
134	27530	4
134	27531	4
134	27532	4
134	27534	4
134	27535	4
134	27536	4
134	27537	4
134	46342	4
134	46452	4
134	47157	4
134	48357	4
134	48556	4
134	48778	4
134	49874	4
134	51855	4
134	52205	4
134	52206	4
134	52208	4
134	52210	4
134	52211	4
134	52212	4
134	71216	4
134	71817	4
134	72263	4
134	72379	4
134	72381	4
134	72389	4
134	72392	4
134	72393	4
134	72396	4
135	27538	4
135	48742	4
135	51471	4
135	52218	4
135	52220	4
136	23767	4
136	23791	4
136	24465	4
136	24964	4
136	24965	4
136	25318	4
136	27541	4
136	27544	4
136	27546	4
136	46329	4
136	46345	4
136	46410	4
136	46472	4
136	46859	4
136	46904	4
136	47068	4
136	47115	4
136	47231	4
136	47288	4
136	47411	4
136	49761	4
136	52170	4
136	52229	4
136	52230	4
136	72399	4
136	72401	4
136	72402	4
137	7562	4
137	15734	4
137	23899	4
137	24076	4
137	24554	4
137	24556	4
137	24602	4
137	24621	4
137	25042	4
137	27551	4
137	46508	4
137	47079	4
137	47459	4
137	47559	4
137	47563	4
137	48844	4
137	52234	4
137	52238	4
137	52239	4
137	52241	4
137	52243	4
137	52244	4
137	71542	4
137	72409	4
137	72410	4
137	72412	4
137	72414	4
138	54	4
138	513	4
138	7916	4
138	7918	4
138	7920	4
138	7921	4
138	18885	4
138	18899	4
138	19183	4
138	19185	4
138	19187	4
138	23698	4
138	23706	4
138	23759	4
138	23793	4
138	23824	4
138	23865	4
138	23918	4
138	23925	4
138	23929	4
138	23930	4
138	23935	4
138	23936	4
138	23938	4
138	24032	4
138	24036	4
138	24044	4
138	24108	4
138	24306	4
138	24326	4
138	24454	4
138	24689	4
138	24724	4
138	24735	4
138	24745	4
138	24758	4
138	24820	4
138	24829	4
138	24905	4
138	24913	4
138	24971	4
138	25047	4
138	25204	4
138	25307	4
138	25323	4
138	25351	4
138	25397	4
138	25438	4
138	25458	4
138	25789	4
138	25820	4
138	25975	4
138	26250	4
138	26337	4
138	26430	4
138	26448	4
138	26452	4
138	27541	4
138	27555	4
138	27556	4
138	27557	4
138	27560	4
138	27563	4
138	27564	4
138	27565	4
138	27566	4
138	27572	4
138	27573	4
138	27576	4
138	27578	4
138	27579	4
138	27581	4
138	27582	4
138	27587	4
138	30176	4
138	46317	4
138	46354	4
138	46363	4
138	46377	4
138	46422	4
138	46435	4
138	46437	4
138	46598	4
138	46599	4
138	46603	4
138	46618	4
138	46623	4
138	46626	4
138	46631	4
138	46771	4
138	46856	4
138	46867	4
138	46925	4
138	46928	4
138	46955	4
138	47198	4
138	47405	4
138	47411	4
138	47443	4
138	47588	4
138	47620	4
138	47660	4
138	47679	4
138	47681	4
138	47737	4
138	47801	4
138	48100	4
138	48218	4
138	48271	4
138	48318	4
138	48579	4
138	48669	4
138	48757	4
138	49149	4
138	49162	4
138	49209	4
138	49227	4
138	49243	4
138	49410	4
138	49827	4
138	50129	4
138	50301	4
138	50380	4
138	50402	4
138	51923	4
138	51925	4
138	52247	4
138	52249	4
138	52250	4
138	52252	4
138	52255	4
138	52256	4
138	52258	4
138	52259	4
138	52263	4
138	52264	4
138	52265	4
138	52266	4
138	52272	4
138	52277	4
138	52284	4
138	52287	4
138	52288	4
138	52289	4
138	52290	4
138	52291	4
138	71210	4
138	71274	4
138	71296	4
138	71371	4
138	72384	4
138	72417	4
138	72422	4
138	72425	4
138	72426	4
138	72427	4
138	72428	4
139	7763	4
139	7923	4
139	23827	4
139	24405	4
139	24551	4
139	25011	4
139	25494	4
139	25499	4
139	25561	4
139	26331	4
139	26542	4
139	26851	4
139	27590	4
139	27591	4
139	27594	4
139	27597	4
139	46574	4
139	46739	4
139	46853	4
139	47035	4
139	47080	4
139	47387	4
139	47477	4
139	47606	4
139	47775	4
139	48462	4
139	48651	4
139	50058	4
139	50121	4
139	50195	4
139	50668	4
139	51318	4
139	51740	4
139	52295	4
139	52297	4
139	52300	4
139	52302	4
139	52307	4
139	52308	4
139	52309	4
139	52310	4
139	52312	4
139	52313	4
139	52315	4
139	52316	4
139	52317	4
139	71401	4
139	72430	4
139	72432	4
140	7931	4
140	23744	4
140	24165	4
140	25764	4
140	25921	4
140	25958	4
140	26740	4
140	27599	4
140	27604	4
140	27605	4
140	27606	4
140	47018	4
140	48502	4
140	48749	4
140	48852	4
140	49071	4
140	51484	4
140	52331	4
140	52332	4
140	52334	4
140	52344	4
140	52347	4
140	72442	4
141	523	4
141	525	4
141	527	4
141	7937	4
141	7943	4
141	15740	4
141	19105	4
141	19196	4
141	19198	4
141	19199	4
141	23861	4
141	24135	4
141	24148	4
141	24168	4
141	25183	4
141	25190	4
141	25363	4
141	25364	4
141	25522	4
141	25638	4
141	25747	4
141	25959	4
141	25967	4
141	26057	4
141	26081	4
141	26733	4
141	26769	4
141	26784	4
141	27067	4
141	27093	4
141	27399	4
141	27612	4
141	27614	4
141	27618	4
141	27623	4
141	27627	4
141	27629	4
141	27630	4
141	27631	4
141	27632	4
141	27633	4
141	27635	4
141	27636	4
141	27637	4
141	46298	4
141	46574	4
141	46620	4
141	46756	4
141	46780	4
141	46978	4
141	46986	4
141	47018	4
141	47185	4
141	47326	4
141	47479	4
141	48197	4
141	48215	4
141	48241	4
141	48346	4
141	48550	4
141	48745	4
141	49040	4
141	49068	4
141	49275	4
141	49500	4
141	49847	4
141	50019	4
141	50597	4
141	50904	4
141	50962	4
141	51013	4
141	51054	4
141	51397	4
141	51402	4
141	51445	4
141	51467	4
141	51759	4
141	51867	4
141	52354	4
141	52355	4
141	52356	4
141	52357	4
141	52358	4
141	52360	4
141	52361	4
141	52363	4
141	52367	4
141	52368	4
141	52370	4
141	52375	4
141	52382	4
141	52383	4
141	52387	4
141	52389	4
141	52395	4
141	52396	4
141	52397	4
141	52401	4
141	52402	4
141	52407	4
141	52415	4
141	52416	4
141	52420	4
141	52423	4
141	52424	4
141	52427	4
141	52432	4
141	52436	4
141	52441	4
141	52444	4
141	52446	4
141	52447	4
141	52448	4
141	52451	4
141	52452	4
141	52454	4
141	52456	4
141	52457	4
141	52458	4
141	52459	4
141	52460	4
141	52461	4
141	52465	4
141	52466	4
141	52467	4
141	52468	4
141	52469	4
141	52470	4
141	52473	4
141	52475	4
141	52476	4
141	52480	4
141	52482	4
141	52486	4
141	52490	4
141	52493	4
141	52494	4
141	71629	4
141	71967	4
141	72032	4
141	72447	4
141	72448	4
141	72454	4
142	529	4
142	7944	4
142	19200	4
142	25763	4
142	27633	4
142	27646	4
142	27651	4
142	27652	4
142	27655	4
142	47054	4
142	48321	4
142	48350	4
142	52500	4
142	52502	4
142	52504	4
142	52506	4
142	52512	4
142	52513	4
142	52516	4
142	52518	4
142	52520	4
142	72463	4
143	7	4
143	137	4
143	261	4
143	316	4
143	441	4
143	503	4
143	533	4
143	534	4
143	7626	4
143	7628	4
143	7945	4
143	7947	4
143	7951	4
143	7954	4
143	7955	4
143	15742	4
143	18867	4
143	18917	4
143	19204	4
143	19206	4
143	23694	4
143	23786	4
143	23817	4
143	23829	4
143	23857	4
143	23866	4
143	23895	4
143	24402	4
143	24419	4
143	24453	4
143	25018	4
143	25034	4
143	25046	4
143	25218	4
143	25486	4
143	25492	4
143	25673	4
143	26093	4
143	26348	4
143	26505	4
143	26599	4
143	26994	4
143	27010	4
143	27664	4
143	27667	4
143	27669	4
143	27670	4
143	27672	4
143	27673	4
143	27675	4
143	27677	4
143	27678	4
143	27679	4
143	27680	4
143	27681	4
143	27682	4
143	27685	4
143	27687	4
143	27688	4
143	27689	4
143	27690	4
143	46493	4
143	46501	4
143	46514	4
143	46526	4
143	46643	4
143	46739	4
143	46808	4
143	47079	4
143	47130	4
143	47300	4
143	47363	4
143	47374	4
143	47375	4
143	47468	4
143	47504	4
143	47551	4
143	47908	4
143	47921	4
143	47986	4
143	47987	4
143	47989	4
143	48000	4
143	48038	4
143	48462	4
143	48646	4
143	48651	4
143	48657	4
143	48757	4
143	48890	4
143	49681	4
143	50051	4
143	50166	4
143	50171	4
143	50556	4
143	50697	4
143	50867	4
143	50951	4
143	51187	4
143	51280	4
143	51293	4
143	51568	4
143	51749	4
143	51753	4
143	51878	4
143	51991	4
143	52237	4
143	52526	4
143	52527	4
143	52528	4
143	52529	4
143	52532	4
143	52534	4
143	52538	4
143	52539	4
143	52542	4
143	52546	4
143	52547	4
143	52553	4
143	52554	4
143	52556	4
143	52557	4
143	52558	4
143	52560	4
143	52561	4
143	52569	4
143	52572	4
143	52574	4
143	52577	4
143	52578	4
143	52579	4
143	52590	4
143	52592	4
143	52593	4
143	52597	4
143	52599	4
143	71629	4
143	71656	4
143	71741	4
143	71783	4
143	71990	4
143	72140	4
143	72464	4
143	72465	4
143	72466	4
143	72467	4
143	72468	4
143	72470	4
143	72472	4
143	72474	4
143	72478	4
143	72480	4
143	72482	4
143	72483	4
143	72484	4
143	72485	4
143	72489	4
144	287	4
144	289	4
144	7958	4
144	7961	4
144	7962	4
144	23769	4
144	24465	4
144	24636	4
144	25205	4
144	26152	4
144	27557	4
144	47684	4
144	52605	4
144	52608	4
144	52609	4
145	27694	4
145	27697	4
145	27698	4
145	27700	4
145	48752	4
145	49980	4
145	52610	4
145	52611	4
145	52614	4
146	24691	4
146	46945	4
146	47888	4
146	49651	4
146	52618	4
146	52620	4
146	71636	4
147	71	4
147	541	4
147	543	4
147	544	4
147	27601	4
147	27702	4
147	27706	4
147	27707	4
147	27709	4
147	27710	4
147	27712	4
147	27714	4
147	47504	4
147	47547	4
147	47572	4
147	49906	4
147	52621	4
147	52622	4
147	52623	4
147	52624	4
147	52632	4
147	52636	4
147	52639	4
147	52641	4
147	52643	4
147	52644	4
147	52647	4
147	52650	4
147	52651	4
147	52654	4
147	52655	4
147	52657	4
147	52658	4
147	52660	4
147	72496	4
147	72497	4
147	72498	4
147	72499	4
147	72500	4
147	72504	4
147	72506	4
147	72508	4
147	72509	4
147	72510	4
147	72513	4
148	7626	4
148	19209	4
148	24602	4
148	27722	4
148	27723	4
148	27725	4
148	46499	4
148	46548	4
148	47957	4
148	48871	4
148	49936	4
148	50464	4
148	50843	4
148	52070	4
148	52552	4
148	52671	4
148	52672	4
148	52676	4
148	52678	4
148	52683	4
148	52684	4
148	52685	4
148	71413	4
148	72539	4
149	547	4
149	550	4
149	551	4
149	552	4
149	7777	4
149	7968	4
149	7969	4
149	7970	4
149	7972	4
149	7976	4
149	15749	4
149	19128	4
149	19211	4
149	19212	4
149	19213	4
149	19214	4
149	24407	4
149	25186	4
149	25501	4
149	26300	4
149	26760	4
149	27727	4
149	27729	4
149	27731	4
149	27732	4
149	27733	4
149	27735	4
149	27737	4
149	27738	4
149	27739	4
149	27740	4
149	27741	4
149	27743	4
149	27745	4
149	27748	4
149	27750	4
149	27751	4
149	27753	4
149	27754	4
149	27757	4
149	27758	4
149	27761	4
149	27762	4
149	27767	4
149	27771	4
149	27772	4
149	27774	4
149	27775	4
149	27776	4
149	27777	4
149	44709	4
149	49894	4
149	50103	4
149	50824	4
149	51170	4
149	51245	4
149	52692	4
149	52693	4
149	52694	4
149	52695	4
149	52696	4
149	52697	4
149	52698	4
149	52699	4
149	52702	4
149	52704	4
149	52705	4
149	52706	4
149	52707	4
149	52708	4
149	52712	4
149	52713	4
149	52714	4
149	52716	4
149	52717	4
149	52719	4
149	52721	4
149	52722	4
149	52726	4
149	52727	4
149	52732	4
149	52737	4
149	52741	4
149	52743	4
149	52744	4
149	52746	4
149	52748	4
149	52750	4
149	52753	4
149	52754	4
149	52756	4
149	72545	4
149	72546	4
149	72548	4
149	72549	4
149	72550	4
149	72551	4
149	72552	4
149	72555	4
149	72559	4
149	72560	4
149	72563	4
149	72567	4
149	72568	4
149	72570	4
149	72571	4
150	24067	4
150	24323	4
150	25202	4
150	26448	4
150	27805	4
150	27808	4
150	27810	4
150	46839	4
150	47186	4
150	47880	4
150	48604	4
150	49819	4
150	49822	4
150	52769	4
150	52770	4
150	52771	4
150	72423	4
151	7686	4
151	24719	4
151	25437	4
151	52782	4
152	18894	4
152	19217	4
152	23936	4
152	24673	4
152	24702	4
152	25310	4
152	27570	4
152	27815	4
152	27818	4
152	46452	4
152	46613	4
152	47888	4
152	52783	4
152	52784	4
152	52785	4
152	71216	4
153	555	4
153	558	4
153	7978	4
153	7980	4
153	19218	4
153	25363	4
153	27824	4
153	27826	4
153	27830	4
153	27833	4
153	27834	4
153	27835	4
153	27836	4
153	27839	4
153	27840	4
153	27841	4
153	27844	4
153	27845	4
153	27847	4
153	27851	4
153	27853	4
153	51092	4
153	52797	4
153	52800	4
153	52801	4
153	52804	4
153	52806	4
153	52807	4
153	52808	4
153	52809	4
153	52811	4
153	52813	4
153	52819	4
153	52823	4
153	52824	4
153	72588	4
153	72590	4
154	560	4
154	18830	4
154	18922	4
154	19005	4
154	19135	4
154	19137	4
154	19220	4
154	19221	4
154	24163	4
154	26421	4
154	26615	4
154	26728	4
154	27035	4
154	27080	4
154	27082	4
154	27091	4
154	27093	4
154	27100	4
154	27622	4
154	27658	4
154	27660	4
154	27898	4
154	27899	4
154	27901	4
154	27902	4
154	27903	4
154	27904	4
154	27905	4
154	27906	4
154	27909	4
154	27910	4
154	27911	4
154	27912	4
154	27913	4
154	27915	4
154	27916	4
154	27917	4
154	27918	4
154	27920	4
154	27921	4
154	46298	4
154	47012	4
154	47017	4
154	47053	4
154	47076	4
154	47399	4
154	47415	4
154	47511	4
154	48103	4
154	48195	4
154	48215	4
154	48230	4
154	48240	4
154	48250	4
154	48258	4
154	48265	4
154	48284	4
154	48309	4
154	48315	4
154	48627	4
154	48723	4
154	48726	4
154	48850	4
154	48923	4
154	48924	4
154	49012	4
154	49036	4
154	49040	4
154	49055	4
154	49058	4
154	49123	4
154	49140	4
154	49157	4
154	49275	4
154	49985	4
154	50537	4
154	50772	4
154	50955	4
154	50964	4
154	50970	4
154	50980	4
154	51001	4
154	51029	4
154	51054	4
154	51365	4
154	51367	4
154	51407	4
154	51415	4
154	51421	4
154	51429	4
154	51431	4
154	51433	4
154	51459	4
154	51467	4
154	51480	4
154	51842	4
154	52099	4
154	52218	4
154	52264	4
154	52361	4
154	52367	4
154	52374	4
154	52379	4
154	52389	4
154	52394	4
154	52411	4
154	52423	4
154	52449	4
154	52452	4
154	52489	4
154	52491	4
154	52519	4
154	52521	4
154	52867	4
154	52869	4
154	52870	4
154	52871	4
154	52872	4
154	52873	4
154	52874	4
154	52875	4
154	52877	4
154	52878	4
154	52879	4
154	52882	4
154	52883	4
154	52884	4
154	52885	4
154	52888	4
154	52891	4
154	52892	4
154	52896	4
154	52897	4
154	52898	4
154	52901	4
154	52902	4
154	52904	4
154	52906	4
154	52907	4
154	52908	4
154	52910	4
154	52911	4
154	52913	4
154	52914	4
154	52915	4
154	52918	4
154	52919	4
154	52922	4
154	52923	4
154	52924	4
154	52925	4
154	52926	4
154	52927	4
154	52928	4
154	52929	4
154	52930	4
154	52931	4
154	52932	4
154	52933	4
154	52934	4
154	52937	4
154	52939	4
154	52940	4
154	52942	4
154	71283	4
154	71629	4
154	71678	4
154	71694	4
154	71777	4
154	71967	4
154	72449	4
154	72455	4
154	72599	4
154	72602	4
154	72605	4
154	72606	4
154	72607	4
154	72609	4
154	72610	4
154	72611	4
154	72612	4
154	72613	4
154	72614	4
154	72615	4
154	72616	4
154	72617	4
154	72618	4
155	562	4
155	563	4
155	26097	4
155	27924	4
155	27926	4
155	27927	4
155	27929	4
155	27930	4
155	46859	4
155	52946	4
155	52949	4
155	52951	4
155	52953	4
155	52954	4
155	52956	4
155	52957	4
155	52958	4
155	52959	4
155	72624	4
155	72628	4
156	7987	4
156	15754	4
156	24031	4
156	24334	4
156	24375	4
156	26063	4
156	27933	4
156	27939	4
156	27940	4
156	46610	4
156	47186	4
156	47429	4
156	47660	4
156	48161	4
156	52257	4
156	52966	4
156	52967	4
156	52969	4
156	52970	4
156	52971	4
156	52973	4
156	52974	4
156	52975	4
156	52977	4
157	7992	4
157	27948	4
157	27949	4
157	27951	4
157	27952	4
157	27953	4
157	50426	4
157	53005	4
157	53013	4
157	53017	4
157	53019	4
157	53020	4
158	566	4
158	7605	4
158	23690	4
158	23903	4
158	24465	4
158	24679	4
158	24745	4
158	24914	4
158	26967	4
158	27023	4
158	27964	4
158	44715	4
158	46366	4
158	46367	4
158	46469	4
158	46614	4
158	46617	4
158	46844	4
158	46904	4
158	47185	4
158	47764	4
158	53023	4
158	53025	4
158	53029	4
158	71813	4
158	72639	4
159	568	4
159	7598	4
159	24074	4
159	25437	4
159	25459	4
159	26081	4
159	27967	4
159	27969	4
159	46355	4
159	46366	4
159	46597	4
159	46604	4
159	46615	4
159	47188	4
159	47684	4
159	48592	4
159	48809	4
159	48836	4
159	49749	4
159	50498	4
159	51911	4
159	52590	4
159	53032	4
159	53035	4
159	53039	4
159	53041	4
159	53043	4
159	53044	4
159	53046	4
159	53048	4
159	71306	4
159	71957	4
159	72642	4
159	72643	4
160	27992	4
160	27993	4
161	16	4
161	573	4
161	575	4
161	7554	4
161	8004	4
161	8005	4
161	8008	4
161	23926	4
161	24044	4
161	24067	4
161	24334	4
161	24503	4
161	25363	4
161	25391	4
161	25764	4
161	25841	4
161	25953	4
161	28027	4
161	46301	4
161	46922	4
161	46976	4
161	47038	4
161	47229	4
161	47969	4
161	49166	4
161	49799	4
161	51370	4
161	51403	4
161	51420	4
161	51873	4
161	52311	4
161	52997	4
161	53106	4
161	53107	4
161	53110	4
161	53111	4
161	71309	4
161	71633	4
161	72655	4
161	72657	4
161	72662	4
161	72663	4
161	72665	4
161	72669	4
161	72672	4
162	576	4
162	15756	4
162	15757	4
162	26303	4
162	26836	4
162	28033	4
162	28034	4
162	28036	4
162	28039	4
162	28040	4
162	28046	4
162	28047	4
162	28048	4
162	28049	4
162	28050	4
162	28054	4
162	46865	4
162	48616	4
162	49498	4
162	49506	4
162	49895	4
162	50245	4
162	50250	4
162	50251	4
162	52148	4
162	53114	4
162	53120	4
162	53121	4
162	53122	4
162	53123	4
162	53127	4
162	53130	4
162	53132	4
162	53134	4
162	53135	4
162	53136	4
162	53138	4
162	53140	4
162	53142	4
162	53144	4
162	53146	4
162	53148	4
162	53149	4
162	53152	4
162	53156	4
162	53157	4
162	53158	4
162	53160	4
162	53166	4
162	53169	4
162	53170	4
162	53171	4
162	53172	4
162	53173	4
162	72001	4
162	72676	4
162	72681	4
163	19227	4
163	24048	4
163	24977	4
163	25433	4
163	27802	4
163	28058	4
163	28059	4
163	28063	4
163	46365	4
163	53176	4
163	53179	4
163	53182	4
163	72687	4
164	8015	4
164	8016	4
164	23993	4
164	24105	4
164	24364	4
164	24842	4
164	25067	4
164	25391	4
164	26243	4
164	26272	4
164	26876	4
164	27802	4
164	28060	4
164	28077	4
164	28078	4
164	28079	4
164	28082	4
164	28086	4
164	28087	4
164	47474	4
164	47737	4
164	52232	4
164	53186	4
164	71683	4
165	120	4
165	228	4
165	583	4
165	585	4
165	588	4
165	589	4
165	590	4
165	593	4
165	596	4
165	8018	4
165	8022	4
165	8026	4
165	15760	4
165	15762	4
165	18933	4
165	19030	4
165	19182	4
165	19229	4
165	25857	4
165	28088	4
165	28092	4
165	28095	4
165	28096	4
165	28097	4
165	28100	4
165	53194	4
165	53197	4
165	53199	4
165	53200	4
165	53203	4
165	53205	4
165	53206	4
165	53207	4
165	53208	4
165	53211	4
165	53212	4
165	53213	4
165	53214	4
165	53215	4
165	53219	4
165	53222	4
165	53224	4
165	53230	4
165	53231	4
165	53235	4
165	53236	4
165	53238	4
165	53241	4
165	53245	4
165	53246	4
165	53247	4
165	53249	4
165	53250	4
165	53252	4
165	53253	4
165	53254	4
165	53255	4
165	53256	4
165	53257	4
165	72692	4
165	72694	4
165	72695	4
165	72697	4
165	72704	4
165	72706	4
165	72707	4
165	72708	4
165	72715	4
165	72716	4
165	72729	4
166	601	4
166	603	4
166	8029	4
166	19232	4
166	23701	4
166	23759	4
166	23770	4
166	23793	4
166	23929	4
166	24031	4
166	24032	4
166	24321	4
166	24383	4
166	24466	4
166	25441	4
166	26274	4
166	26437	4
166	28075	4
166	28106	4
166	46410	4
166	46415	4
166	46484	4
166	46598	4
166	46620	4
166	46637	4
166	46779	4
166	46847	4
166	46945	4
166	47122	4
166	47137	4
166	47198	4
166	47289	4
166	47387	4
166	47657	4
166	47672	4
166	47691	4
166	47760	4
166	47841	4
166	48479	4
166	48541	4
166	48591	4
166	48592	4
166	48828	4
166	49227	4
166	49248	4
166	49776	4
166	50309	4
166	50312	4
166	50314	4
166	50498	4
166	51116	4
166	52132	4
166	52156	4
166	53275	4
166	53276	4
166	53282	4
166	53284	4
166	72737	4
167	606	4
167	8031	4
167	15763	4
167	23852	4
167	23882	4
167	23957	4
167	24625	4
167	25216	4
167	25530	4
167	26033	4
167	26283	4
167	27838	4
167	28111	4
167	28113	4
167	28114	4
167	28115	4
167	28118	4
167	46500	4
167	46504	4
167	47341	4
167	47364	4
167	47374	4
167	47392	4
167	47578	4
167	47915	4
167	47983	4
167	48684	4
167	48708	4
167	49324	4
167	50556	4
167	52074	4
167	53285	4
167	53288	4
167	53289	4
167	53291	4
167	53294	4
167	53296	4
167	53298	4
167	53301	4
167	53302	4
167	53304	4
167	53305	4
167	53309	4
167	71241	4
167	72740	4
167	72741	4
167	72744	4
167	72747	4
167	72748	4
167	72750	4
167	72754	4
168	609	4
168	611	4
168	612	4
168	613	4
168	7611	4
168	7952	4
168	8041	4
168	15765	4
168	15767	4
168	19100	4
168	19233	4
168	19235	4
168	19236	4
168	23859	4
168	23865	4
168	24632	4
168	24848	4
168	26515	4
168	27015	4
168	27590	4
168	28127	4
168	28128	4
168	28131	4
168	28132	4
168	28134	4
168	28136	4
168	28137	4
168	44721	4
168	44722	4
168	44723	4
168	46349	4
168	46486	4
168	46535	4
168	46541	4
168	46560	4
168	46567	4
168	46654	4
168	46813	4
168	47389	4
168	47468	4
168	47573	4
168	47581	4
168	47618	4
168	47900	4
168	47913	4
168	48029	4
168	48695	4
168	48707	4
168	49010	4
168	49328	4
168	49350	4
168	49396	4
168	49402	4
168	50061	4
168	50155	4
168	51415	4
168	51889	4
168	53314	4
168	53315	4
168	53317	4
168	53318	4
168	53320	4
168	53321	4
168	53322	4
168	53324	4
168	53332	4
168	53334	4
168	53336	4
168	53337	4
168	53338	4
168	53339	4
168	53342	4
168	53343	4
168	71222	4
168	71252	4
168	71361	4
168	71411	4
168	71413	4
168	71555	4
168	71742	4
168	71748	4
168	72141	4
168	72148	4
168	72377	4
168	72756	4
168	72762	4
168	72766	4
168	72767	4
168	72768	4
168	72772	4
168	72776	4
168	72777	4
168	72778	4
168	72780	4
168	72781	4
168	72782	4
168	72786	4
168	72787	4
168	72788	4
168	72791	4
168	72792	4
168	72794	4
168	72797	4
168	72798	4
168	72799	4
168	72802	4
169	614	4
169	618	4
169	15768	4
169	19237	4
169	19239	4
169	19240	4
169	23705	4
169	24350	4
169	24840	4
169	25773	4
169	27308	4
169	27536	4
169	27936	4
169	28138	4
169	28139	4
169	28142	4
169	28143	4
169	28144	4
169	28147	4
169	28152	4
169	28153	4
169	28154	4
169	28159	4
169	28160	4
169	28162	4
169	28163	4
169	28165	4
169	28167	4
169	46379	4
169	46895	4
169	46914	4
169	47185	4
169	48284	4
169	49659	4
169	53344	4
169	53345	4
169	53351	4
169	53352	4
169	53356	4
169	53358	4
169	53359	4
169	53361	4
169	53364	4
169	53369	4
169	53371	4
169	53375	4
169	53377	4
169	53380	4
169	53381	4
169	53382	4
169	53383	4
169	53384	4
169	53386	4
169	53390	4
169	53391	4
169	72807	4
169	72808	4
169	72811	4
170	291	4
170	24082	4
170	26094	4
170	26446	4
170	27966	4
170	28181	4
170	46301	4
170	46312	4
170	46313	4
170	46326	4
170	46922	4
170	46988	4
170	47633	4
170	47819	4
170	49708	4
170	49752	4
170	50043	4
170	50785	4
170	51931	4
170	52982	4
170	53396	4
170	53397	4
170	53398	4
170	53402	4
170	53403	4
170	53405	4
170	53409	4
170	53413	4
170	53416	4
170	53417	4
171	7555	4
171	8044	4
171	24095	4
171	46799	4
171	46856	4
171	47461	4
171	50563	4
171	51174	4
172	30	4
172	323	4
172	622	4
172	624	4
172	630	4
172	631	4
172	632	4
172	7518	4
172	8048	4
172	15632	4
172	15771	4
172	15773	4
172	19141	4
172	19243	4
172	19244	4
172	19245	4
172	19247	4
172	19249	4
172	24137	4
172	24386	4
172	25146	4
172	25424	4
172	25996	4
172	26002	4
172	27687	4
172	28188	4
172	28193	4
172	28194	4
172	28195	4
172	28199	4
172	28200	4
172	28201	4
172	28202	4
172	28203	4
172	28204	4
172	28206	4
172	46415	4
172	46530	4
172	46594	4
172	46649	4
172	46773	4
172	47033	4
172	47061	4
172	47217	4
172	47545	4
172	47592	4
172	47923	4
172	48867	4
172	48871	4
172	49371	4
172	50067	4
172	50091	4
172	50105	4
172	50141	4
172	50161	4
172	50163	4
172	50172	4
172	50196	4
172	50862	4
172	51059	4
172	51594	4
172	51630	4
172	51643	4
172	51652	4
172	51712	4
172	52304	4
172	53439	4
172	53442	4
172	53443	4
172	53445	4
172	53446	4
172	53447	4
172	53448	4
172	53451	4
172	53453	4
172	53455	4
172	53463	4
172	53464	4
172	53468	4
172	53473	4
172	53476	4
172	53478	4
172	53479	4
172	53480	4
172	53485	4
172	53489	4
172	53491	4
172	53492	4
172	53493	4
172	53497	4
172	71734	4
172	71913	4
172	72029	4
172	72047	4
172	72464	4
172	72819	4
172	72822	4
172	72826	4
172	72827	4
172	72828	4
172	72829	4
172	72831	4
172	72841	4
172	72848	4
172	72850	4
172	72853	4
172	72854	4
172	72855	4
172	72856	4
172	72861	4
172	72864	4
172	72868	4
172	72870	4
172	72872	4
172	72874	4
172	72875	4
172	72876	4
172	72877	4
172	72880	4
172	72882	4
172	72884	4
173	250	4
173	24407	4
173	24517	4
173	28208	4
173	46450	4
173	46495	4
173	46812	4
173	48038	4
173	50051	4
173	50328	4
173	50557	4
173	52470	4
173	53505	4
173	53508	4
173	53509	4
173	72889	4
174	635	4
174	636	4
174	637	4
174	19132	4
174	19251	4
174	19252	4
174	24515	4
174	24684	4
174	26334	4
174	27003	4
174	27989	4
174	28070	4
174	28202	4
174	28210	4
174	28220	4
174	47341	4
174	47849	4
174	48635	4
174	48646	4
174	50771	4
174	51345	4
174	51568	4
174	52806	4
174	53513	4
174	53523	4
174	53524	4
174	53526	4
174	53528	4
174	53529	4
174	72892	4
174	72893	4
174	72895	4
174	72896	4
175	641	4
175	8053	4
175	8054	4
175	8056	4
175	8059	4
175	8060	4
175	8065	4
175	8066	4
175	15782	4
175	18819	4
175	18867	4
175	23688	4
175	23813	4
175	23822	4
175	23885	4
175	23889	4
175	24164	4
175	24439	4
175	24478	4
175	24490	4
175	24491	4
175	24542	4
175	24552	4
175	24554	4
175	24843	4
175	25042	4
175	25480	4
175	25487	4
175	25790	4
175	26281	4
175	26285	4
175	26337	4
175	26819	4
175	27210	4
175	27667	4
175	28111	4
175	28259	4
175	28262	4
175	28264	4
175	28267	4
175	28268	4
175	28270	4
175	28272	4
175	28274	4
175	28278	4
175	28279	4
175	28284	4
175	28290	4
175	28292	4
175	28293	4
175	28294	4
175	28301	4
175	28304	4
175	44729	4
175	44730	4
175	46303	4
175	46493	4
175	46685	4
175	47312	4
175	47461	4
175	47849	4
175	47986	4
175	48015	4
175	48025	4
175	48416	4
175	49030	4
175	49199	4
175	49331	4
175	49940	4
175	50310	4
175	50694	4
175	51150	4
175	51663	4
175	51964	4
175	52302	4
175	53053	4
175	53524	4
175	53564	4
175	53565	4
175	53567	4
175	53568	4
175	53574	4
175	53577	4
175	53578	4
175	53584	4
175	53586	4
175	53587	4
175	53589	4
175	53590	4
175	53592	4
175	53593	4
175	53595	4
175	53601	4
175	53604	4
175	53605	4
175	53606	4
175	53609	4
175	53614	4
175	53615	4
175	53616	4
175	53620	4
175	53621	4
175	53624	4
175	53625	4
175	53627	4
175	53628	4
175	71356	4
175	71390	4
175	71541	4
175	71542	4
175	71554	4
175	71987	4
175	72249	4
175	72896	4
175	72899	4
175	72901	4
175	72907	4
175	72910	4
175	72914	4
175	72915	4
175	72916	4
175	72919	4
175	72920	4
175	72921	4
175	72924	4
175	72925	4
175	72926	4
175	72929	4
175	72931	4
175	72936	4
176	8	4
176	13	4
176	288	4
176	645	4
176	646	4
176	648	4
176	649	4
176	651	4
176	652	4
176	653	4
176	655	4
176	7515	4
176	7578	4
176	7891	4
176	8070	4
176	8071	4
176	8073	4
176	8075	4
176	8076	4
176	8077	4
176	8078	4
176	8081	4
176	8083	4
176	15786	4
176	19255	4
176	19257	4
176	19258	4
176	19259	4
176	19262	4
176	23688	4
176	23772	4
176	23782	4
176	23803	4
176	23812	4
176	23836	4
176	23899	4
176	23973	4
176	23977	4
176	24023	4
176	24349	4
176	24357	4
176	24481	4
176	24483	4
176	24485	4
176	24496	4
176	24506	4
176	24517	4
176	24544	4
176	24546	4
176	24551	4
176	24553	4
176	24554	4
176	24602	4
176	24611	4
176	24619	4
176	25012	4
176	25014	4
176	25018	4
176	25033	4
176	25046	4
176	25144	4
176	25146	4
176	25266	4
176	25304	4
176	25487	4
176	25601	4
176	25651	4
176	25802	4
176	25805	4
176	25846	4
176	25970	4
176	26407	4
176	26411	4
176	26416	4
176	26505	4
176	26524	4
176	26540	4
176	26545	4
176	26564	4
176	26592	4
176	26813	4
176	26817	4
176	26971	4
176	27004	4
176	27010	4
176	27450	4
176	27535	4
176	27724	4
176	28206	4
176	28269	4
176	28284	4
176	28289	4
176	28301	4
176	28306	4
176	28308	4
176	28309	4
176	28312	4
176	28313	4
176	28314	4
176	28323	4
176	28326	4
176	28327	4
176	28328	4
176	28330	4
176	28331	4
176	28333	4
176	28335	4
176	28336	4
176	28337	4
176	28338	4
176	28342	4
176	28343	4
176	28344	4
176	28345	4
176	28346	4
176	28347	4
176	28348	4
176	44732	4
176	46410	4
176	46495	4
176	46497	4
176	46510	4
176	46556	4
176	46561	4
176	46568	4
176	46582	4
176	46679	4
176	46685	4
176	46804	4
176	46972	4
176	47413	4
176	47420	4
176	47467	4
176	47468	4
176	47496	4
176	47536	4
176	47583	4
176	47849	4
176	47854	4
176	47938	4
176	47968	4
176	48188	4
176	48391	4
176	48848	4
176	48876	4
176	48887	4
176	49172	4
176	49199	4
176	49215	4
176	49235	4
176	49236	4
176	49782	4
176	49929	4
176	50084	4
176	50372	4
176	50374	4
176	50389	4
176	50443	4
176	50445	4
176	50559	4
176	50590	4
176	50610	4
176	50622	4
176	51930	4
176	52040	4
176	52044	4
176	52187	4
176	52234	4
176	52574	4
176	53054	4
176	53625	4
176	53629	4
176	53632	4
176	53633	4
176	53635	4
176	53636	4
176	53639	4
176	53640	4
176	53641	4
176	53651	4
176	53652	4
176	53653	4
176	53654	4
176	53659	4
176	53662	4
176	53666	4
176	53667	4
176	53668	4
176	53669	4
176	53673	4
176	53677	4
176	53678	4
176	53679	4
176	53682	4
176	53683	4
176	53684	4
176	53685	4
176	53686	4
176	53688	4
176	53690	4
176	53691	4
176	71252	4
176	71378	4
176	71383	4
176	71390	4
176	71611	4
176	71717	4
176	71945	4
176	71978	4
176	72304	4
176	72325	4
176	72330	4
176	72340	4
176	72402	4
176	72476	4
176	72518	4
176	72519	4
176	72901	4
176	72938	4
176	72939	4
176	72941	4
176	72942	4
176	72944	4
176	72949	4
176	72951	4
176	72952	4
176	72955	4
176	72956	4
176	72957	4
176	72959	4
176	72961	4
176	72962	4
176	72963	4
176	72964	4
176	72965	4
176	72966	4
176	72968	4
176	72972	4
176	72974	4
176	72975	4
176	72976	4
176	72977	4
176	72978	4
176	72979	4
176	72983	4
176	72984	4
176	72986	4
177	656	4
177	657	4
177	658	4
177	659	4
177	660	4
177	24563	4
177	25864	4
177	27693	4
177	28354	4
177	28355	4
177	28357	4
177	28359	4
177	28360	4
177	28362	4
177	28363	4
177	28365	4
177	46301	4
177	46525	4
177	47498	4
177	48152	4
177	48303	4
177	48340	4
177	48350	4
177	49605	4
177	49685	4
177	49980	4
177	49981	4
177	50407	4
177	50555	4
177	50574	4
177	51010	4
177	51362	4
177	52249	4
177	52645	4
177	53565	4
177	53658	4
177	53692	4
177	53693	4
177	53694	4
177	53695	4
177	53699	4
177	53701	4
177	53703	4
177	53704	4
177	53708	4
177	53709	4
177	53711	4
177	53712	4
177	53714	4
177	53716	4
177	53718	4
177	53720	4
177	53721	4
177	53724	4
177	53731	4
177	53732	4
177	53733	4
177	53736	4
177	53742	4
177	53743	4
177	53744	4
177	53745	4
177	53746	4
177	53750	4
177	53751	4
177	53752	4
177	53753	4
177	53754	4
177	53755	4
177	53757	4
177	53759	4
177	53765	4
177	53766	4
177	53769	4
177	53772	4
177	53773	4
177	53776	4
177	71403	4
177	72488	4
177	72988	4
178	56	4
178	664	4
178	28367	4
178	47121	4
178	51086	4
178	51090	4
178	53778	4
178	53779	4
178	53780	4
178	53782	4
178	53784	4
178	53785	4
178	53786	4
178	53791	4
178	53792	4
178	53793	4
178	53794	4
179	666	4
179	8085	4
179	19167	4
179	19265	4
179	23788	4
179	23790	4
179	27874	4
179	27880	4
179	28376	4
179	28380	4
179	28382	4
179	46477	4
179	53797	4
179	53799	4
179	53800	4
179	53805	4
179	72990	4
180	459	4
180	8086	4
180	19266	4
180	25955	4
180	26573	4
180	26831	4
180	28046	4
180	28385	4
180	28386	4
180	28388	4
180	28389	4
180	28390	4
180	28391	4
180	28395	4
180	28399	4
180	28400	4
180	28401	4
180	28404	4
180	28406	4
180	28410	4
180	28411	4
180	28412	4
180	28414	4
180	28416	4
180	46472	4
180	46732	4
180	46733	4
180	47040	4
180	47151	4
180	47702	4
180	48645	4
180	49702	4
180	53811	4
180	53814	4
180	53815	4
180	53819	4
180	53823	4
180	53824	4
180	53827	4
180	53831	4
180	53832	4
180	53835	4
180	53836	4
180	53840	4
180	53841	4
180	53842	4
180	53845	4
180	53846	4
180	53849	4
181	18841	4
181	46301	4
181	72997	4
182	0	4
182	670	4
182	672	4
182	7509	4
182	7764	4
182	7773	4
182	8045	4
182	8094	4
182	8105	4
182	18850	4
182	18917	4
182	18991	4
182	19272	4
182	19273	4
182	19274	4
182	23688	4
182	23786	4
182	23806	4
182	23835	4
182	23849	4
182	23852	4
182	23865	4
182	23889	4
182	23895	4
182	24098	4
182	24116	4
182	24126	4
182	24407	4
182	24415	4
182	24439	4
182	24541	4
182	24549	4
182	24614	4
182	24684	4
182	24692	4
182	25252	4
182	25480	4
182	25848	4
182	26281	4
182	26508	4
182	26524	4
182	26531	4
182	26547	4
182	26592	4
182	26596	4
182	26695	4
182	27019	4
182	27261	4
182	27555	4
182	28134	4
182	28259	4
182	28268	4
182	28274	4
182	28296	4
182	28297	4
182	28426	4
182	28427	4
182	28429	4
182	28430	4
182	28431	4
182	28434	4
182	28435	4
182	28440	4
182	28441	4
182	28443	4
182	28444	4
182	28451	4
182	46483	4
182	46485	4
182	46554	4
182	46561	4
182	46759	4
182	47348	4
182	47467	4
182	47491	4
182	47610	4
182	47849	4
182	47949	4
182	47972	4
182	48059	4
182	48316	4
182	48318	4
182	49004	4
182	49846	4
182	50464	4
182	50579	4
182	51962	4
182	52240	4
182	52243	4
182	52524	4
182	52567	4
182	52585	4
182	53428	4
182	53484	4
182	53564	4
182	53584	4
182	53588	4
182	53595	4
182	53626	4
182	53647	4
182	53884	4
182	53885	4
182	53886	4
182	53891	4
182	53894	4
182	53896	4
182	53898	4
182	53899	4
182	53900	4
182	53901	4
182	71359	4
182	71390	4
182	71819	4
182	72243	4
182	72520	4
182	72632	4
182	72906	4
182	72918	4
182	72930	4
182	72932	4
182	73000	4
182	73006	4
182	73007	4
182	73008	4
183	18827	4
183	28453	4
183	53906	4
183	53907	4
183	53911	4
183	53912	4
183	53913	4
183	53914	4
183	53915	4
183	53921	4
183	53922	4
184	24197	4
184	28457	4
184	28461	4
184	47004	4
184	48741	4
184	53930	4
185	65	4
185	19277	4
185	23765	4
185	23793	4
185	23934	4
185	24049	4
185	24286	4
185	25727	4
185	27971	4
185	28464	4
185	28467	4
185	28472	4
185	46330	4
185	46452	4
185	46616	4
185	46719	4
185	46904	4
185	47123	4
185	47131	4
185	47283	4
185	47289	4
185	47554	4
185	48540	4
185	48560	4
185	48562	4
185	49407	4
185	49694	4
185	52229	4
185	53942	4
186	678	4
186	679	4
186	680	4
186	7645	4
186	18830	4
186	18917	4
186	18974	4
186	19029	4
186	19098	4
186	19221	4
186	19284	4
186	19286	4
186	19290	4
186	19293	4
186	19294	4
186	19298	4
186	19300	4
186	19301	4
186	24222	4
186	24301	4
186	24562	4
186	24569	4
186	24984	4
186	25070	4
186	25084	4
186	25094	4
186	25178	4
186	25210	4
186	25539	4
186	25751	4
186	25756	4
186	25837	4
186	26631	4
186	26635	4
186	26780	4
186	27486	4
186	27600	4
186	28497	4
186	28502	4
186	28505	4
186	28510	4
186	28511	4
186	28513	4
186	28515	4
186	28517	4
186	28518	4
186	28520	4
186	28522	4
186	28523	4
186	28526	4
186	28534	4
186	28536	4
186	28538	4
186	28539	4
186	28541	4
186	28543	4
186	28545	4
186	28548	4
186	28549	4
186	28551	4
186	28553	4
186	28554	4
186	28556	4
186	28557	4
186	28558	4
186	28560	4
186	28567	4
186	28568	4
186	28569	4
186	28571	4
186	28574	4
186	46321	4
186	46783	4
186	47287	4
186	47567	4
186	47856	4
186	47874	4
186	48077	4
186	49760	4
186	51630	4
186	51739	4
186	52761	4
186	53956	4
186	53958	4
186	53963	4
186	53967	4
186	53968	4
186	53969	4
186	53970	4
186	53973	4
186	53974	4
186	53977	4
186	53979	4
186	53980	4
186	53984	4
186	53985	4
186	53986	4
186	53988	4
186	53990	4
186	53991	4
186	53993	4
186	53995	4
186	53996	4
186	53997	4
186	53998	4
186	54000	4
186	54003	4
186	73021	4
186	73022	4
186	73024	4
186	73026	4
186	73028	4
186	73030	4
187	94	4
187	190	4
187	683	4
187	8110	4
187	8111	4
187	15793	4
187	18818	4
187	18867	4
187	23780	4
187	23857	4
187	23892	4
187	24094	4
187	24421	4
187	24556	4
187	24621	4
187	24844	4
187	24920	4
187	25255	4
187	25493	4
187	25630	4
187	25780	4
187	26408	4
187	26448	4
187	26515	4
187	26564	4
187	26592	4
187	27010	4
187	27211	4
187	27983	4
187	28134	4
187	28208	4
187	28304	4
187	28579	4
187	28582	4
187	28584	4
187	28588	4
187	28590	4
187	28595	4
187	28598	4
187	46510	4
187	46516	4
187	46521	4
187	46542	4
187	46544	4
187	46556	4
187	46597	4
187	46812	4
187	46904	4
187	47297	4
187	47337	4
187	47388	4
187	47467	4
187	47574	4
187	47578	4
187	47602	4
187	47612	4
187	47666	4
187	47775	4
187	47921	4
187	47971	4
187	48595	4
187	48679	4
187	48707	4
187	48874	4
187	49646	4
187	49681	4
187	49717	4
187	49779	4
187	50540	4
187	50697	4
187	50906	4
187	51116	4
187	51255	4
187	51291	4
187	51318	4
187	51320	4
187	51892	4
187	52524	4
187	52599	4
187	53312	4
187	53335	4
187	53565	4
187	53620	4
187	53914	4
187	54007	4
187	54022	4
187	54025	4
187	54026	4
187	54029	4
187	54031	4
187	54034	4
187	54041	4
187	54043	4
187	54044	4
187	54045	4
187	54046	4
187	71355	4
187	71356	4
187	71359	4
187	71388	4
187	71401	4
187	71416	4
187	71737	4
187	71857	4
187	73033	4
187	73034	4
187	73036	4
187	73037	4
187	73038	4
187	73046	4
188	23711	4
188	24316	4
188	24690	4
188	24696	4
188	24923	4
188	26890	4
188	27974	4
188	28602	4
188	28605	4
188	46988	4
188	47753	4
188	48778	4
188	49194	4
188	53943	4
188	54053	4
188	54056	4
188	73053	4
189	468	4
189	676	4
189	690	4
189	19304	4
189	19306	4
189	19308	4
189	19310	4
189	19313	4
189	19315	4
189	25175	4
189	26358	4
189	27220	4
189	28610	4
189	28611	4
189	28613	4
189	28614	4
189	28617	4
189	28619	4
189	28622	4
189	46575	4
189	46579	4
189	51882	4
189	54062	4
189	54064	4
189	54066	4
189	54067	4
189	54069	4
189	54070	4
189	54071	4
189	54072	4
189	54075	4
189	72208	4
189	73054	4
189	73056	4
190	8115	4
190	8116	4
190	15796	4
190	23690	4
190	23768	4
190	23871	4
190	24286	4
190	24967	4
190	25305	4
190	25451	4
190	26086	4
190	26260	4
190	26729	4
190	27120	4
190	28625	4
190	28629	4
190	47289	4
190	47376	4
190	48159	4
190	48163	4
190	48668	4
190	48812	4
190	50024	4
190	51530	4
190	54080	4
190	54085	4
190	71508	4
190	73057	4
191	94	4
191	459	4
191	475	4
191	692	4
191	693	4
191	695	4
191	7655	4
191	8120	4
191	8126	4
191	8129	4
191	8136	4
191	8141	4
191	15797	4
191	15798	4
191	19014	4
191	19320	4
191	19323	4
191	19327	4
191	25925	4
191	26341	4
191	28419	4
191	28633	4
191	28639	4
191	28644	4
191	28646	4
191	46743	4
191	47515	4
191	50451	4
191	50757	4
191	51832	4
191	51845	4
191	51890	4
191	52092	4
191	53785	4
191	54086	4
191	54087	4
191	54089	4
191	54092	4
191	54094	4
191	54095	4
191	54100	4
191	54103	4
191	54109	4
191	54114	4
191	54116	4
191	54118	4
191	54121	4
191	54127	4
191	54128	4
191	54129	4
191	54135	4
191	54136	4
191	54144	4
191	71617	4
191	73064	4
191	73067	4
191	73071	4
191	73072	4
191	73075	4
191	73077	4
192	701	4
192	8144	4
192	19328	4
192	28653	4
192	28655	4
192	28656	4
192	44741	4
192	44742	4
192	46493	4
192	53095	4
192	54146	4
192	54150	4
192	54151	4
192	54154	4
193	8151	4
193	23843	4
193	24390	4
193	24541	4
193	24884	4
193	25851	4
193	26531	4
193	26851	4
193	27213	4
193	27522	4
193	27686	4
193	28297	4
193	28670	4
193	28672	4
193	28675	4
193	46483	4
193	46515	4
193	46522	4
193	46544	4
193	46579	4
193	47318	4
193	47389	4
193	47571	4
193	47697	4
193	48571	4
193	48679	4
193	49396	4
193	51630	4
193	52534	4
193	54015	4
193	54183	4
193	54186	4
193	54191	4
193	54197	4
193	54199	4
193	54200	4
194	18813	4
194	24456	4
194	28679	4
194	46376	4
194	46377	4
194	46379	4
194	46620	4
194	47822	4
194	48073	4
194	48083	4
194	49767	4
194	50386	4
194	52292	4
194	54201	4
194	54204	4
194	54206	4
194	71757	4
195	8154	4
195	23858	4
195	24306	4
195	24338	4
195	24735	4
195	25125	4
195	46718	4
195	46900	4
195	46925	4
195	46928	4
195	48275	4
195	52124	4
195	54211	4
195	54212	4
195	54215	4
195	54217	4
195	54219	4
195	54220	4
195	54221	4
195	54223	4
195	54224	4
195	72581	4
195	73086	4
196	709	4
196	47399	4
196	48946	4
196	51678	4
196	52250	4
196	54231	4
197	28693	4
197	28695	4
197	50640	4
197	54232	4
197	54234	4
197	73087	4
197	73088	4
198	710	4
198	711	4
198	713	4
198	714	4
198	8161	4
198	8162	4
198	8163	4
198	19020	4
198	19022	4
198	19026	4
198	19106	4
198	19135	4
198	19330	4
198	19332	4
198	19333	4
198	19337	4
198	24569	4
198	25113	4
198	25564	4
198	25850	4
198	26415	4
198	28697	4
198	28698	4
198	28699	4
198	28703	4
198	28704	4
198	28707	4
198	28710	4
198	28712	4
198	28713	4
198	28718	4
198	28719	4
198	28720	4
198	28721	4
198	28727	4
198	28728	4
198	28729	4
198	47974	4
198	48197	4
198	48404	4
198	52194	4
198	54106	4
198	54240	4
198	54241	4
198	54244	4
198	54245	4
198	54246	4
198	54247	4
198	54250	4
198	54251	4
198	54256	4
198	54259	4
198	54263	4
198	54267	4
198	54268	4
198	54270	4
198	54271	4
198	73095	4
198	73098	4
198	73099	4
199	19339	4
199	26385	4
199	28734	4
199	28737	4
199	28739	4
199	28743	4
199	28744	4
199	28747	4
199	28752	4
199	48129	4
199	49506	4
199	49897	4
199	50238	4
199	53114	4
199	53136	4
199	54273	4
199	54274	4
199	54275	4
199	54278	4
199	54279	4
199	54281	4
199	54285	4
199	73102	4
200	717	4
200	8173	4
200	23822	4
200	24114	4
200	24584	4
200	26012	4
200	28770	4
200	28772	4
200	28773	4
200	28774	4
200	28779	4
200	44736	4
200	46379	4
200	46445	4
200	46603	4
200	46793	4
200	46919	4
200	47516	4
200	49548	4
200	50640	4
200	50643	4
200	50956	4
200	52173	4
200	54302	4
200	54303	4
200	54304	4
200	54307	4
200	54309	4
200	54310	4
200	54311	4
200	54313	4
200	54315	4
200	54317	4
201	434	4
201	718	4
201	719	4
201	8175	4
201	15804	4
201	24166	4
201	27102	4
201	28784	4
201	28788	4
201	28793	4
201	28794	4
201	28795	4
201	47033	4
201	48856	4
201	48892	4
201	51494	4
201	52457	4
201	54320	4
201	54324	4
201	54327	4
201	54328	4
201	54329	4
201	54335	4
201	54345	4
201	73112	4
201	73114	4
201	73117	4
202	24356	4
202	25104	4
202	25864	4
202	25994	4
202	28652	4
202	28799	4
202	28800	4
202	28801	4
202	28803	4
202	28805	4
202	28806	4
202	28809	4
202	46367	4
202	46844	4
202	47186	4
202	47197	4
202	47228	4
202	48153	4
202	48230	4
202	48388	4
202	48581	4
202	48618	4
202	48821	4
202	49174	4
202	49348	4
202	49544	4
202	49727	4
202	50296	4
202	51058	4
202	51639	4
202	54252	4
202	54312	4
202	54347	4
202	54348	4
202	54350	4
202	54353	4
202	54356	4
202	54361	4
202	54362	4
202	54363	4
202	54364	4
202	54366	4
202	54368	4
202	73119	4
203	720	4
203	28810	4
203	50843	4
204	595	4
204	8177	4
204	28819	4
204	28820	4
204	28821	4
204	28825	4
204	28827	4
204	49806	4
204	54379	4
204	54382	4
204	73120	4
205	723	4
205	726	4
205	727	4
205	729	4
205	731	4
205	734	4
205	8182	4
205	8184	4
205	8189	4
205	18942	4
205	19020	4
205	19122	4
205	19283	4
205	19344	4
205	19345	4
205	19346	4
205	19347	4
205	24572	4
205	25215	4
205	25230	4
205	25246	4
205	25363	4
205	25364	4
205	25663	4
205	25684	4
205	25949	4
205	25958	4
205	26421	4
205	26733	4
205	27003	4
205	27014	4
205	27038	4
205	27197	4
205	27555	4
205	27605	4
205	27619	4
205	27626	4
205	27645	4
205	27906	4
205	28830	4
205	28831	4
205	28835	4
205	28836	4
205	28839	4
205	28842	4
205	28844	4
205	28848	4
205	28850	4
205	28852	4
205	28853	4
205	28855	4
205	28856	4
205	28858	4
205	28860	4
205	28861	4
205	28863	4
205	28867	4
205	28872	4
205	28874	4
205	28875	4
205	28876	4
205	28877	4
205	28878	4
205	28879	4
205	28881	4
205	28882	4
205	28884	4
205	28885	4
205	28888	4
205	28890	4
205	44750	4
205	44751	4
205	48286	4
205	48287	4
205	48290	4
205	48308	4
205	48317	4
205	48335	4
205	48351	4
205	48734	4
205	48886	4
205	48936	4
205	48937	4
205	49025	4
205	50112	4
205	50459	4
205	50478	4
205	50740	4
205	50967	4
205	51011	4
205	52095	4
205	52406	4
205	52446	4
205	52908	4
205	53075	4
205	53724	4
205	54386	4
205	54388	4
205	54390	4
205	54391	4
205	54392	4
205	54393	4
205	54395	4
205	54398	4
205	54399	4
205	54400	4
205	54401	4
205	54403	4
205	54406	4
205	54407	4
205	54409	4
205	54412	4
205	54413	4
205	54415	4
205	54417	4
205	54426	4
205	54428	4
205	54430	4
205	54431	4
205	54434	4
205	54435	4
205	54438	4
205	54441	4
205	54442	4
205	54444	4
205	54446	4
205	54447	4
205	54448	4
205	54449	4
205	54451	4
205	71253	4
205	73122	4
205	73123	4
205	73130	4
205	73132	4
205	73133	4
205	73134	4
205	73135	4
205	73136	4
205	73143	4
205	73145	4
205	73146	4
205	73149	4
205	73151	4
205	73153	4
205	73154	4
205	73155	4
205	73156	4
205	73159	4
205	73163	4
205	73167	4
205	73168	4
205	73169	4
206	8193	4
206	19070	4
206	19350	4
206	25756	4
206	25769	4
206	25844	4
206	27063	4
206	28903	4
206	28906	4
206	47053	4
206	48654	4
206	48954	4
206	48973	4
206	48984	4
206	49024	4
206	51434	4
206	51475	4
206	54230	4
206	54463	4
206	54464	4
206	54468	4
206	54471	4
206	54473	4
206	54474	4
206	54476	4
206	54477	4
206	54478	4
207	737	4
207	8111	4
207	18936	4
207	19210	4
207	23765	4
207	23899	4
207	25502	4
207	25673	4
207	27343	4
207	28120	4
207	28909	4
207	46564	4
207	46758	4
207	47342	4
207	47461	4
207	47478	4
207	48660	4
207	49700	4
207	51048	4
207	52534	4
207	54479	4
207	54482	4
207	54484	4
207	54485	4
207	54488	4
207	73174	4
207	73175	4
208	23921	4
208	24023	4
208	24073	4
208	25203	4
208	25575	4
208	25615	4
208	27796	4
208	28913	4
208	46431	4
208	48275	4
208	48623	4
208	54490	4
209	7811	4
209	8197	4
209	24689	4
209	28915	4
209	28916	4
209	46930	4
209	46949	4
209	48591	4
209	48811	4
209	49670	4
209	49789	4
209	51873	4
209	54497	4
209	54506	4
209	73177	4
210	741	4
210	743	4
210	7562	4
210	8199	4
210	18844	4
210	19356	4
210	28919	4
210	28922	4
210	51465	4
210	54515	4
211	24	4
211	46515	4
211	47775	4
211	54523	4
212	744	4
212	747	4
212	7923	4
212	19357	4
212	23780	4
212	23781	4
212	23883	4
212	24349	4
212	24402	4
212	24612	4
212	24621	4
212	24746	4
212	25470	4
212	25500	4
212	26281	4
212	26501	4
212	26508	4
212	27019	4
212	27524	4
212	27667	4
212	27983	4
212	28928	4
212	28930	4
212	28931	4
212	28932	4
212	44679	4
212	44754	4
212	46441	4
212	46444	4
212	46521	4
212	46554	4
212	47393	4
212	47823	4
212	47847	4
212	47956	4
212	50320	4
212	52550	4
212	53619	4
212	54096	4
212	54528	4
212	54529	4
212	54531	4
212	71419	4
212	72254	4
212	73184	4
212	73186	4
212	73187	4
212	73188	4
212	73189	4
213	8208	4
213	18889	4
213	28938	4
213	28942	4
213	28943	4
213	28944	4
213	28950	4
213	49856	4
213	49878	4
213	50232	4
213	54536	4
213	54541	4
214	127	4
214	8038	4
214	8210	4
214	18923	4
214	18930	4
214	19011	4
214	19070	4
214	19072	4
214	23857	4
214	23859	4
214	23865	4
214	24019	4
214	24370	4
214	24371	4
214	24378	4
214	25028	4
214	25043	4
214	25198	4
214	25648	4
214	25855	4
214	25861	4
214	26529	4
214	26588	4
214	26605	4
214	27198	4
214	27832	4
214	27850	4
214	27851	4
214	28669	4
214	28671	4
214	28957	4
214	28961	4
214	46486	4
214	46529	4
214	46567	4
214	46585	4
214	46597	4
214	47318	4
214	47770	4
214	47775	4
214	48115	4
214	48125	4
214	48308	4
214	48679	4
214	48687	4
214	48695	4
214	49162	4
214	49331	4
214	49333	4
214	49338	4
214	50123	4
214	50443	4
214	50678	4
214	50707	4
214	51104	4
214	51332	4
214	52565	4
214	53053	4
214	53124	4
214	53476	4
214	53548	4
214	54545	4
214	54549	4
214	54551	4
214	54553	4
214	54554	4
214	54558	4
214	54562	4
214	54564	4
214	54566	4
214	71218	4
214	71328	4
214	72796	4
214	73193	4
214	73194	4
214	73195	4
214	73196	4
214	73197	4
214	73198	4
216	754	4
216	758	4
216	8217	4
216	19362	4
216	19363	4
216	19366	4
216	24386	4
216	24521	4
216	25175	4
216	25477	4
216	25544	4
216	26033	4
216	26664	4
216	26682	4
216	27055	4
216	28190	4
216	28426	4
216	28973	4
216	28980	4
216	28982	4
216	28984	4
216	28985	4
216	28987	4
216	28989	4
216	28991	4
216	28994	4
216	28995	4
216	28996	4
216	29000	4
216	46558	4
216	46807	4
216	46812	4
216	47377	4
216	47546	4
216	47708	4
216	48722	4
216	49149	4
216	49305	4
216	49365	4
216	50706	4
216	50754	4
216	50916	4
216	53658	4
216	53755	4
216	54253	4
216	54574	4
216	54575	4
216	54578	4
216	54579	4
216	54581	4
216	54590	4
216	54591	4
216	54592	4
216	54596	4
216	54597	4
216	54598	4
216	54601	4
216	54603	4
216	54604	4
216	54607	4
216	54609	4
216	54611	4
216	54612	4
216	54613	4
216	54616	4
216	54623	4
216	54632	4
216	54640	4
216	54649	4
216	71212	4
216	73007	4
217	23798	4
217	23802	4
217	24284	4
217	24777	4
217	25318	4
217	26131	4
217	27333	4
217	29004	4
217	29008	4
217	29011	4
217	29012	4
217	29015	4
217	46424	4
217	46952	4
217	47159	4
217	47752	4
217	47850	4
217	47883	4
217	48538	4
217	48582	4
217	50267	4
217	51943	4
217	52289	4
217	53108	4
217	54651	4
217	54653	4
217	54654	4
217	54657	4
217	54658	4
217	54662	4
217	54663	4
217	54665	4
217	54669	4
218	29025	4
218	29026	4
218	54272	4
219	207	4
219	766	4
219	768	4
219	770	4
219	8219	4
219	8220	4
219	15804	4
219	18946	4
219	18991	4
219	19232	4
219	23721	4
219	23724	4
219	23736	4
219	23746	4
219	23747	4
219	23748	4
219	23750	4
219	24110	4
219	24115	4
219	24134	4
219	24138	4
219	24178	4
219	24194	4
219	24195	4
219	24462	4
219	25170	4
219	25279	4
219	25327	4
219	25339	4
219	25341	4
219	25638	4
219	25721	4
219	25746	4
219	25748	4
219	25832	4
219	25853	4
219	25930	4
219	25948	4
219	25965	4
219	26211	4
219	26469	4
219	26471	4
219	26764	4
219	26785	4
219	27573	4
219	27595	4
219	27633	4
219	27658	4
219	27962	4
219	28555	4
219	28955	4
219	29027	4
219	29029	4
219	29030	4
219	29032	4
219	29034	4
219	29044	4
219	29046	4
219	29052	4
219	29053	4
219	29056	4
219	29061	4
219	29064	4
219	29065	4
219	29066	4
219	29068	4
219	29069	4
219	29071	4
219	29072	4
219	46624	4
219	47038	4
219	48521	4
219	48528	4
219	48975	4
219	49494	4
219	50746	4
219	54407	4
219	54682	4
219	54683	4
219	54684	4
219	54687	4
219	54688	4
219	54689	4
219	54691	4
219	54697	4
219	54698	4
219	54699	4
219	54710	4
219	54715	4
219	54716	4
219	54718	4
219	54721	4
219	54722	4
219	54723	4
219	54724	4
219	71208	4
219	71765	4
219	72005	4
219	72054	4
219	72827	4
219	73200	4
219	73202	4
219	73203	4
219	73205	4
219	73207	4
220	278	4
220	19370	4
220	28644	4
220	29101	4
220	29107	4
220	29109	4
220	29115	4
220	29116	4
220	29117	4
220	29118	4
220	47519	4
220	49020	4
220	49178	4
220	50754	4
220	50885	4
220	52933	4
220	53889	4
220	54308	4
220	54574	4
220	54749	4
220	54750	4
220	54754	4
220	54757	4
220	54769	4
220	54777	4
220	54785	4
221	29125	4
221	50807	4
221	52713	4
221	73219	4
222	292	4
222	782	4
222	18884	4
222	18885	4
222	23704	4
222	23914	4
222	24023	4
222	24027	4
222	24105	4
222	24274	4
222	24336	4
222	24361	4
222	24650	4
222	24831	4
222	25437	4
222	25621	4
222	28060	4
222	29128	4
222	46301	4
222	46391	4
222	46410	4
222	46603	4
222	46616	4
222	46620	4
222	46908	4
222	46948	4
222	47199	4
222	47281	4
222	47288	4
222	47344	4
222	47626	4
222	47657	4
222	47809	4
222	47880	4
222	51143	4
222	52104	4
222	52272	4
222	53048	4
222	54666	4
222	54795	4
222	54799	4
222	54801	4
222	54805	4
222	71296	4
222	71817	4
222	73220	4
222	73222	4
223	19372	4
223	19373	4
223	23704	4
223	23738	4
223	23760	4
223	23898	4
223	23924	4
223	23925	4
223	23975	4
223	24076	4
223	24234	4
223	24383	4
223	24529	4
223	24691	4
223	25305	4
223	25374	4
223	25391	4
223	25447	4
223	25764	4
223	25879	4
223	25935	4
223	25959	4
223	26428	4
223	26920	4
223	27534	4
223	27547	4
223	27627	4
223	27961	4
223	28485	4
223	29136	4
223	29138	4
223	29141	4
223	29149	4
223	29150	4
223	29152	4
223	29155	4
223	29157	4
223	29159	4
223	29164	4
223	29166	4
223	29168	4
223	46298	4
223	46330	4
223	46368	4
223	46623	4
223	46628	4
223	46682	4
223	46944	4
223	46975	4
223	46994	4
223	47006	4
223	47053	4
223	47054	4
223	47117	4
223	47131	4
223	47155	4
223	47185	4
223	47213	4
223	47269	4
223	47277	4
223	48153	4
223	48215	4
223	48422	4
223	48550	4
223	49132	4
223	49210	4
223	49508	4
223	49727	4
223	49895	4
223	50039	4
223	50272	4
223	50488	4
223	50662	4
223	50958	4
223	51365	4
223	51394	4
223	51416	4
223	52263	4
223	52362	4
223	52379	4
223	52870	4
223	52905	4
223	54082	4
223	54367	4
223	54810	4
223	54812	4
223	54813	4
223	54814	4
223	54816	4
223	54817	4
223	54820	4
223	54822	4
223	54824	4
223	54825	4
223	54828	4
223	54829	4
223	54832	4
223	54833	4
223	54834	4
223	54842	4
223	54844	4
223	54846	4
223	54848	4
223	54849	4
223	54851	4
223	54855	4
223	54860	4
223	54865	4
223	54866	4
223	71622	4
223	73224	4
224	785	4
224	8226	4
224	8227	4
224	8231	4
224	25463	4
224	29171	4
224	48459	4
224	48473	4
224	51735	4
224	54868	4
224	54869	4
224	54871	4
224	54874	4
224	54876	4
224	71616	4
224	73226	4
224	73228	4
224	73230	4
224	73236	4
224	73237	4
225	579	4
225	786	4
225	790	4
225	791	4
225	792	4
225	8167	4
225	8233	4
225	8234	4
225	8235	4
225	15819	4
225	15820	4
225	15821	4
225	18845	4
225	18942	4
225	19376	4
225	19382	4
225	24001	4
225	26380	4
225	26391	4
225	28391	4
225	28395	4
225	28746	4
225	28750	4
225	28938	4
225	29177	4
225	29179	4
225	29182	4
225	29187	4
225	29189	4
225	29194	4
225	29197	4
225	29202	4
225	29204	4
225	29205	4
225	29206	4
225	29207	4
225	29209	4
225	29210	4
225	29214	4
225	29221	4
225	29227	4
225	29228	4
225	29231	4
225	29234	4
225	29237	4
225	46311	4
225	46731	4
225	47710	4
225	49889	4
225	50222	4
225	50230	4
225	50238	4
225	51008	4
225	51142	4
225	51166	4
225	52063	4
225	53160	4
225	54877	4
225	54880	4
225	54881	4
225	54882	4
225	54888	4
225	54889	4
225	54892	4
225	54894	4
225	54896	4
225	54898	4
225	54899	4
225	54900	4
225	54901	4
225	54904	4
225	54906	4
225	54907	4
225	54911	4
225	54915	4
225	54919	4
225	54923	4
225	54924	4
225	54925	4
225	71753	4
225	72646	4
225	73105	4
225	73224	4
225	73242	4
225	73243	4
225	73249	4
225	73255	4
225	73256	4
225	73259	4
225	73260	4
225	73261	4
225	73262	4
225	73265	4
225	73267	4
225	73269	4
225	73270	4
226	24059	4
226	24356	4
226	27554	4
226	29240	4
226	46603	4
226	47657	4
226	47663	4
226	51931	4
226	54927	4
226	54929	4
226	54931	4
227	183	4
227	207	4
227	800	4
227	804	4
227	805	4
227	810	4
227	811	4
227	821	4
227	823	4
227	826	4
227	8237	4
227	8238	4
227	15838	4
227	19383	4
227	24109	4
227	24178	4
227	24192	4
227	24195	4
227	24196	4
227	24206	4
227	24526	4
227	25152	4
227	25657	4
227	25708	4
227	25937	4
227	26454	4
227	27076	4
227	27340	4
227	28514	4
227	29030	4
227	29065	4
227	29244	4
227	29247	4
227	29248	4
227	29249	4
227	29252	4
227	29256	4
227	29258	4
227	29260	4
227	29262	4
227	29264	4
227	29267	4
227	29268	4
227	29269	4
227	29271	4
227	29273	4
227	29276	4
227	36672	4
227	44762	4
227	46581	4
227	47059	4
227	47076	4
227	47400	4
227	48145	4
227	48460	4
227	48463	4
227	48971	4
227	49001	4
227	49040	4
227	49047	4
227	49119	4
227	49137	4
227	50398	4
227	50859	4
227	50953	4
227	52097	4
227	52416	4
227	52428	4
227	52439	4
227	52441	4
227	52466	4
227	52876	4
227	52897	4
227	52913	4
227	52933	4
227	54372	4
227	54932	4
227	54933	4
227	54935	4
227	54937	4
227	54940	4
227	54941	4
227	54944	4
227	54946	4
227	54948	4
227	54949	4
227	54951	4
227	54953	4
227	54957	4
227	54960	4
227	54968	4
227	54972	4
227	54974	4
227	54975	4
227	54977	4
227	54978	4
227	54981	4
227	54982	4
227	54983	4
227	54985	4
227	54986	4
227	54987	4
227	54991	4
227	54995	4
227	54997	4
227	54998	4
227	55001	4
227	55004	4
227	55005	4
227	55007	4
227	55012	4
227	55018	4
227	55022	4
227	55023	4
227	55025	4
227	55026	4
227	55029	4
227	71317	4
227	72848	4
227	73274	4
227	73275	4
227	73277	4
227	73279	4
227	73281	4
227	73283	4
227	73284	4
227	73287	4
227	73288	4
227	73290	4
227	73291	4
227	73293	4
227	73295	4
227	73296	4
227	73300	4
227	73301	4
227	73302	4
227	73304	4
227	73307	4
227	73309	4
227	73310	4
227	73312	4
227	73315	4
227	73316	4
227	73319	4
227	73324	4
227	73325	4
227	73327	4
227	73329	4
227	73331	4
227	73332	4
227	73337	4
227	73338	4
227	73339	4
227	73340	4
227	73342	4
227	73347	4
227	73353	4
227	73356	4
227	73357	4
227	73358	4
227	73359	4
227	73360	4
227	73363	4
228	287	4
228	7993	4
228	8242	4
228	8243	4
228	8244	4
228	15613	4
228	15843	4
228	24045	4
228	24338	4
228	26404	4
228	27378	4
228	27528	4
228	27570	4
228	27959	4
228	29278	4
228	29282	4
228	50023	4
228	50272	4
228	53950	4
228	54212	4
228	55032	4
228	55033	4
228	55036	4
228	55037	4
228	55038	4
228	55040	4
228	71633	4
228	73365	4
228	73367	4
228	73369	4
228	73371	4
228	73372	4
228	73373	4
229	23690	4
229	23900	4
229	23901	4
229	24105	4
229	24637	4
229	24702	4
229	24721	4
229	25306	4
229	25457	4
229	25879	4
229	26081	4
229	26783	4
229	27373	4
229	28608	4
229	28912	4
229	29287	4
229	29288	4
229	29289	4
229	46373	4
229	46379	4
229	46457	4
229	46626	4
229	46944	4
229	46988	4
229	47289	4
229	55042	4
229	71453	4
229	73378	4
229	73381	4
230	18893	4
230	18947	4
230	23701	4
230	23793	4
230	24158	4
230	24291	4
230	24465	4
230	24651	4
230	25207	4
230	25504	4
230	25566	4
230	26428	4
230	26872	4
230	27564	4
230	27739	4
230	27784	4
230	27816	4
230	28802	4
230	29296	4
230	29300	4
230	29301	4
230	29302	4
230	29306	4
230	29308	4
230	29309	4
230	29311	4
230	29313	4
230	30176	4
230	46367	4
230	46415	4
230	46842	4
230	46955	4
230	48197	4
230	50221	4
230	50293	4
230	50488	4
230	50496	4
230	52254	4
230	53091	4
230	53092	4
230	54351	4
230	54827	4
230	55046	4
230	55049	4
230	55051	4
230	55052	4
230	55054	4
230	73383	4
230	73384	4
230	73385	4
230	73386	4
230	73387	4
230	73388	4
231	23910	4
231	24096	4
231	24362	4
231	25059	4
231	26563	4
231	26890	4
231	29314	4
231	29316	4
231	46457	4
231	46617	4
231	47272	4
231	47633	4
231	47726	4
231	49243	4
231	50308	4
231	55056	4
231	55057	4
231	55059	4
232	82	4
232	430	4
232	829	4
232	831	4
232	7619	4
232	8249	4
232	18845	4
232	19078	4
232	23786	4
232	24109	4
232	24177	4
232	24578	4
232	24582	4
232	24586	4
232	24600	4
232	24840	4
232	24936	4
232	25175	4
232	26341	4
232	26566	4
232	26628	4
232	26660	4
232	26683	4
232	26694	4
232	27054	4
232	27460	4
232	28533	4
232	28572	4
232	28985	4
232	29318	4
232	29325	4
232	29327	4
232	29332	4
232	29334	4
232	29335	4
232	29339	4
232	29344	4
232	29347	4
232	29350	4
232	29351	4
232	29352	4
232	29355	4
232	29358	4
232	29359	4
232	29360	4
232	29363	4
232	29364	4
232	29365	4
232	29366	4
232	46793	4
232	47524	4
232	47526	4
232	49293	4
232	49452	4
232	50816	4
232	51388	4
232	51847	4
232	51858	4
232	52443	4
232	53889	4
232	54103	4
232	54315	4
232	54533	4
232	54758	4
232	55062	4
232	55063	4
232	55065	4
232	55068	4
232	55071	4
232	55076	4
232	55078	4
232	55082	4
232	55086	4
232	55090	4
232	55091	4
232	55092	4
232	55093	4
232	55096	4
232	55097	4
232	55099	4
232	55103	4
232	71741	4
232	71809	4
232	71982	4
232	72143	4
232	73393	4
232	73397	4
233	833	4
233	8251	4
233	23822	4
233	23831	4
233	24163	4
233	24408	4
233	24505	4
233	25527	4
233	27324	4
233	27346	4
233	29371	4
233	29373	4
233	29376	4
233	46809	4
233	47281	4
233	47468	4
233	47496	4
233	47588	4
233	48651	4
233	50059	4
233	50445	4
233	55111	4
233	55113	4
233	55116	4
233	55119	4
233	73403	4
233	73405	4
234	12	4
234	47	4
234	8257	4
234	19394	4
234	25148	4
234	29071	4
234	29296	4
234	29381	4
234	29383	4
234	29384	4
234	29385	4
234	29387	4
234	29388	4
234	36672	4
234	44767	4
234	47061	4
234	47397	4
234	54341	4
234	54373	4
234	54952	4
234	54986	4
234	55120	4
234	55129	4
234	55133	4
234	55134	4
234	55135	4
234	55136	4
234	73407	4
234	73409	4
234	73411	4
234	73412	4
235	19396	4
235	25198	4
235	27668	4
235	51112	4
235	55146	4
235	55147	4
236	838	4
236	25846	4
236	27371	4
236	71647	4
237	8260	4
237	25291	4
237	55150	4
237	55151	4
237	72938	4
238	8264	4
238	24159	4
238	26468	4
238	27546	4
238	29395	4
238	29396	4
238	29399	4
238	44769	4
238	47809	4
238	48286	4
238	49122	4
238	52779	4
238	54393	4
238	54398	4
238	55153	4
238	55155	4
238	55158	4
238	55159	4
239	23858	4
239	23923	4
239	24456	4
239	25876	4
239	29404	4
239	46719	4
239	47238	4
239	47290	4
239	47722	4
239	48486	4
239	49412	4
240	202	4
240	24903	4
240	26263	4
240	26622	4
240	26627	4
240	29408	4
240	47199	4
240	47764	4
240	49861	4
240	50790	4
240	50796	4
240	53374	4
240	54661	4
240	55163	4
240	55172	4
240	55173	4
240	55174	4
240	55177	4
240	55178	4
240	55179	4
240	55181	4
240	73420	4
241	8270	4
241	15852	4
241	23729	4
241	24100	4
241	55184	4
242	844	4
242	7626	4
242	7628	4
242	8272	4
242	8274	4
242	8275	4
242	8277	4
242	15689	4
242	15783	4
242	15854	4
242	15855	4
242	18914	4
242	18942	4
242	18998	4
242	19253	4
242	19400	4
242	19401	4
242	19402	4
242	19406	4
242	23779	4
242	23816	4
242	24006	4
242	24008	4
242	24009	4
242	24011	4
242	25007	4
242	25018	4
242	25198	4
242	26043	4
242	27682	4
242	28149	4
242	28600	4
242	29411	4
242	29412	4
242	29413	4
242	29417	4
242	29418	4
242	29419	4
242	29421	4
242	29423	4
242	29424	4
242	29427	4
242	29429	4
242	44771	4
242	46483	4
242	46502	4
242	46543	4
242	46776	4
242	47456	4
242	47590	4
242	48646	4
242	48686	4
242	49132	4
242	50074	4
242	50464	4
242	52645	4
242	53509	4
242	53888	4
242	55185	4
242	55189	4
242	55194	4
242	55195	4
242	55196	4
242	55197	4
242	55200	4
242	55205	4
242	55206	4
242	55209	4
242	55210	4
242	71980	4
242	72813	4
242	73427	4
242	73429	4
242	73432	4
242	73433	4
242	73434	4
242	73435	4
242	73436	4
243	7929	4
243	8005	4
243	24171	4
243	25935	4
243	25954	4
243	26734	4
243	26752	4
243	28457	4
243	28557	4
243	29433	4
243	47822	4
243	48197	4
243	48734	4
243	49030	4
243	49041	4
243	49145	4
243	51012	4
243	51902	4
243	52408	4
243	52459	4
243	55215	4
243	55216	4
243	55218	4
243	55220	4
243	55221	4
243	55222	4
243	55224	4
243	55225	4
244	25949	4
244	29443	4
244	55228	4
245	21	4
245	79	4
245	849	4
245	26324	4
245	26517	4
245	26537	4
245	26967	4
245	28310	4
245	29445	4
245	29446	4
245	29449	4
245	46526	4
245	46590	4
245	47461	4
245	47467	4
245	47477	4
245	48646	4
245	49350	4
245	50189	4
245	51886	4
245	51895	4
245	52076	4
245	52594	4
245	53682	4
245	55234	4
245	55235	4
245	55237	4
245	72431	4
245	72472	4
245	73447	4
245	73448	4
245	73449	4
245	73451	4
245	73453	4
246	31	4
246	8289	4
246	8290	4
246	24961	4
246	25290	4
246	25366	4
246	26009	4
246	26198	4
246	26416	4
246	27422	4
246	27428	4
246	29121	4
246	29466	4
246	29467	4
246	47107	4
246	49236	4
246	49721	4
246	52107	4
246	53668	4
246	55255	4
246	55256	4
246	55261	4
246	55264	4
246	55265	4
246	55266	4
246	55267	4
246	55268	4
246	71611	4
246	73461	4
246	73462	4
247	23822	4
247	24915	4
247	28392	4
247	28398	4
247	28402	4
247	28468	4
247	29199	4
247	29473	4
247	29474	4
247	29475	4
247	29477	4
247	29479	4
247	29481	4
247	29482	4
247	29483	4
247	29485	4
247	29490	4
247	29492	4
247	29493	4
247	29495	4
247	29499	4
247	29501	4
247	29502	4
247	29503	4
247	47363	4
247	48439	4
247	50222	4
247	50542	4
247	53123	4
247	54134	4
247	54903	4
247	55271	4
247	55273	4
247	55275	4
247	55280	4
247	55286	4
247	73463	4
248	8294	4
248	24053	4
248	24480	4
248	25049	4
248	26214	4
248	28343	4
248	29508	4
248	29509	4
248	29513	4
248	29515	4
248	29517	4
248	29518	4
248	29522	4
248	29532	4
248	29536	4
248	29538	4
248	29540	4
248	29541	4
248	49254	4
248	50545	4
248	54352	4
248	55294	4
248	55298	4
248	55300	4
248	55304	4
248	55305	4
248	55307	4
248	55310	4
248	55312	4
248	55313	4
248	73466	4
248	73467	4
249	23832	4
249	28310	4
249	29546	4
249	44736	4
249	44774	4
249	46484	4
249	46521	4
249	47478	4
249	47496	4
249	47840	4
249	47849	4
249	48595	4
249	48825	4
249	50664	4
249	51519	4
249	55318	4
249	55319	4
249	55323	4
249	71390	4
250	7900	4
250	8297	4
250	8300	4
250	8301	4
250	8305	4
250	8306	4
250	8307	4
250	8308	4
250	15859	4
250	23757	4
250	23764	4
250	23858	4
250	23933	4
250	24061	4
250	24069	4
250	24284	4
250	24307	4
250	24320	4
250	24721	4
250	24759	4
250	24803	4
250	24820	4
250	24909	4
250	24976	4
250	25059	4
250	25071	4
250	25205	4
250	25253	4
250	25440	4
250	25451	4
250	25888	4
250	26131	4
250	26152	4
250	27484	4
250	27779	4
250	28475	4
250	29548	4
250	29550	4
250	29557	4
250	29560	4
250	29563	4
250	44776	4
250	46301	4
250	46317	4
250	46380	4
250	46616	4
250	46617	4
250	46634	4
250	46924	4
250	46944	4
250	46951	4
250	47162	4
250	47183	4
250	47269	4
250	47412	4
250	48428	4
250	48669	4
250	48830	4
250	49174	4
250	49799	4
250	50322	4
250	50514	4
250	51196	4
250	51743	4
250	51943	4
250	52780	4
250	53031	4
250	54843	4
250	55140	4
250	55158	4
250	55331	4
250	55333	4
250	55335	4
250	55337	4
250	55338	4
250	55340	4
250	55342	4
251	360	4
251	857	4
251	18845	4
251	23811	4
251	23815	4
251	23822	4
251	23856	4
251	24009	4
251	24386	4
251	24421	4
251	24531	4
251	25046	4
251	27226	4
251	29565	4
251	29566	4
251	29567	4
251	46349	4
251	46525	4
251	46552	4
251	47364	4
251	47574	4
251	47617	4
251	47618	4
251	47849	4
251	48002	4
251	49149	4
251	51518	4
251	52187	4
251	52297	4
251	52538	4
251	52550	4
251	53068	4
251	55345	4
251	55346	4
251	55347	4
251	55349	4
251	55353	4
251	55354	4
251	55356	4
251	55358	4
251	55360	4
251	71244	4
251	71250	4
251	71356	4
251	71372	4
251	72940	4
251	72998	4
251	73471	4
251	73474	4
251	73478	4
251	73479	4
251	73483	4
252	858	4
252	859	4
252	8310	4
252	15861	4
252	15862	4
252	19415	4
252	24001	4
252	26386	4
252	29570	4
252	29572	4
252	29574	4
252	29575	4
252	29581	4
252	29582	4
252	29583	4
252	29585	4
252	29587	4
252	29593	4
252	29594	4
252	29595	4
252	29596	4
252	29601	4
252	29603	4
252	29604	4
252	29605	4
252	54152	4
252	54232	4
252	54892	4
252	55361	4
252	55362	4
252	55364	4
252	55366	4
252	55369	4
252	55376	4
252	55377	4
252	55383	4
252	55387	4
252	55390	4
252	55392	4
252	55393	4
252	55396	4
252	55397	4
252	55398	4
252	55399	4
252	55401	4
252	55406	4
252	55407	4
252	55408	4
252	55410	4
252	55413	4
252	55415	4
252	73484	4
252	73485	4
252	73486	4
252	73487	4
253	861	4
253	25864	4
253	27388	4
253	27697	4
253	29609	4
253	29610	4
253	29611	4
253	29614	4
253	29616	4
253	29617	4
253	49905	4
253	51363	4
253	52636	4
253	53759	4
253	55418	4
253	55420	4
253	55423	4
253	55424	4
253	55425	4
253	55426	4
253	55427	4
253	55428	4
253	55429	4
253	55430	4
253	55433	4
253	55435	4
253	55436	4
253	55437	4
253	55440	4
253	55442	4
253	55444	4
253	73491	4
254	850	4
255	864	4
255	24943	4
255	27437	4
255	46690	4
255	48385	4
255	50284	4
255	53666	4
255	55457	4
255	55463	4
255	73461	4
255	73493	4
256	865	4
256	866	4
256	8315	4
256	26775	4
256	29630	4
256	47110	4
256	47434	4
256	47653	4
256	48628	4
256	49769	4
256	50008	4
256	50393	4
256	52956	4
256	52975	4
256	55100	4
256	55464	4
256	55469	4
256	55471	4
257	773	4
257	8317	4
257	19421	4
257	25748	4
257	25843	4
257	26772	4
257	29182	4
257	55473	4
257	55474	4
257	55477	4
257	73497	4
258	867	4
258	868	4
258	8319	4
258	8321	4
258	8322	4
258	19020	4
258	19422	4
258	23693	4
258	23854	4
258	24144	4
258	24162	4
258	24179	4
258	25052	4
258	25102	4
258	25190	4
258	25210	4
258	25214	4
258	25230	4
258	25237	4
258	25763	4
258	25770	4
258	26057	4
258	26455	4
258	26658	4
258	27038	4
258	27102	4
258	27624	4
258	28077	4
258	28081	4
258	28829	4
258	28880	4
258	28887	4
258	29302	4
258	29342	4
258	29632	4
258	29634	4
258	29638	4
258	29639	4
258	29640	4
258	29641	4
258	29642	4
258	29645	4
258	29649	4
258	29655	4
258	29656	4
258	29657	4
258	46832	4
258	46975	4
258	46986	4
258	47518	4
258	48082	4
258	48190	4
258	48292	4
258	48308	4
258	48321	4
258	48338	4
258	48340	4
258	48723	4
258	48736	4
258	48899	4
258	48937	4
258	48994	4
258	49081	4
258	49122	4
258	49144	4
258	49148	4
258	49415	4
258	49760	4
258	50438	4
258	50449	4
258	50450	4
258	50459	4
258	50468	4
258	50820	4
258	51478	4
258	52083	4
258	52468	4
258	52490	4
258	52690	4
258	52868	4
258	52881	4
258	54387	4
258	54388	4
258	54389	4
258	54699	4
258	54857	4
258	55156	4
258	55193	4
258	55483	4
258	55484	4
258	55486	4
258	55487	4
258	55489	4
258	55490	4
258	55491	4
258	55492	4
258	55493	4
258	55498	4
258	55502	4
258	55503	4
258	55507	4
258	55508	4
258	55510	4
258	55511	4
258	55517	4
258	55520	4
258	55523	4
258	55524	4
258	55526	4
258	55527	4
258	55529	4
258	55530	4
258	55531	4
258	73500	4
259	27626	4
259	29664	4
259	48937	4
259	51902	4
259	55536	4
259	55538	4
259	55549	4
259	55551	4
259	55559	4
259	55560	4
259	55561	4
259	55563	4
259	73327	4
260	8325	4
260	15869	4
260	23801	4
260	24354	4
260	24637	4
260	26091	4
260	26124	4
260	26452	4
260	29675	4
260	29676	4
260	46932	4
260	47117	4
260	50517	4
260	51210	4
260	51855	4
260	55564	4
260	55570	4
260	71507	4
260	72400	4
260	72661	4
260	72984	4
260	73505	4
260	73506	4
260	73509	4
260	73510	4
260	73513	4
260	73514	4
261	872	4
261	25256	4
261	52215	4
261	55576	4
261	55577	4
261	73516	4
262	874	4
262	875	4
262	877	4
262	8330	4
262	8331	4
262	19247	4
262	19428	4
262	23805	4
262	24163	4
262	24164	4
262	24190	4
262	24439	4
262	24443	4
262	24540	4
262	24746	4
262	25146	4
262	25471	4
262	25747	4
262	26031	4
262	26043	4
262	26442	4
262	26515	4
262	26764	4
262	28296	4
262	28298	4
262	28304	4
262	29262	4
262	29375	4
262	29683	4
262	29685	4
262	29686	4
262	29688	4
262	29689	4
262	29690	4
262	29691	4
262	29692	4
262	29695	4
262	29696	4
262	29698	4
262	46493	4
262	46499	4
262	46516	4
262	46654	4
262	46981	4
262	47298	4
262	47455	4
262	47558	4
262	47629	4
262	47899	4
262	50056	4
262	50164	4
262	50319	4
262	50358	4
262	50363	4
262	50582	4
262	50590	4
262	51315	4
262	51318	4
262	51517	4
262	51628	4
262	51656	4
262	52575	4
262	52581	4
262	53335	4
262	54718	4
262	55580	4
262	55581	4
262	55582	4
262	55584	4
262	55585	4
262	55586	4
262	55587	4
262	55589	4
262	55591	4
262	55595	4
262	55597	4
262	55603	4
262	71346	4
262	72056	4
262	72243	4
262	72770	4
262	72913	4
262	73533	4
262	73534	4
262	73539	4
262	73540	4
263	888	4
263	890	4
263	8336	4
263	8338	4
263	8339	4
263	8342	4
263	15872	4
263	15873	4
263	25865	4
263	29699	4
263	29700	4
263	29702	4
263	29704	4
263	29706	4
263	44782	4
263	47960	4
263	48731	4
263	49906	4
263	51363	4
263	52610	4
263	52611	4
263	53708	4
263	53729	4
263	54124	4
263	55607	4
263	55615	4
263	55619	4
263	55620	4
263	55622	4
263	55623	4
263	55624	4
263	55625	4
263	55634	4
263	55637	4
263	55639	4
263	55644	4
263	71259	4
263	73543	4
263	73544	4
263	73545	4
263	73546	4
263	73547	4
264	893	4
264	894	4
264	8344	4
264	23931	4
264	24802	4
264	24955	4
264	26448	4
264	28489	4
264	29004	4
264	29011	4
264	47157	4
264	50512	4
265	895	4
265	24383	4
265	24813	4
265	26103	4
265	26274	4
265	29712	4
265	29713	4
265	29715	4
265	29717	4
265	29718	4
265	29719	4
265	29723	4
265	46301	4
265	46308	4
265	46317	4
265	46619	4
265	46865	4
265	47273	4
265	47710	4
265	48275	4
265	48318	4
265	48425	4
265	48446	4
265	48735	4
265	48901	4
265	49058	4
265	50648	4
265	52150	4
265	52156	4
265	52489	4
265	53281	4
265	55649	4
265	55652	4
265	72441	4
265	73549	4
265	73552	4
265	73553	4
265	73554	4
266	898	4
266	8346	4
266	8347	4
266	19353	4
266	19432	4
266	23874	4
266	25480	4
266	25928	4
266	28954	4
266	29727	4
266	29730	4
266	29735	4
266	29736	4
266	29737	4
266	29739	4
266	44786	4
266	46528	4
266	46541	4
266	47002	4
266	47392	4
266	47541	4
266	48685	4
266	48695	4
266	49068	4
266	49110	4
266	49380	4
266	50903	4
266	54601	4
266	55658	4
266	55661	4
266	55662	4
266	55666	4
266	55669	4
266	55674	4
266	55678	4
266	55680	4
266	55681	4
266	73556	4
267	199	4
267	899	4
267	900	4
267	24161	4
267	25331	4
267	25628	4
267	26570	4
267	27034	4
267	27071	4
267	29063	4
267	29745	4
267	29746	4
267	29747	4
267	46299	4
267	47026	4
267	47027	4
267	47053	4
267	48230	4
267	48344	4
267	48520	4
267	48845	4
267	48882	4
267	48945	4
267	49040	4
267	49058	4
267	50000	4
267	50974	4
267	51044	4
267	52909	4
267	53884	4
267	54341	4
267	55690	4
267	55691	4
267	55692	4
267	55693	4
267	55697	4
267	55700	4
267	55702	4
267	55704	4
267	55706	4
267	55708	4
267	55709	4
267	55711	4
267	55715	4
267	55717	4
267	55720	4
267	71668	4
267	71965	4
267	73558	4
267	73560	4
267	73561	4
268	903	4
268	904	4
268	8352	4
268	8354	4
268	19340	4
268	19435	4
268	24087	4
268	26870	4
268	28816	4
268	28817	4
268	28921	4
268	29753	4
268	29754	4
268	29755	4
268	29756	4
268	29758	4
268	29760	4
268	29763	4
268	29764	4
268	29765	4
268	29766	4
268	29767	4
268	29768	4
268	29769	4
268	29772	4
268	29774	4
268	29776	4
268	29777	4
268	29778	4
268	29779	4
268	29781	4
268	46960	4
268	46963	4
268	47798	4
268	48802	4
268	49818	4
268	52239	4
268	53238	4
268	53239	4
268	55730	4
268	55731	4
268	55733	4
268	55734	4
268	55735	4
268	55736	4
268	55738	4
268	55741	4
268	55742	4
268	55744	4
268	55746	4
268	55747	4
268	55751	4
268	55752	4
268	55758	4
268	55762	4
268	55764	4
268	55766	4
268	55767	4
268	55771	4
268	55774	4
268	55778	4
268	55779	4
268	55783	4
268	55785	4
268	55786	4
268	55788	4
268	55789	4
268	55790	4
268	55791	4
268	73562	4
268	73564	4
268	73568	4
268	73569	4
269	185	4
269	905	4
269	18884	4
269	18894	4
269	23797	4
269	24319	4
269	24440	4
269	24899	4
269	24954	4
269	25209	4
269	25731	4
269	28377	4
269	46336	4
269	46410	4
269	55797	4
269	73572	4
270	367	4
270	380	4
270	418	4
270	906	4
270	907	4
270	911	4
270	914	4
270	915	4
270	916	4
270	920	4
270	926	4
270	927	4
270	932	4
270	936	4
270	939	4
270	940	4
270	941	4
270	945	4
270	947	4
270	948	4
270	950	4
270	951	4
270	8360	4
270	8372	4
270	8373	4
270	8375	4
270	8379	4
270	8381	4
270	8383	4
270	8385	4
270	8387	4
270	8388	4
270	15743	4
270	15877	4
270	15878	4
270	15879	4
270	15881	4
270	15883	4
270	15887	4
270	18854	4
270	18899	4
270	18923	4
270	18947	4
270	18974	4
270	19026	4
270	19106	4
270	19128	4
270	19184	4
270	19274	4
270	19438	4
270	19442	4
270	19451	4
270	19458	4
270	19460	4
270	19461	4
270	19462	4
270	19464	4
270	19465	4
270	19469	4
270	19471	4
270	23746	4
270	23781	4
270	23794	4
270	23810	4
270	23819	4
270	23824	4
270	23832	4
270	23883	4
270	24016	4
270	24116	4
270	24122	4
270	24368	4
270	24370	4
270	24378	4
270	24412	4
270	24430	4
270	24443	4
270	24506	4
270	24979	4
270	25084	4
270	25163	4
270	25845	4
270	25938	4
270	26356	4
270	26357	4
270	26592	4
270	26800	4
270	27052	4
270	27235	4
270	27280	4
270	27555	4
270	27625	4
270	27673	4
270	27741	4
270	28131	4
270	28451	4
270	28992	4
270	28993	4
270	29082	4
270	29162	4
270	29789	4
270	29790	4
270	29794	4
270	29795	4
270	29797	4
270	29798	4
270	29799	4
270	29800	4
270	29801	4
270	29806	4
270	29808	4
270	29809	4
270	29820	4
270	29822	4
270	29824	4
270	29830	4
270	29831	4
270	29834	4
270	29836	4
270	29837	4
270	29841	4
270	29843	4
270	29844	4
270	29845	4
270	29847	4
270	29848	4
270	29851	4
270	29852	4
270	29856	4
270	29860	4
270	29862	4
270	29863	4
270	29865	4
270	29874	4
270	29875	4
270	29876	4
270	29878	4
270	29880	4
270	29883	4
270	29885	4
270	29887	4
270	29888	4
270	29889	4
270	29890	4
270	29891	4
270	29893	4
270	29902	4
270	29906	4
270	29911	4
270	29912	4
270	29916	4
270	29922	4
270	29926	4
270	29928	4
270	29930	4
270	29933	4
270	29934	4
270	29935	4
270	44788	4
270	46349	4
270	46535	4
270	46558	4
270	46574	4
270	46587	4
270	46768	4
270	46990	4
270	47130	4
270	47242	4
270	48011	4
270	48046	4
270	48186	4
270	49132	4
270	49290	4
270	49306	4
270	49387	4
270	49394	4
270	50078	4
270	50103	4
270	50319	4
270	50537	4
270	50546	4
270	50803	4
270	50886	4
270	50900	4
270	50916	4
270	51563	4
270	52245	4
270	52403	4
270	52930	4
270	53297	4
270	53782	4
270	54904	4
270	55711	4
270	55802	4
270	55803	4
270	55804	4
270	55806	4
270	55809	4
270	55810	4
270	55811	4
270	55812	4
270	55814	4
270	55819	4
270	55822	4
270	55825	4
270	55833	4
270	55836	4
270	55839	4
270	55844	4
270	55848	4
270	55849	4
270	55852	4
270	55857	4
270	55858	4
270	55860	4
270	55862	4
270	55867	4
270	55868	4
270	55870	4
270	55873	4
270	55874	4
270	55875	4
270	55877	4
270	55878	4
270	55886	4
270	55889	4
270	55890	4
270	55892	4
270	55894	4
270	55898	4
270	55904	4
270	55905	4
270	55906	4
270	55907	4
270	55909	4
270	55910	4
270	55911	4
270	55914	4
270	55916	4
270	55917	4
270	55923	4
270	55924	4
270	55926	4
270	55928	4
270	55929	4
270	55931	4
270	55933	4
270	55934	4
270	55935	4
270	55936	4
270	55937	4
270	55940	4
270	55942	4
270	55945	4
270	55949	4
270	55951	4
270	55954	4
270	55955	4
270	55956	4
270	55959	4
270	55961	4
270	55962	4
270	55963	4
270	55964	4
270	55965	4
270	55969	4
270	55972	4
270	55976	4
270	55977	4
270	55983	4
270	55987	4
270	55989	4
270	71232	4
270	71390	4
270	71542	4
270	71731	4
270	71744	4
270	72476	4
270	72791	4
270	72980	4
270	73008	4
270	73073	4
270	73575	4
270	73578	4
270	73580	4
270	73582	4
270	73583	4
270	73585	4
270	73590	4
270	73591	4
270	73594	4
270	73597	4
270	73599	4
270	73600	4
270	73601	4
270	73602	4
270	73606	4
270	73607	4
270	73608	4
270	73610	4
270	73611	4
270	73615	4
270	73618	4
270	73619	4
270	73621	4
270	73622	4
270	73626	4
270	73630	4
270	73631	4
270	73633	4
270	73634	4
270	73635	4
270	73636	4
270	73640	4
270	73641	4
270	73642	4
270	73644	4
270	73645	4
270	73647	4
270	73648	4
270	73649	4
270	73650	4
270	73655	4
270	73657	4
270	73658	4
270	73662	4
270	73663	4
270	73665	4
270	73668	4
270	73669	4
270	73671	4
270	73672	4
270	73673	4
270	73677	4
270	73678	4
270	73679	4
270	73680	4
270	73682	4
270	73683	4
270	73688	4
270	73691	4
270	73694	4
270	73699	4
270	73705	4
270	73708	4
270	73710	4
272	278	4
272	953	4
272	8397	4
272	8399	4
272	8400	4
272	8402	4
272	19251	4
272	19472	4
272	23775	4
272	23815	4
272	23822	4
272	23850	4
272	23852	4
272	24136	4
272	24163	4
272	24175	4
272	24186	4
272	24430	4
272	24533	4
272	24545	4
272	24546	4
272	24549	4
272	25190	4
272	25216	4
272	25468	4
272	25474	4
272	25526	4
272	26524	4
272	28030	4
272	28330	4
272	29947	4
272	29948	4
272	29949	4
272	29951	4
272	29953	4
272	29955	4
272	29961	4
272	46499	4
272	46547	4
272	46579	4
272	46773	4
272	46807	4
272	46853	4
272	46986	4
272	47036	4
272	47384	4
272	47479	4
272	47612	4
272	48197	4
272	48284	4
272	48869	4
272	48890	4
272	48946	4
272	49029	4
272	50070	4
272	50740	4
272	51091	4
272	51286	4
272	51431	4
272	51880	4
272	51923	4
272	52076	4
272	52870	4
272	53000	4
272	53059	4
272	53502	4
272	54160	4
272	54960	4
272	55323	4
272	55993	4
272	55996	4
272	55998	4
272	56000	4
272	56002	4
272	56003	4
272	56004	4
272	56008	4
272	56009	4
272	73404	4
272	73714	4
272	73715	4
273	955	4
273	956	4
273	15888	4
273	27744	4
273	28416	4
273	29204	4
273	29964	4
273	29966	4
273	29967	4
273	29968	4
273	29973	4
273	46734	4
273	53122	4
273	53134	4
273	54899	4
273	54910	4
273	56020	4
273	56022	4
273	56023	4
273	56025	4
273	56026	4
273	56027	4
273	56028	4
273	56029	4
273	56032	4
273	56037	4
273	56041	4
273	73718	4
274	8150	4
274	8404	4
274	19131	4
274	25228	4
274	25543	4
274	56043	4
274	56044	4
274	56045	4
274	71894	4
275	958	4
275	8405	4
275	8407	4
275	8408	4
275	19476	4
275	19478	4
275	24023	4
275	24076	4
275	24430	4
275	25190	4
275	25214	4
275	25236	4
275	25237	4
275	25777	4
275	25941	4
275	26329	4
275	26464	4
275	26469	4
275	26781	4
275	27086	4
275	27546	4
275	27847	4
275	27976	4
275	28191	4
275	28201	4
275	28442	4
275	29655	4
275	29979	4
275	29981	4
275	29986	4
275	29987	4
275	29988	4
275	29990	4
275	29991	4
275	29992	4
275	29994	4
275	46505	4
275	46807	4
275	47043	4
275	47347	4
275	47526	4
275	47567	4
275	48125	4
275	48338	4
275	48351	4
275	48366	4
275	48896	4
275	49125	4
275	49148	4
275	49341	4
275	49738	4
275	50437	4
275	51340	4
275	51355	4
275	51478	4
275	51554	4
275	51560	4
275	51630	4
275	51859	4
275	52426	4
275	52911	4
275	53898	4
275	54231	4
275	55498	4
275	56056	4
275	56057	4
275	56058	4
275	56059	4
275	56060	4
275	56062	4
275	56063	4
275	56065	4
275	56066	4
275	56069	4
275	56070	4
275	56071	4
275	56072	4
275	56073	4
275	56074	4
275	71212	4
275	73500	4
276	23738	4
276	23831	4
276	28215	4
276	29566	4
276	30018	4
276	30020	4
276	30021	4
276	30025	4
276	46565	4
276	46738	4
276	47558	4
276	51686	4
276	55450	4
276	56126	4
276	56127	4
276	56131	4
276	56132	4
276	56134	4
276	56135	4
276	56137	4
276	56138	4
276	56139	4
276	56143	4
276	56145	4
277	73723	4
278	24959	4
278	30028	4
278	30033	4
278	30034	4
278	30035	4
278	30038	4
278	30039	4
278	54669	4
278	56156	4
278	56159	4
278	56161	4
278	56162	4
278	56163	4
278	56165	4
278	56169	4
278	56171	4
278	56173	4
278	56176	4
278	56177	4
278	56178	4
278	56179	4
278	56180	4
278	73728	4
279	43	4
279	8414	4
279	23699	4
279	28819	4
279	29475	4
279	30051	4
279	30056	4
279	30057	4
279	30059	4
279	46308	4
279	46345	4
279	46847	4
279	48550	4
279	49760	4
279	54351	4
279	55748	4
279	56181	4
279	56184	4
279	56185	4
279	56191	4
279	56195	4
279	56201	4
279	56207	4
279	56212	4
280	287	4
280	23920	4
280	24028	4
280	24275	4
280	24739	4
280	27936	4
280	46454	4
280	46617	4
280	47243	4
280	47786	4
280	49411	4
280	50618	4
280	52249	4
281	8415	4
281	8416	4
281	8421	4
281	8422	4
281	8424	4
281	24216	4
281	26005	4
281	30064	4
281	30067	4
281	30071	4
281	30075	4
281	30076	4
281	30079	4
281	30081	4
281	30082	4
281	30085	4
281	49539	4
281	49955	4
281	56220	4
281	56221	4
281	56222	4
281	56224	4
281	56230	4
281	56233	4
281	56237	4
281	56238	4
281	56242	4
281	56245	4
281	56246	4
281	73733	4
282	277	4
282	8428	4
282	15894	4
282	23797	4
282	24059	4
282	24790	4
282	24906	4
282	24933	4
282	24945	4
282	25435	4
282	28913	4
282	30088	4
282	30090	4
282	30092	4
282	30093	4
282	30094	4
282	30097	4
282	30098	4
282	30101	4
282	30102	4
282	30103	4
282	30105	4
282	30109	4
282	47674	4
282	47726	4
282	52208	4
282	56258	4
282	56267	4
282	56268	4
282	56269	4
282	56274	4
282	56276	4
282	56277	4
282	56278	4
282	56279	4
282	56281	4
282	56283	4
282	56284	4
282	71450	4
282	73739	4
282	73742	4
283	175	4
283	277	4
283	25291	4
283	30110	4
283	30111	4
283	30113	4
283	48411	4
283	49965	4
283	56287	4
283	56288	4
283	56292	4
283	56293	4
283	56294	4
283	56295	4
283	73745	4
283	73746	4
283	73748	4
284	7821	4
284	8437	4
284	23937	4
284	24076	4
284	24658	4
284	25548	4
284	25610	4
284	26477	4
284	26890	4
284	27467	4
284	30119	4
284	30121	4
284	30122	4
284	30124	4
284	46332	4
284	46354	4
284	46933	4
284	47284	4
284	47626	4
284	48422	4
284	48431	4
284	48612	4
284	48769	4
284	49087	4
284	49412	4
284	51371	4
284	56304	4
284	56310	4
284	56311	4
284	56313	4
284	71636	4
284	73751	4
285	974	4
285	19486	4
285	26308	4
285	26364	4
285	27162	4
285	28186	4
285	28194	4
285	30128	4
285	46496	4
285	46592	4
285	47870	4
285	49149	4
285	50065	4
285	50144	4
285	50145	4
285	50179	4
285	51031	4
285	51656	4
285	52296	4
285	56316	4
285	56317	4
285	56323	4
285	72845	4
285	73753	4
285	73754	4
286	53	4
286	976	4
286	977	4
286	15896	4
286	19487	4
286	19489	4
286	23754	4
286	23907	4
286	24029	4
286	24292	4
286	24301	4
286	24323	4
286	24361	4
286	25208	4
286	25709	4
286	26097	4
286	26213	4
286	26240	4
286	26242	4
286	26485	4
286	26876	4
286	27570	4
286	29315	4
286	30099	4
286	30100	4
286	30104	4
286	30136	4
286	30137	4
286	30140	4
286	30141	4
286	30142	4
286	30143	4
286	30144	4
286	30145	4
286	30146	4
286	30147	4
286	30148	4
286	30150	4
286	30151	4
286	30152	4
286	30153	4
286	30156	4
286	30157	4
286	30161	4
286	30162	4
286	30163	4
286	30164	4
286	30165	4
286	30166	4
286	30167	4
286	30168	4
286	30169	4
286	30170	4
286	30171	4
286	30173	4
286	30174	4
286	46354	4
286	46708	4
286	49095	4
286	52114	4
286	52351	4
286	55179	4
286	55181	4
286	56324	4
286	56325	4
286	56327	4
286	56330	4
286	56331	4
286	56336	4
286	56337	4
286	56338	4
286	56339	4
286	56341	4
286	56343	4
286	56344	4
286	56345	4
286	56349	4
286	56350	4
286	56351	4
286	56352	4
286	56353	4
286	56359	4
286	56361	4
286	56364	4
286	56365	4
286	56367	4
286	73755	4
286	73756	4
287	8440	4
287	48981	4
288	23824	4
288	23872	4
288	24397	4
288	25959	4
288	26535	4
288	26800	4
288	27250	4
288	27627	4
288	28409	4
288	29416	4
288	29987	4
288	30184	4
288	30186	4
288	30187	4
288	46483	4
288	46513	4
288	46541	4
288	46799	4
288	46812	4
288	46990	4
288	47345	4
288	47484	4
288	47545	4
288	48231	4
288	48653	4
288	50726	4
288	51008	4
288	51168	4
288	51458	4
288	53580	4
288	53744	4
288	54124	4
288	54481	4
288	54519	4
288	55997	4
288	56382	4
288	56383	4
288	56389	4
288	56393	4
288	56397	4
288	56399	4
288	72766	4
288	73183	4
288	73767	4
288	73768	4
288	73770	4
288	73771	4
289	980	4
289	8288	4
289	25369	4
289	29465	4
289	29515	4
289	30204	4
289	30206	4
289	44670	4
289	46679	4
289	49940	4
289	50276	4
289	50279	4
289	52107	4
289	56419	4
289	56420	4
289	56421	4
289	73777	4
290	8447	4
290	24189	4
290	25391	4
290	25965	4
290	26438	4
290	27329	4
290	30208	4
290	30210	4
290	46947	4
290	47044	4
290	47071	4
290	49243	4
290	49409	4
290	49410	4
290	49868	4
290	52876	4
290	54722	4
290	56423	4
290	56424	4
290	56425	4
290	56426	4
290	56427	4
290	56428	4
291	13	4
291	23813	4
291	23883	4
291	24438	4
291	24549	4
291	24553	4
291	25495	4
291	25499	4
291	26523	4
291	28584	4
291	29980	4
291	30216	4
291	46980	4
291	47388	4
291	48638	4
291	50730	4
291	52258	4
291	53302	4
291	53584	4
291	56432	4
291	56434	4
291	73780	4
291	73782	4
291	73784	4
292	981	4
292	19496	4
292	25588	4
292	26003	4
292	30223	4
292	30226	4
292	30230	4
292	30232	4
292	46361	4
292	46690	4
292	48136	4
292	48555	4
292	50214	4
292	54252	4
292	55698	4
292	56451	4
292	56455	4
292	56457	4
292	56458	4
292	56462	4
292	56463	4
292	56465	4
292	56466	4
292	56470	4
292	56474	4
293	707	4
293	23704	4
293	24364	4
293	24375	4
293	25258	4
293	25437	4
293	27642	4
293	28106	4
293	30237	4
293	46369	4
293	46604	4
293	46620	4
293	47131	4
293	47188	4
293	47217	4
293	47228	4
293	48087	4
293	48596	4
293	48828	4
293	55733	4
293	71450	4
294	23828	4
294	24094	4
294	24107	4
294	24394	4
294	26994	4
294	47387	4
294	47588	4
294	47708	4
294	48646	4
294	56481	4
294	72964	4
294	73446	4
294	73790	4
294	73792	4
294	73794	4
295	39	4
295	23804	4
295	23929	4
295	24053	4
295	24163	4
295	24407	4
295	24424	4
295	25117	4
295	25253	4
295	25412	4
295	25482	4
295	25883	4
295	26286	4
295	30246	4
295	30247	4
295	46301	4
295	46309	4
295	46510	4
295	46516	4
295	46538	4
295	46544	4
295	46548	4
295	46620	4
295	46859	4
295	46931	4
295	47558	4
295	47775	4
295	47838	4
295	48624	4
295	48627	4
295	48651	4
295	48653	4
295	48863	4
295	48869	4
295	48886	4
295	49149	4
295	49679	4
295	49782	4
295	51811	4
295	52201	4
295	52460	4
295	53092	4
295	53625	4
295	54071	4
295	55156	4
295	55266	4
295	56487	4
295	56489	4
295	56490	4
295	56494	4
295	56495	4
295	56496	4
295	56499	4
295	56502	4
295	71560	4
295	71766	4
295	72441	4
296	841	4
296	986	4
296	8453	4
296	19500	4
296	19503	4
296	23913	4
296	23922	4
296	24058	4
296	24503	4
296	24675	4
296	24745	4
296	25276	4
296	25391	4
296	25438	4
296	25593	4
296	26075	4
296	26081	4
296	26109	4
296	26122	4
296	26255	4
296	26266	4
296	26477	4
296	27123	4
296	27815	4
296	28146	4
296	30134	4
296	30255	4
296	30256	4
296	30261	4
296	30262	4
296	30263	4
296	30267	4
296	30269	4
296	30271	4
296	46328	4
296	46354	4
296	46393	4
296	46701	4
296	46925	4
296	46932	4
296	46936	4
296	46943	4
296	46947	4
296	47338	4
296	47626	4
296	47644	4
296	47646	4
296	47878	4
296	48273	4
296	48433	4
296	50049	4
296	50486	4
296	50654	4
296	50785	4
296	52231	4
296	53433	4
296	54507	4
296	54662	4
296	55299	4
296	55337	4
296	55795	4
296	56518	4
296	56521	4
296	56522	4
296	56524	4
296	56525	4
296	56526	4
296	56527	4
296	56529	4
296	56530	4
296	56533	4
296	56534	4
296	56536	4
296	56539	4
296	56543	4
296	56544	4
296	56546	4
296	71803	4
296	71809	4
296	71832	4
297	19504	4
297	19505	4
297	24655	4
297	24817	4
297	24854	4
297	24869	4
297	25435	4
297	26253	4
297	29377	4
297	30279	4
297	30280	4
297	30281	4
297	30282	4
297	30283	4
297	30285	4
297	56550	4
297	56551	4
297	56552	4
297	73797	4
298	395	4
298	990	4
298	991	4
298	8456	4
298	19425	4
298	24570	4
298	24576	4
298	24593	4
298	25304	4
298	26455	4
298	27274	4
298	27703	4
298	29107	4
298	29322	4
298	29349	4
298	30287	4
298	30289	4
298	30291	4
298	30293	4
298	30296	4
298	30298	4
298	30299	4
298	30301	4
298	30315	4
298	30317	4
298	30321	4
298	44807	4
298	44808	4
298	46793	4
298	48646	4
298	50805	4
298	50818	4
298	50823	4
298	50895	4
298	51349	4
298	53982	4
298	56085	4
298	56554	4
298	56556	4
298	56557	4
298	56558	4
298	56563	4
298	56565	4
298	56570	4
298	56572	4
298	56575	4
298	56576	4
299	8458	4
299	15907	4
299	23852	4
299	24499	4
299	28597	4
299	28804	4
299	30324	4
299	30326	4
299	46637	4
299	47443	4
299	48153	4
299	50211	4
299	52229	4
299	54079	4
299	56586	4
299	56587	4
299	56588	4
299	73572	4
300	995	4
300	8463	4
300	24346	4
300	24361	4
300	26404	4
300	28625	4
300	30331	4
300	30333	4
300	30334	4
300	30335	4
300	49529	4
300	49751	4
300	52170	4
300	52990	4
300	52992	4
300	54359	4
300	56597	4
300	56598	4
300	56600	4
300	56602	4
300	71265	4
301	7813	4
301	19041	4
301	23719	4
301	24364	4
301	24538	4
301	26831	4
301	28395	4
301	28938	4
301	30011	4
301	30347	4
301	30348	4
301	56604	4
301	56609	4
301	56611	4
301	56614	4
301	56617	4
301	56618	4
301	73105	4
301	73806	4
302	998	4
302	999	4
302	1000	4
302	1001	4
302	24029	4
302	26119	4
302	30158	4
302	30352	4
302	30353	4
302	30354	4
302	30360	4
302	30361	4
302	30363	4
302	30365	4
302	30369	4
302	46939	4
302	47129	4
302	47135	4
302	47142	4
302	47169	4
302	47171	4
302	47172	4
302	47195	4
302	47284	4
302	49934	4
302	50487	4
302	51521	4
302	52174	4
302	52992	4
302	53031	4
302	54085	4
302	54456	4
302	56626	4
302	56636	4
302	56639	4
302	56640	4
302	56642	4
302	56643	4
302	56646	4
302	56649	4
302	71433	4
302	72164	4
302	73810	4
302	73811	4
303	540	4
303	8465	4
303	23793	4
303	30371	4
303	47691	4
303	47838	4
304	8466	4
304	15910	4
304	18894	4
304	19116	4
304	19512	4
304	19515	4
304	23880	4
304	23914	4
304	27133	4
304	28667	4
304	49768	4
304	49817	4
304	56652	4
304	56656	4
304	56661	4
304	56663	4
304	56667	4
304	56673	4
304	56676	4
304	56678	4
304	56680	4
304	56686	4
304	56688	4
304	56689	4
304	56690	4
304	56691	4
304	71214	4
304	73817	4
305	1005	4
305	24314	4
305	24770	4
305	30378	4
305	30382	4
305	30383	4
305	30384	4
305	30385	4
305	30387	4
305	30388	4
305	30389	4
305	30390	4
305	30391	4
305	30392	4
305	30393	4
305	30394	4
305	30395	4
305	30396	4
305	30398	4
305	30399	4
305	47940	4
305	48171	4
305	48501	4
305	56694	4
305	56695	4
305	56696	4
305	56697	4
305	56698	4
305	56701	4
305	56704	4
305	56705	4
305	56706	4
305	73433	4
305	73819	4
305	73820	4
305	73822	4
305	73823	4
305	73825	4
306	186	4
306	8471	4
306	24832	4
306	30409	4
306	30410	4
306	47705	4
306	49772	4
306	50037	4
306	50046	4
306	53414	4
306	53435	4
306	56723	4
306	56727	4
306	56728	4
306	73830	4
307	56	4
307	1008	4
307	8474	4
307	19517	4
307	23730	4
307	24144	4
307	24148	4
307	24163	4
307	24200	4
307	24201	4
307	25190	4
307	25892	4
307	27107	4
307	27898	4
307	28463	4
307	30413	4
307	30414	4
307	30416	4
307	30418	4
307	30420	4
307	30422	4
307	30423	4
307	30425	4
307	30426	4
307	30427	4
307	30428	4
307	30429	4
307	46298	4
307	46756	4
307	46986	4
307	47001	4
307	47053	4
307	47619	4
307	48140	4
307	48208	4
307	48226	4
307	48230	4
307	48258	4
307	48265	4
307	48726	4
307	48741	4
307	48924	4
307	49005	4
307	49051	4
307	49275	4
307	49283	4
307	49599	4
307	50468	4
307	51054	4
307	51394	4
307	51413	4
307	51419	4
307	51439	4
307	51461	4
307	51740	4
307	52217	4
307	52218	4
307	52366	4
307	52370	4
307	52385	4
307	52392	4
307	52430	4
307	52431	4
307	52446	4
307	52474	4
307	52880	4
307	52882	4
307	52913	4
307	52917	4
307	52928	4
307	52934	4
307	52942	4
307	54261	4
307	54577	4
307	54961	4
307	54976	4
307	55107	4
307	56730	4
307	56732	4
307	56733	4
307	56734	4
307	56735	4
307	56739	4
307	56741	4
307	56742	4
307	56747	4
307	56750	4
307	56751	4
307	56755	4
307	56757	4
307	56758	4
307	56760	4
307	56762	4
307	56763	4
307	56764	4
307	56765	4
307	56766	4
307	56767	4
307	56768	4
307	56769	4
307	56770	4
307	56772	4
307	56774	4
307	56775	4
307	56776	4
307	56777	4
307	56778	4
307	56779	4
307	56782	4
307	56784	4
307	56785	4
308	1012	4
308	7756	4
308	8475	4
308	28627	4
308	28941	4
308	28948	4
308	29097	4
308	29185	4
308	30175	4
308	30430	4
308	30434	4
308	30440	4
308	30443	4
308	30445	4
308	30446	4
308	30449	4
308	49856	4
308	49888	4
308	52717	4
308	53730	4
308	54892	4
308	55266	4
308	55284	4
308	55475	4
308	56612	4
308	56788	4
308	56791	4
308	56795	4
308	56797	4
308	56798	4
308	56805	4
308	56811	4
308	56812	4
308	71932	4
308	72612	4
308	73833	4
308	73834	4
309	1013	4
309	18872	4
309	23717	4
309	25435	4
309	48553	4
309	48564	4
309	49485	4
309	56813	4
309	56814	4
310	1015	4
310	7765	4
310	18917	4
310	19098	4
310	19522	4
310	23688	4
310	23803	4
310	23807	4
310	25600	4
310	27343	4
310	28665	4
310	29961	4
310	30458	4
310	30462	4
310	30463	4
310	30464	4
310	30467	4
310	30470	4
310	46510	4
310	46516	4
310	46530	4
310	46548	4
310	46594	4
310	46806	4
310	47559	4
310	48034	4
310	48869	4
310	50637	4
310	52562	4
310	52689	4
310	53339	4
310	53742	4
310	56135	4
310	56821	4
310	56822	4
310	56824	4
310	56826	4
310	56827	4
310	56834	4
310	56841	4
310	71228	4
310	73839	4
310	73840	4
310	73841	4
310	73843	4
310	73844	4
311	25236	4
311	25353	4
311	25759	4
311	26232	4
311	26423	4
311	29901	4
311	30473	4
311	46986	4
311	47033	4
311	47035	4
311	48495	4
311	48994	4
311	49081	4
311	49513	4
311	49991	4
311	50956	4
311	51061	4
311	51416	4
311	54995	4
311	56848	4
311	56850	4
311	71617	4
311	71967	4
311	73847	4
311	73849	4
312	1017	4
312	8484	4
312	24340	4
312	24356	4
312	24370	4
312	24690	4
312	24757	4
312	24863	4
312	24902	4
312	26230	4
312	26575	4
312	27371	4
312	27487	4
312	27966	4
312	28686	4
312	30266	4
312	30267	4
312	30476	4
312	30477	4
312	30480	4
312	30481	4
312	30482	4
312	46301	4
312	46308	4
312	46317	4
312	46328	4
312	46330	4
312	46345	4
312	46600	4
312	46706	4
312	46919	4
312	46925	4
312	46931	4
312	46935	4
312	46955	4
312	47012	4
312	47186	4
312	47193	4
312	47212	4
312	47220	4
312	47228	4
312	47260	4
312	47658	4
312	48550	4
312	48723	4
312	49690	4
312	49730	4
312	49892	4
312	50019	4
312	50025	4
312	50646	4
312	50739	4
312	52125	4
312	52620	4
312	53035	4
312	54222	4
312	54461	4
312	55058	4
312	55161	4
312	56854	4
312	56856	4
312	56860	4
312	56861	4
312	56862	4
312	56865	4
312	56866	4
312	56867	4
312	56871	4
312	56875	4
312	56876	4
313	35	4
313	24090	4
313	24131	4
313	24542	4
313	47899	4
313	56879	4
313	56881	4
313	56882	4
314	1019	4
314	8487	4
314	8491	4
314	15914	4
314	15915	4
314	19527	4
314	26070	4
314	28750	4
314	28937	4
314	28941	4
314	30451	4
314	30486	4
314	30487	4
314	30489	4
314	30492	4
314	30494	4
314	30495	4
314	30499	4
314	30500	4
314	30501	4
314	30505	4
314	30507	4
314	49856	4
314	49894	4
314	49895	4
314	52478	4
314	52716	4
314	53141	4
314	53833	4
314	54273	4
314	55266	4
314	55286	4
314	55475	4
314	56099	4
314	56805	4
314	56888	4
314	56889	4
314	56890	4
314	56898	4
314	56899	4
314	56902	4
314	56903	4
314	56906	4
314	56907	4
314	56909	4
314	56914	4
314	56917	4
314	56918	4
314	56919	4
314	56922	4
314	56927	4
314	56929	4
314	71932	4
314	73860	4
314	73867	4
314	73868	4
314	73869	4
314	73883	4
315	1022	4
315	1024	4
315	1025	4
315	1027	4
315	1028	4
315	1029	4
315	1031	4
315	8180	4
315	8495	4
315	19010	4
315	19019	4
315	19106	4
315	19530	4
315	19531	4
315	23727	4
315	23735	4
315	24161	4
315	24540	4
315	24623	4
315	25480	4
315	25677	4
315	25695	4
315	25845	4
315	26225	4
315	26781	4
315	27034	4
315	27188	4
315	28866	4
315	28877	4
315	28885	4
315	29368	4
315	29652	4
315	30511	4
315	30517	4
315	30524	4
315	30525	4
315	30526	4
315	46756	4
315	47003	4
315	47368	4
315	48336	4
315	48748	4
315	48936	4
315	49064	4
315	51902	4
315	52094	4
315	52386	4
315	52518	4
315	53000	4
315	56936	4
315	56937	4
315	56939	4
315	56940	4
315	56941	4
315	56943	4
315	56945	4
315	56947	4
315	56948	4
315	56950	4
315	56951	4
315	56953	4
315	56954	4
315	56955	4
315	56958	4
315	56961	4
315	56966	4
315	71675	4
315	73123	4
315	73147	4
315	73885	4
315	73891	4
315	73892	4
316	7	4
316	612	4
316	756	4
316	1031	4
316	1035	4
316	7585	4
316	8237	4
316	8506	4
316	8507	4
316	18812	4
316	19534	4
316	19536	4
316	24201	4
316	24359	4
316	25178	4
316	25235	4
316	25241	4
316	25648	4
316	26419	4
316	26423	4
316	26745	4
316	27034	4
316	27238	4
316	27597	4
316	27601	4
316	27615	4
316	27914	4
316	27920	4
316	28208	4
316	28450	4
316	29634	4
316	29715	4
316	30195	4
316	30218	4
316	30428	4
316	30530	4
316	30532	4
316	30534	4
316	30538	4
316	30543	4
316	30548	4
316	30551	4
316	46298	4
316	46508	4
316	46574	4
316	46579	4
316	46737	4
316	47018	4
316	47020	4
316	47035	4
316	47048	4
316	47365	4
316	47397	4
316	47574	4
316	47925	4
316	48616	4
316	48627	4
316	48726	4
316	49036	4
316	49138	4
316	49283	4
316	49288	4
316	49342	4
316	50416	4
316	50438	4
316	50662	4
316	50740	4
316	50831	4
316	50892	4
316	50904	4
316	50918	4
316	51416	4
316	51453	4
316	52099	4
316	52389	4
316	52430	4
316	52933	4
316	52944	4
316	53342	4
316	53755	4
316	53894	4
316	54682	4
316	54960	4
316	54967	4
316	55907	4
316	56895	4
316	56974	4
316	56975	4
316	56977	4
316	56978	4
316	56981	4
316	56982	4
316	56983	4
316	56985	4
316	56990	4
316	56991	4
316	56993	4
316	56995	4
316	56996	4
316	56997	4
316	57007	4
316	57008	4
316	57010	4
316	57016	4
316	71253	4
316	71277	4
316	72612	4
316	73897	4
316	73899	4
316	73902	4
317	23816	4
317	24930	4
317	28106	4
317	46305	4
317	46349	4
317	46366	4
317	46638	4
317	47170	4
317	47220	4
317	47365	4
317	47626	4
317	49166	4
317	49749	4
317	50134	4
317	54496	4
317	57017	4
317	57018	4
317	57019	4
317	57020	4
317	57023	4
317	57024	4
318	259	4
318	25886	4
318	28567	4
318	46381	4
318	46607	4
318	47183	4
318	48647	4
318	49788	4
318	53068	4
318	55335	4
318	56634	4
318	57072	4
319	24456	4
319	24965	4
319	25878	4
319	29288	4
319	46631	4
319	46700	4
319	48573	4
319	48669	4
319	51184	4
319	71939	4
320	1041	4
320	23880	4
320	24940	4
320	30588	4
320	46359	4
320	50268	4
320	50520	4
320	55034	4
320	57080	4
320	57083	4
320	71374	4
320	71658	4
320	72395	4
320	73914	4
321	4	4
321	7725	4
321	24136	4
321	24156	4
321	24196	4
321	24205	4
321	25555	4
321	25681	4
321	28791	4
321	29748	4
321	30591	4
321	30593	4
321	30598	4
321	30600	4
321	30603	4
321	47403	4
321	47405	4
321	47407	4
321	48146	4
321	54972	4
321	55702	4
321	56780	4
321	56816	4
321	57095	4
321	57096	4
322	1045	4
322	1046	4
322	26915	4
322	30611	4
322	30612	4
322	30613	4
322	30614	4
322	48645	4
322	57106	4
322	57107	4
322	57110	4
323	7554	4
323	23920	4
323	24874	4
323	49087	4
323	49741	4
324	24023	4
324	24274	4
324	24293	4
324	24306	4
324	24855	4
324	25433	4
324	25719	4
324	25725	4
324	26253	4
324	30640	4
324	30642	4
324	46308	4
324	46309	4
324	46330	4
324	46439	4
324	47206	4
324	47764	4
324	48582	4
324	49791	4
324	50519	4
324	51371	4
324	54801	4
324	54929	4
324	56216	4
325	558	4
325	637	4
325	1048	4
325	1051	4
325	1052	4
325	1055	4
325	1059	4
325	1060	4
325	1064	4
325	1065	4
325	1066	4
325	1067	4
325	1068	4
325	1072	4
325	1073	4
325	1074	4
325	8526	4
325	15921	4
325	27845	4
325	28244	4
325	28442	4
325	28964	4
325	29831	4
325	30644	4
325	30645	4
325	30646	4
325	30647	4
325	30650	4
325	30651	4
325	30652	4
325	30654	4
325	30659	4
325	30660	4
325	30662	4
325	30663	4
325	30664	4
325	30666	4
325	30669	4
325	30671	4
325	30672	4
325	30674	4
325	30676	4
325	30678	4
325	30681	4
325	30682	4
325	30685	4
325	30692	4
325	30694	4
325	30697	4
325	46782	4
325	46815	4
325	46881	4
325	48115	4
325	48219	4
325	52806	4
325	52808	4
325	53036	4
325	53514	4
325	53528	4
325	53778	4
325	54552	4
325	55119	4
325	55613	4
325	57136	4
325	57137	4
325	57139	4
325	57140	4
325	57143	4
325	57148	4
325	57150	4
325	57152	4
325	57155	4
325	57156	4
325	57158	4
325	57159	4
325	57160	4
325	57162	4
325	57165	4
325	57167	4
325	57168	4
325	57174	4
325	57176	4
325	57179	4
325	57180	4
325	57184	4
325	57186	4
325	57187	4
325	57189	4
325	57193	4
325	57197	4
325	57199	4
325	57200	4
325	57205	4
325	57206	4
325	57207	4
325	71259	4
325	71656	4
325	72897	4
325	73926	4
325	73927	4
325	73928	4
325	73931	4
325	73933	4
325	73934	4
325	73937	4
325	73942	4
325	73945	4
325	73949	4
325	73951	4
325	73956	4
325	73960	4
325	73962	4
325	73963	4
325	73964	4
325	73967	4
325	73969	4
325	73972	4
325	73974	4
325	73976	4
325	73978	4
325	73979	4
325	73981	4
325	73982	4
325	73983	4
326	1076	4
326	19005	4
326	19200	4
326	25747	4
326	30706	4
326	30709	4
326	46298	4
326	48297	4
326	48723	4
326	49275	4
326	50008	4
326	50012	4
326	51461	4
326	51475	4
326	55156	4
326	56757	4
326	57218	4
326	57222	4
326	57230	4
326	57231	4
326	57232	4
326	57233	4
326	71967	4
327	1077	4
327	18934	4
327	23699	4
327	23717	4
327	24719	4
327	24790	4
327	24899	4
327	24965	4
327	25090	4
327	25091	4
327	25309	4
327	26109	4
327	27123	4
327	27489	4
327	29713	4
327	30713	4
327	47339	4
327	53436	4
327	57234	4
327	57235	4
327	57238	4
327	57241	4
327	71450	4
328	23706	4
328	27971	4
328	46877	4
328	57076	4
328	57277	4
329	190	4
329	744	4
329	7996	4
329	8532	4
329	8533	4
329	23843	4
329	24090	4
329	24430	4
329	25858	4
329	26589	4
329	26590	4
329	26702	4
329	28954	4
329	29426	4
329	30731	4
329	46486	4
329	46535	4
329	46552	4
329	46739	4
329	46756	4
329	47341	4
329	47485	4
329	47567	4
329	47574	4
329	47901	4
329	48043	4
329	49319	4
329	49402	4
329	49404	4
329	49593	4
329	49706	4
329	50608	4
329	50695	4
329	50706	4
329	50714	4
329	51318	4
329	51613	4
329	55353	4
329	55360	4
329	57279	4
329	57280	4
329	57281	4
329	57282	4
329	57284	4
329	57285	4
329	57286	4
329	57288	4
329	57289	4
329	57290	4
329	71218	4
329	71742	4
329	74006	4
330	1078	4
330	8534	4
330	19127	4
330	24724	4
330	25745	4
330	26237	4
330	27855	4
330	30212	4
330	30245	4
330	30643	4
330	30732	4
330	30734	4
330	46603	4
330	47681	4
330	50303	4
330	51163	4
330	57293	4
330	57296	4
330	57300	4
330	57302	4
330	74009	4
330	74011	4
331	8537	4
331	8538	4
331	18834	4
331	18860	4
331	19247	4
331	24175	4
331	25228	4
331	25894	4
331	28035	4
331	29117	4
331	30741	4
331	30742	4
331	30743	4
331	30744	4
331	44836	4
331	47515	4
331	47517	4
331	50638	4
331	51854	4
331	53169	4
331	57306	4
331	57307	4
331	57310	4
331	57311	4
331	57312	4
331	57314	4
331	57315	4
331	57317	4
331	57318	4
331	57319	4
331	57320	4
331	57321	4
331	74012	4
332	8540	4
332	19557	4
332	19558	4
332	24260	4
332	24774	4
332	24797	4
332	25266	4
332	25785	4
332	26198	4
332	26533	4
332	26818	4
332	27413	4
332	27419	4
332	27718	4
332	27893	4
332	28277	4
332	28342	4
332	28454	4
332	30749	4
332	30751	4
332	30752	4
332	30753	4
332	30754	4
332	30761	4
332	30763	4
332	30765	4
332	30766	4
332	30768	4
332	30769	4
332	30770	4
332	30773	4
332	30774	4
332	47743	4
332	47829	4
332	48387	4
332	49209	4
332	49943	4
332	49977	4
332	52112	4
332	53809	4
332	57325	4
332	57327	4
332	57328	4
332	57329	4
332	57330	4
332	57333	4
332	57334	4
332	57337	4
332	57341	4
332	57344	4
332	57345	4
332	57348	4
332	72989	4
332	74013	4
332	74016	4
333	25497	4
333	25624	4
333	27421	4
333	30775	4
333	46972	4
333	47461	4
333	47614	4
333	51300	4
333	52293	4
334	19560	4
334	23790	4
334	23802	4
334	24096	4
334	24336	4
334	24466	4
334	24885	4
334	24896	4
334	25623	4
334	26855	4
334	27863	4
334	27865	4
334	30777	4
334	30779	4
334	30782	4
334	46922	4
334	46927	4
334	46933	4
334	47626	4
334	47738	4
334	47799	4
334	48618	4
334	50272	4
334	52608	4
334	53029	4
334	54669	4
334	54832	4
334	57302	4
334	57350	4
334	57352	4
334	57355	4
334	71788	4
334	74022	4
334	74023	4
335	35	4
335	133	4
335	8543	4
335	23822	4
335	23832	4
335	23843	4
335	23897	4
335	24090	4
335	24515	4
335	24556	4
335	24997	4
335	25007	4
335	25144	4
335	25650	4
335	25851	4
335	25860	4
335	26328	4
335	27115	4
335	27578	4
335	27597	4
335	27907	4
335	28297	4
335	28425	4
335	28426	4
335	28953	4
335	29792	4
335	30185	4
335	30299	4
335	30630	4
335	30787	4
335	30788	4
335	30791	4
335	30792	4
335	30793	4
335	30794	4
335	30795	4
335	46308	4
335	46393	4
335	46396	4
335	46440	4
335	46485	4
335	46487	4
335	46498	4
335	46499	4
335	46502	4
335	46526	4
335	46537	4
335	46538	4
335	46541	4
335	46554	4
335	46565	4
335	46574	4
335	46594	4
335	46807	4
335	46812	4
335	46859	4
335	46861	4
335	46990	4
335	47151	4
335	47255	4
335	47335	4
335	47455	4
335	47457	4
335	47538	4
335	47546	4
335	47548	4
335	47564	4
335	47565	4
335	47575	4
335	47582	4
335	47775	4
335	47849	4
335	48360	4
335	48567	4
335	48635	4
335	48641	4
335	48642	4
335	48889	4
335	48936	4
335	49180	4
335	49287	4
335	49338	4
335	49373	4
335	49655	4
335	50052	4
335	50078	4
335	50134	4
335	50562	4
335	50565	4
335	50606	4
335	50634	4
335	50662	4
335	50671	4
335	50678	4
335	51346	4
335	51349	4
335	51696	4
335	51752	4
335	51897	4
335	52076	4
335	52176	4
335	52201	4
335	52562	4
335	52594	4
335	53066	4
335	53080	4
335	53448	4
335	53526	4
335	53614	4
335	53647	4
335	53781	4
335	53897	4
335	54184	4
335	54533	4
335	54605	4
335	54637	4
335	54840	4
335	55204	4
335	56321	4
335	57357	4
335	57359	4
335	57360	4
335	57366	4
335	57367	4
335	57377	4
335	57382	4
335	57383	4
335	57386	4
335	57387	4
335	57388	4
335	57389	4
335	57390	4
335	57391	4
335	57393	4
335	57399	4
335	57400	4
335	57401	4
335	57406	4
335	57409	4
335	57412	4
335	57413	4
335	71218	4
335	71987	4
336	1088	4
336	1089	4
336	1090	4
336	8545	4
336	15931	4
336	19563	4
336	24353	4
336	26525	4
336	27032	4
336	27942	4
336	29619	4
336	29626	4
336	30034	4
336	30803	4
336	30804	4
336	30805	4
336	30810	4
336	30812	4
336	30815	4
336	30816	4
336	30817	4
336	30818	4
336	30820	4
336	30821	4
336	30822	4
336	48394	4
336	50560	4
336	50633	4
336	52224	4
336	54579	4
336	55454	4
336	57421	4
336	57422	4
336	57424	4
336	57426	4
336	57427	4
336	57429	4
336	57431	4
336	57432	4
336	57433	4
336	57435	4
336	57436	4
336	57438	4
336	57439	4
336	57442	4
336	57446	4
336	57447	4
336	57448	4
336	57449	4
336	57451	4
336	57452	4
336	57454	4
336	74028	4
336	74029	4
337	132	4
337	1093	4
337	7957	4
337	8104	4
337	8546	4
337	19567	4
337	24283	4
337	24424	4
337	24551	4
337	24883	4
337	25046	4
337	26364	4
337	26876	4
337	28269	4
337	30824	4
337	30825	4
337	30826	4
337	30828	4
337	30829	4
337	30831	4
337	30832	4
337	30833	4
337	35219	4
337	44736	4
337	44774	4
337	46560	4
337	47363	4
337	47546	4
337	47905	4
337	48636	4
337	48638	4
337	48714	4
337	52599	4
337	53501	4
337	54041	4
337	56312	4
337	57460	4
337	57462	4
337	71228	4
337	74032	4
337	74034	4
337	74036	4
337	74039	4
337	74042	4
338	19098	4
338	23747	4
338	23857	4
338	23865	4
338	24134	4
338	25776	4
338	29447	4
338	29667	4
338	29792	4
338	30839	4
338	48757	4
338	51420	4
338	51454	4
338	57467	4
339	8554	4
339	8556	4
339	15933	4
339	24706	4
339	30409	4
339	30841	4
339	46305	4
339	47289	4
339	51116	4
339	57473	4
339	57474	4
339	74046	4
339	74047	4
340	607	4
340	1097	4
340	26289	4
341	18942	4
341	23873	4
341	24198	4
341	25011	4
341	25190	4
341	25344	4
341	30846	4
341	30847	4
341	48476	4
341	48486	4
341	56045	4
341	57483	4
341	57484	4
341	57489	4
341	71723	4
341	74052	4
342	82	4
342	435	4
342	678	4
342	766	4
342	847	4
342	1028	4
342	1102	4
342	1103	4
342	1104	4
342	1105	4
342	8562	4
342	8563	4
342	19291	4
342	23727	4
342	24623	4
342	25114	4
342	25365	4
342	25748	4
342	25839	4
342	25948	4
342	25952	4
342	26008	4
342	26720	4
342	26734	4
342	27091	4
342	27517	4
342	27623	4
342	28085	4
342	28193	4
342	28457	4
342	28641	4
342	29039	4
342	29960	4
342	30515	4
342	30726	4
342	30851	4
342	30852	4
342	30853	4
342	30854	4
342	30855	4
342	30856	4
342	30859	4
342	30860	4
342	30861	4
342	30862	4
342	30865	4
342	30866	4
342	30868	4
342	30871	4
342	30875	4
342	50932	4
342	52307	4
342	53593	4
342	54135	4
342	54711	4
342	55483	4
342	55709	4
342	56777	4
342	57490	4
342	57492	4
342	57495	4
342	57498	4
342	57499	4
342	57500	4
342	57501	4
342	57502	4
342	57504	4
342	57507	4
342	57511	4
342	57512	4
342	57513	4
342	57516	4
342	57517	4
342	57518	4
342	57519	4
342	57524	4
342	57525	4
342	71617	4
342	74054	4
342	74056	4
342	74057	4
343	8567	4
343	24327	4
343	25072	4
343	30176	4
343	46317	4
344	1109	4
344	1110	4
344	1111	4
344	1113	4
344	1114	4
344	1115	4
344	1116	4
344	1117	4
344	8569	4
344	15939	4
344	18860	4
344	18989	4
344	19572	4
344	19576	4
344	19578	4
344	19579	4
344	24835	4
344	25299	4
344	25744	4
344	26078	4
344	26553	4
344	27442	4
344	29517	4
344	30880	4
344	30881	4
344	30882	4
344	30885	4
344	30886	4
344	30887	4
344	44840	4
344	47421	4
344	50280	4
344	50283	4
344	50372	4
344	52032	4
344	53633	4
344	53685	4
344	55459	4
344	56379	4
344	57534	4
344	57537	4
344	57538	4
344	57539	4
344	57542	4
344	57544	4
344	57545	4
344	57546	4
344	57547	4
344	72070	4
344	72947	4
344	72965	4
344	73217	4
344	74060	4
344	74062	4
344	74064	4
344	74067	4
344	74068	4
344	74070	4
344	74071	4
345	1119	4
345	1121	4
345	1123	4
345	8361	4
345	19366	4
345	29794	4
345	29853	4
345	29876	4
345	30888	4
345	30890	4
345	30898	4
345	30899	4
345	30900	4
345	30901	4
345	30902	4
345	30907	4
345	30910	4
345	30912	4
345	46736	4
345	50628	4
345	57551	4
345	57552	4
345	57553	4
345	57554	4
345	57556	4
345	57558	4
345	57561	4
345	57562	4
345	57564	4
345	71396	4
345	74075	4
345	74081	4
346	19171	4
346	24570	4
346	24574	4
346	24908	4
346	25175	4
346	25186	4
346	25893	4
346	25907	4
346	26461	4
346	26610	4
346	27524	4
346	28694	4
346	29111	4
346	29254	4
346	29322	4
346	29741	4
346	30306	4
346	30824	4
346	30916	4
346	30919	4
346	30920	4
346	30921	4
346	30922	4
346	30926	4
346	30927	4
346	30928	4
346	47293	4
346	48092	4
346	48916	4
346	49132	4
346	50639	4
346	51389	4
346	52713	4
346	53616	4
346	54758	4
346	54886	4
346	55044	4
346	56567	4
346	56850	4
346	57567	4
346	57571	4
346	73560	4
347	8579	4
347	8581	4
347	8582	4
347	19581	4
347	27732	4
347	27746	4
347	27758	4
347	27777	4
347	29159	4
347	30930	4
347	30931	4
347	30933	4
347	30939	4
347	30940	4
347	30941	4
347	30942	4
347	30943	4
347	30945	4
347	30954	4
347	30957	4
347	30958	4
347	30962	4
347	30963	4
347	30968	4
347	30970	4
347	30971	4
347	30972	4
347	30976	4
347	30977	4
347	30978	4
347	51062	4
347	52143	4
347	52236	4
347	52696	4
347	52703	4
347	52710	4
347	52723	4
347	52752	4
347	56417	4
347	57029	4
347	57577	4
347	57578	4
347	57581	4
347	57583	4
347	57584	4
347	57588	4
347	57589	4
347	57590	4
347	57591	4
347	57597	4
347	57599	4
347	57603	4
347	57606	4
347	57611	4
347	57614	4
347	57615	4
347	57616	4
347	57621	4
347	57622	4
347	57628	4
347	57629	4
347	57632	4
347	57640	4
347	57643	4
347	57646	4
347	57653	4
347	74088	4
348	25381	4
348	27375	4
348	28343	4
348	46345	4
348	49257	4
348	52275	4
348	53030	4
348	56476	4
348	57660	4
348	57662	4
348	74095	4
348	74097	4
349	705	4
349	8589	4
349	18812	4
349	18834	4
349	19590	4
349	24959	4
349	26256	4
349	29011	4
349	30983	4
349	30985	4
349	30986	4
349	46604	4
349	46718	4
349	47367	4
349	54664	4
349	57671	4
349	57675	4
349	57677	4
349	57684	4
349	57685	4
349	71484	4
349	74101	4
349	74102	4
349	74104	4
349	74106	4
350	7514	4
350	47491	4
350	50328	4
350	51308	4
350	51710	4
350	53619	4
350	74110	4
351	1131	4
351	19596	4
351	19599	4
351	19600	4
351	19601	4
351	19604	4
351	26317	4
351	28101	4
351	28659	4
351	30988	4
351	30989	4
351	30990	4
351	30992	4
351	30994	4
351	30997	4
351	31000	4
351	31001	4
351	31003	4
351	57692	4
351	57693	4
351	57694	4
351	57696	4
351	57697	4
351	57698	4
351	57699	4
351	57700	4
351	57704	4
351	57705	4
351	57706	4
351	57709	4
351	57710	4
351	57711	4
351	57715	4
351	57717	4
351	74116	4
352	1135	4
352	1137	4
352	15948	4
352	19611	4
352	19612	4
352	19613	4
352	25110	4
352	25778	4
352	26281	4
352	29831	4
352	30294	4
352	30461	4
352	31005	4
352	31006	4
352	31009	4
352	31011	4
352	31014	4
352	31016	4
352	31022	4
352	31027	4
352	31028	4
352	31029	4
352	31030	4
352	31031	4
352	31040	4
352	31042	4
352	31044	4
352	31045	4
352	31047	4
352	31050	4
352	52816	4
352	54648	4
352	57152	4
352	57587	4
352	57725	4
352	57726	4
352	57727	4
352	57731	4
352	57732	4
352	57738	4
352	57748	4
352	57750	4
352	57751	4
352	57753	4
352	57754	4
352	57756	4
352	57758	4
352	57759	4
352	57761	4
352	57762	4
352	57765	4
352	57766	4
352	57767	4
352	57768	4
352	74124	4
352	74125	4
352	74127	4
353	1148	4
353	19617	4
353	28767	4
353	57786	4
353	57789	4
353	74135	4
353	74138	4
354	673	4
354	7509	4
354	8606	4
354	23786	4
354	23832	4
354	23836	4
354	23883	4
354	24118	4
354	24131	4
354	24403	4
354	24430	4
354	24554	4
354	24626	4
354	25067	4
354	25541	4
354	25673	4
354	26037	4
354	26302	4
354	26542	4
354	26591	4
354	27016	4
354	30796	4
354	31058	4
354	31060	4
354	31061	4
354	46567	4
354	46569	4
354	46579	4
354	46980	4
354	47387	4
354	47536	4
354	47574	4
354	47606	4
354	47775	4
354	47895	4
354	47914	4
354	47925	4
354	48011	4
354	48572	4
354	48653	4
354	50608	4
354	53618	4
354	54485	4
354	55589	4
354	71229	4
354	71314	4
354	71743	4
354	72770	4
354	74141	4
355	1073	4
355	1075	4
355	1151	4
355	26795	4
355	27733	4
355	27836	4
355	27839	4
355	28068	4
355	28222	4
355	28237	4
355	28246	4
355	28254	4
355	29979	4
355	30651	4
355	30671	4
355	30694	4
355	31072	4
355	31074	4
355	31079	4
355	31081	4
355	31085	4
355	31086	4
355	31087	4
355	31099	4
355	31100	4
355	31102	4
355	31107	4
355	31108	4
355	47025	4
355	48118	4
355	48130	4
355	49736	4
355	51743	4
355	52702	4
355	53525	4
355	53556	4
355	57148	4
355	57209	4
355	57806	4
355	57808	4
355	57811	4
355	57815	4
355	57816	4
355	57818	4
355	57821	4
355	57824	4
355	57826	4
355	57827	4
355	57828	4
356	65	4
356	23690	4
356	23754	4
356	23929	4
356	23937	4
356	24055	4
356	24375	4
356	25526	4
356	25575	4
356	25621	4
356	26451	4
356	26483	4
356	26484	4
356	27401	4
356	28107	4
356	30704	4
356	31122	4
356	31123	4
356	46330	4
356	46379	4
356	46598	4
356	46931	4
356	46944	4
356	47117	4
356	47228	4
356	48428	4
356	48582	4
356	48770	4
356	48797	4
356	50294	4
356	57835	4
356	71636	4
356	73377	4
356	74143	4
356	74145	4
356	74146	4
357	333	4
357	1154	4
357	19619	4
357	29190	4
357	31125	4
357	31128	4
357	31129	4
357	31130	4
357	31132	4
357	44848	4
357	48129	4
357	57838	4
357	57842	4
358	30720	4
358	31140	4
358	50953	4
358	54505	4
358	57848	4
358	57851	4
358	57854	4
358	57855	4
358	57856	4
358	57857	4
358	57859	4
358	57861	4
358	57863	4
358	57865	4
358	57869	4
358	57873	4
358	57874	4
358	57875	4
358	74149	4
358	74150	4
358	74152	4
359	178	4
359	350	4
359	399	4
359	418	4
359	801	4
359	1158	4
359	18982	4
359	19247	4
359	19623	4
359	24573	4
359	31142	4
359	31143	4
359	31145	4
359	46756	4
359	47076	4
359	48937	4
359	49020	4
359	49071	4
359	49464	4
359	50970	4
359	51463	4
359	52094	4
359	53755	4
359	54967	4
359	55536	4
359	56948	4
359	57878	4
359	57879	4
359	57880	4
359	57881	4
359	57882	4
359	57883	4
359	57887	4
359	57889	4
359	57893	4
359	72054	4
359	73402	4
359	74154	4
359	74155	4
360	1160	4
360	25248	4
360	29754	4
360	29780	4
360	29783	4
360	30051	4
360	31151	4
360	31152	4
360	31155	4
360	31166	4
360	48522	4
360	55775	4
360	57904	4
360	57908	4
360	57911	4
360	57913	4
360	71270	4
360	72717	4
361	1163	4
361	8619	4
361	19625	4
361	23698	4
361	23926	4
361	23931	4
361	23938	4
361	24062	4
361	24293	4
361	24329	4
361	24382	4
361	24721	4
361	24831	4
361	24965	4
361	25391	4
361	26108	4
361	26256	4
361	26274	4
361	27471	4
361	28072	4
361	30544	4
361	31170	4
361	31171	4
361	31174	4
361	46334	4
361	46437	4
361	46472	4
361	46607	4
361	46682	4
361	46710	4
361	46870	4
361	46944	4
361	47186	4
361	47189	4
361	48088	4
361	48284	4
361	48574	4
361	48580	4
361	49178	4
361	49647	4
361	49789	4
361	52169	4
361	52327	4
361	57918	4
361	57920	4
361	57922	4
361	57923	4
361	57924	4
361	57925	4
361	74163	4
361	74165	4
362	57931	4
362	57932	4
362	74167	4
363	1169	4
363	23722	4
363	24824	4
363	25146	4
363	26591	4
363	30974	4
363	31187	4
363	31192	4
363	31193	4
363	31195	4
363	46399	4
363	57948	4
363	57950	4
363	57951	4
363	57954	4
363	57956	4
363	57957	4
363	71255	4
363	74171	4
363	74172	4
363	74173	4
363	74180	4
364	767	4
364	1170	4
364	31197	4
364	31199	4
364	50478	4
364	57968	4
364	57970	4
364	57973	4
364	74182	4
365	7503	4
365	8300	4
365	19476	4
365	23701	4
365	23798	4
365	23802	4
365	23858	4
365	23996	4
365	24058	4
365	24293	4
365	24330	4
365	24338	4
365	27023	4
365	27356	4
365	30261	4
365	31204	4
365	46312	4
365	46343	4
365	46367	4
365	46468	4
365	46589	4
365	46620	4
365	46706	4
365	46716	4
365	46718	4
365	46839	4
365	46876	4
365	46915	4
365	47192	4
365	47197	4
365	47199	4
365	47338	4
365	47381	4
365	47432	4
365	47683	4
365	48161	4
365	48550	4
365	48804	4
365	49508	4
365	49709	4
365	51248	4
365	51943	4
365	52866	4
365	53363	4
365	54661	4
365	55163	4
365	55645	4
365	56515	4
365	57946	4
365	57977	4
365	57983	4
365	57984	4
365	57985	4
365	57986	4
365	57989	4
365	57992	4
365	57993	4
365	57994	4
365	71634	4
365	71830	4
365	73817	4
366	8626	4
366	24524	4
366	28364	4
366	30931	4
366	31211	4
366	31214	4
366	31215	4
366	31216	4
366	31217	4
366	31218	4
366	47693	4
366	47754	4
366	57996	4
366	57999	4
366	58000	4
366	58003	4
366	58004	4
366	58005	4
367	1175	4
367	18946	4
367	19637	4
367	23690	4
367	23729	4
367	23843	4
367	24182	4
367	25198	4
367	25556	4
367	25669	4
367	25764	4
367	27311	4
367	28790	4
367	31272	4
367	31274	4
367	31275	4
367	46467	4
367	46469	4
367	46975	4
367	47033	4
367	47399	4
367	47518	4
367	48458	4
367	48486	4
367	48627	4
367	48735	4
367	48845	4
367	48901	4
367	49985	4
367	50134	4
367	52150	4
367	52334	4
367	53169	4
367	53480	4
367	54344	4
367	54447	4
367	54604	4
367	54620	4
367	58026	4
367	58027	4
367	58030	4
367	58031	4
367	58032	4
367	58040	4
367	58043	4
367	58045	4
367	58050	4
367	58052	4
367	58056	4
367	71702	4
367	71965	4
367	74187	4
367	74188	4
367	74189	4
368	669	4
368	8638	4
368	23783	4
368	23904	4
368	24105	4
368	24370	4
368	24444	4
368	24552	4
368	24691	4
368	25209	4
368	25482	4
368	25492	4
368	25673	4
368	26474	4
368	26714	4
368	27342	4
368	27989	4
368	28116	4
368	28262	4
368	30206	4
368	30352	4
368	31281	4
368	31282	4
368	44737	4
368	46494	4
368	46544	4
368	46579	4
368	46851	4
368	46972	4
368	46988	4
368	46990	4
368	47200	4
368	47202	4
368	48660	4
368	48769	4
368	49248	4
368	50319	4
368	50664	4
368	52201	4
368	53531	4
368	53581	4
368	53897	4
368	54601	4
368	55129	4
368	56482	4
368	58060	4
368	58061	4
368	58063	4
368	58065	4
368	71433	4
369	25230	4
369	46755	4
369	48230	4
369	54409	4
369	74202	4
370	8649	4
370	8650	4
370	23790	4
370	23815	4
370	23861	4
370	23883	4
370	24094	4
370	24110	4
370	24438	4
370	25190	4
370	25241	4
370	25322	4
370	25331	4
370	25563	4
370	26768	4
370	28557	4
370	29850	4
370	30423	4
370	31302	4
370	31303	4
370	31304	4
370	46975	4
370	46979	4
370	47054	4
370	47407	4
370	48631	4
370	48651	4
370	48954	4
370	49055	4
370	49142	4
370	49283	4
370	49401	4
370	49513	4
370	49517	4
370	50706	4
370	50946	4
370	51396	4
370	52492	4
370	53452	4
370	54229	4
370	55111	4
370	56004	4
370	58093	4
370	58098	4
370	71217	4
370	73852	4
371	1171	4
371	1178	4
371	1180	4
371	19019	4
371	19476	4
371	19642	4
371	19643	4
371	19644	4
371	25363	4
371	25669	4
371	27017	4
371	28085	4
371	31314	4
371	31316	4
371	31317	4
371	31320	4
371	31321	4
371	31322	4
371	47856	4
371	47861	4
371	48077	4
371	51722	4
371	53998	4
371	54718	4
371	56788	4
371	58103	4
371	58104	4
371	58105	4
371	58107	4
371	58110	4
371	58112	4
371	58115	4
371	58116	4
371	58119	4
371	58122	4
371	58129	4
371	58133	4
371	58134	4
371	58135	4
371	58137	4
371	58138	4
371	58139	4
371	58140	4
371	58141	4
371	58143	4
371	58144	4
371	58148	4
371	58151	4
371	72053	4
371	74206	4
371	74207	4
371	74209	4
371	74211	4
371	74214	4
371	74217	4
371	74219	4
372	7621	4
372	8660	4
372	18899	4
372	18942	4
372	25236	4
372	25763	4
372	26468	4
372	26733	4
372	27546	4
372	29640	4
372	31329	4
372	46544	4
372	46548	4
372	46853	4
372	47053	4
372	47066	4
372	48100	4
372	48195	4
372	48334	4
372	48338	4
372	48340	4
372	48651	4
372	48723	4
372	48924	4
372	48937	4
372	48999	4
372	49143	4
372	49144	4
372	49158	4
372	49342	4
372	49435	4
372	49603	4
372	49610	4
372	49611	4
372	49621	4
372	50134	4
372	51010	4
372	51685	4
372	52426	4
372	52446	4
372	52870	4
372	53707	4
372	54011	4
372	54170	4
372	54409	4
372	54429	4
372	55490	4
372	55493	4
372	56056	4
372	56748	4
372	58169	4
372	58171	4
372	58172	4
372	58173	4
372	58176	4
372	58177	4
372	58179	4
372	58181	4
372	58182	4
372	72019	4
372	74226	4
373	1182	4
373	7631	4
373	23771	4
373	24545	4
373	48000	4
373	51077	4
373	53607	4
373	58192	4
374	175	4
374	15964	4
374	18920	4
374	18923	4
374	19167	4
374	19375	4
374	23976	4
374	23979	4
374	24086	4
374	24477	4
374	24747	4
374	25789	4
374	25794	4
374	26194	4
374	26823	4
374	27426	4
374	28539	4
374	30110	4
374	31338	4
374	31341	4
374	31342	4
374	31343	4
374	31344	4
374	46865	4
374	47938	4
374	48409	4
374	49199	4
374	49949	4
374	49965	4
374	49970	4
374	58193	4
374	58197	4
374	58199	4
374	58201	4
374	58202	4
374	58203	4
374	58205	4
374	58207	4
374	58212	4
374	58214	4
374	74229	4
375	1185	4
375	31346	4
376	1	4
376	877	4
376	8201	4
376	8496	4
376	8670	4
376	8672	4
376	23857	4
376	24122	4
376	24549	4
376	25432	4
376	26306	4
376	27149	4
376	28194	4
376	30127	4
376	30647	4
376	31355	4
376	31358	4
376	31360	4
376	46521	4
376	46585	4
376	46793	4
376	48144	4
376	48338	4
376	48648	4
376	48707	4
376	48926	4
376	49020	4
376	49298	4
376	49385	4
376	49600	4
376	50044	4
376	50109	4
376	50154	4
376	50186	4
376	50191	4
376	50896	4
376	51033	4
376	51041	4
376	51295	4
376	51376	4
376	51447	4
376	51567	4
376	51594	4
376	51630	4
376	51637	4
376	52306	4
376	52530	4
376	52565	4
376	53070	4
376	53309	4
376	53458	4
376	53464	4
376	54545	4
376	55117	4
376	57194	4
376	58091	4
376	58219	4
376	58221	4
376	58223	4
376	58228	4
376	58232	4
376	58233	4
376	58236	4
376	58237	4
376	58238	4
376	58239	4
376	58241	4
376	58247	4
376	58250	4
376	74231	4
376	74233	4
377	8674	4
377	24496	4
377	25815	4
377	28327	4
377	31368	4
377	46679	4
377	53643	4
377	56417	4
377	72324	4
377	74234	4
378	1191	4
378	1193	4
378	1195	4
378	8677	4
378	19654	4
378	29696	4
378	31379	4
378	31380	4
378	31381	4
378	31383	4
378	31384	4
378	31385	4
378	31388	4
378	31391	4
378	31393	4
378	50363	4
378	53854	4
378	55599	4
378	58279	4
378	58281	4
378	58290	4
378	58293	4
378	58294	4
378	58295	4
378	58296	4
378	58297	4
378	58298	4
378	58299	4
378	58302	4
378	58305	4
378	58310	4
378	58312	4
378	58313	4
378	58315	4
378	58318	4
378	58319	4
378	74241	4
379	18815	4
379	23690	4
379	23765	4
379	23791	4
379	23923	4
379	23927	4
379	23932	4
379	24500	4
379	24745	4
379	24833	4
379	24967	4
379	25470	4
379	25888	4
379	26086	4
379	26267	4
379	27356	4
379	31396	4
379	31398	4
379	46308	4
379	46336	4
379	46469	4
379	46604	4
379	46620	4
379	46623	4
379	46704	4
379	46856	4
379	46859	4
379	46898	4
379	46935	4
379	46944	4
379	46951	4
379	47154	4
379	47238	4
379	47344	4
379	47479	4
379	47635	4
379	47888	4
379	48362	4
379	48563	4
379	48618	4
379	48709	4
379	48778	4
379	49162	4
379	50023	4
379	50030	4
379	52481	4
379	52608	4
379	53037	4
379	55210	4
379	56611	4
379	58323	4
379	58326	4
379	58329	4
379	71817	4
379	72380	4
379	73514	4
380	19656	4
380	31399	4
380	31400	4
380	31401	4
380	31403	4
380	31408	4
380	31410	4
380	31412	4
380	31413	4
380	31415	4
380	58330	4
380	58332	4
380	58335	4
380	58336	4
380	58338	4
380	58340	4
380	74246	4
380	74251	4
380	74252	4
381	24721	4
381	48069	4
382	1203	4
382	1205	4
382	8681	4
382	8682	4
382	8684	4
382	19145	4
382	23930	4
382	23954	4
382	24371	4
382	26287	4
382	26595	4
382	26705	4
382	28128	4
382	30183	4
382	31417	4
382	31419	4
382	31423	4
382	31424	4
382	31425	4
382	31427	4
382	44677	4
382	44861	4
382	49327	4
382	49361	4
382	50129	4
382	50136	4
382	50177	4
382	50302	4
382	50867	4
382	50912	4
382	51232	4
382	51637	4
382	54835	4
382	56043	4
382	56971	4
382	58082	4
382	58347	4
382	58350	4
382	58356	4
382	58357	4
382	58358	4
382	58360	4
382	58361	4
382	58364	4
382	58365	4
382	58366	4
382	58368	4
382	58369	4
382	72165	4
382	74256	4
382	74257	4
383	1208	4
383	8685	4
383	19096	4
383	19140	4
383	23878	4
383	25423	4
383	26050	4
383	26051	4
383	26281	4
383	26527	4
383	26588	4
383	26589	4
383	26696	4
383	26759	4
383	27020	4
383	27597	4
383	28194	4
383	28278	4
383	31432	4
383	31434	4
383	31437	4
383	46974	4
383	47600	4
383	48517	4
383	49375	4
383	51035	4
383	51295	4
383	51630	4
383	51645	4
383	53057	4
383	53463	4
383	53469	4
383	58219	4
383	58223	4
383	58375	4
383	58376	4
383	58377	4
383	58381	4
383	58382	4
383	58384	4
383	71244	4
383	71250	4
383	71329	4
383	72169	4
383	74258	4
383	74259	4
383	74261	4
383	74264	4
384	8686	4
384	18942	4
384	24566	4
384	26175	4
384	28681	4
384	29617	4
384	29704	4
384	31438	4
384	31441	4
384	31443	4
384	31445	4
384	31446	4
384	31448	4
384	31449	4
384	31450	4
384	31452	4
384	49898	4
384	49900	4
384	49902	4
384	49906	4
384	52644	4
384	54348	4
384	55418	4
384	55428	4
384	55435	4
384	55440	4
384	57012	4
384	58387	4
384	58388	4
384	58392	4
384	58395	4
384	58398	4
384	58402	4
384	58405	4
384	58408	4
384	58409	4
384	58410	4
384	58412	4
384	58417	4
384	58418	4
384	74269	4
384	74270	4
384	74271	4
385	82	4
385	548	4
385	1211	4
385	8694	4
385	8697	4
385	8698	4
385	8701	4
385	15968	4
385	19122	4
385	19128	4
385	19660	4
385	23895	4
385	25266	4
385	26300	4
385	26599	4
385	26962	4
385	27052	4
385	27742	4
385	28476	4
385	29794	4
385	29801	4
385	29909	4
385	29920	4
385	29936	4
385	30894	4
385	30911	4
385	30989	4
385	31457	4
385	31460	4
385	31461	4
385	31464	4
385	31465	4
385	31467	4
385	31468	4
385	31469	4
385	31470	4
385	31471	4
385	31472	4
385	31473	4
385	31474	4
385	31475	4
385	31481	4
385	31482	4
385	31484	4
385	31486	4
385	31487	4
385	47218	4
385	48751	4
385	50103	4
385	51349	4
385	52354	4
385	52433	4
385	52434	4
385	55803	4
385	55892	4
385	55944	4
385	55961	4
385	55967	4
385	55987	4
385	56097	4
385	57213	4
385	58419	4
385	58420	4
385	58421	4
385	58422	4
385	58423	4
385	58424	4
385	58425	4
385	58426	4
385	58427	4
385	58428	4
385	58429	4
385	58430	4
385	58431	4
385	58433	4
385	58434	4
385	58436	4
385	58438	4
385	58439	4
385	58440	4
385	58442	4
385	58444	4
385	58447	4
385	58449	4
385	58451	4
385	58453	4
385	58455	4
385	58456	4
385	58457	4
385	58460	4
385	58461	4
385	58462	4
385	58463	4
385	58465	4
385	58466	4
385	58467	4
385	58468	4
385	71866	4
385	71884	4
385	73669	4
385	73670	4
385	73675	4
385	73991	4
385	74117	4
385	74276	4
385	74277	4
385	74278	4
385	74280	4
385	74282	4
385	74283	4
385	74284	4
385	74285	4
385	74287	4
385	74288	4
385	74289	4
385	74290	4
385	74293	4
385	74295	4
385	74296	4
385	74298	4
385	74300	4
385	74301	4
385	74302	4
385	74303	4
386	13	4
386	1214	4
386	1218	4
386	1222	4
386	1224	4
386	1230	4
386	1232	4
386	1233	4
386	1235	4
386	1237	4
386	7777	4
386	8711	4
386	8716	4
386	19214	4
386	19662	4
386	19666	4
386	19667	4
386	19668	4
386	19669	4
386	23725	4
386	23738	4
386	23742	4
386	24738	4
386	24870	4
386	24925	4
386	25146	4
386	26920	4
386	26977	4
386	27339	4
386	27742	4
386	27753	4
386	28365	4
386	28426	4
386	29703	4
386	30974	4
386	31197	4
386	31208	4
386	31217	4
386	31490	4
386	31491	4
386	31493	4
386	31494	4
386	31495	4
386	31497	4
386	31498	4
386	31501	4
386	31505	4
386	31511	4
386	31512	4
386	31513	4
386	31518	4
386	31520	4
386	31522	4
386	31530	4
386	31533	4
386	31535	4
386	31537	4
386	31538	4
386	31539	4
386	31540	4
386	31541	4
386	31542	4
386	31543	4
386	31544	4
386	31545	4
386	31549	4
386	31551	4
386	31554	4
386	31556	4
386	31561	4
386	31563	4
386	31568	4
386	31570	4
386	31572	4
386	31575	4
386	31577	4
386	31578	4
386	31580	4
386	31584	4
386	31585	4
386	31586	4
386	31588	4
386	31592	4
386	31597	4
386	44852	4
386	44867	4
386	44868	4
386	46392	4
386	46403	4
386	46404	4
386	46491	4
386	46508	4
386	46548	4
386	47348	4
386	47411	4
386	47470	4
386	47471	4
386	51936	4
386	52076	4
386	53014	4
386	53108	4
386	55322	4
386	55350	4
386	57616	4
386	57648	4
386	57951	4
386	57956	4
386	57959	4
386	57996	4
386	58002	4
386	58003	4
386	58006	4
386	58437	4
386	58451	4
386	58476	4
386	58479	4
386	58481	4
386	58482	4
386	58483	4
386	58489	4
386	58493	4
386	58494	4
386	58496	4
386	58497	4
386	58503	4
386	58506	4
386	58507	4
386	58510	4
386	58513	4
386	58517	4
386	58520	4
386	58522	4
386	58523	4
386	58525	4
386	58526	4
386	58528	4
386	58529	4
386	58532	4
386	58533	4
386	58537	4
386	58538	4
386	58542	4
386	58544	4
386	58545	4
386	58546	4
386	58547	4
386	58548	4
386	58552	4
386	58555	4
386	58556	4
386	58561	4
386	58562	4
386	58565	4
386	58566	4
386	58568	4
386	58576	4
386	58580	4
386	58582	4
386	58584	4
386	58586	4
386	71629	4
386	74306	4
386	74307	4
386	74310	4
386	74311	4
386	74312	4
386	74314	4
386	74315	4
386	74318	4
386	74319	4
386	74322	4
386	74325	4
386	74327	4
386	74330	4
386	74332	4
386	74333	4
386	74337	4
386	74339	4
386	74340	4
386	74347	4
386	74348	4
386	74349	4
386	74350	4
386	74351	4
386	74352	4
386	74353	4
387	71	4
387	1239	4
387	1240	4
387	27709	4
387	31603	4
387	31604	4
387	31605	4
387	49339	4
387	49902	4
387	49906	4
387	49979	4
387	52637	4
387	53308	4
387	53713	4
387	53719	4
387	55440	4
387	55636	4
387	56980	4
387	56988	4
387	58409	4
387	58602	4
387	58603	4
387	58604	4
387	58607	4
387	58608	4
387	58611	4
387	58614	4
387	58615	4
387	58616	4
387	58619	4
387	58621	4
387	58622	4
387	58624	4
387	58625	4
387	58626	4
387	58627	4
387	58628	4
387	58630	4
387	74357	4
387	74358	4
388	1242	4
388	15974	4
388	29701	4
388	31605	4
388	31612	4
388	46952	4
388	49906	4
388	52227	4
388	52616	4
388	52638	4
388	58387	4
388	58508	4
388	58602	4
388	58635	4
388	58641	4
388	58642	4
388	58643	4
388	58647	4
388	58648	4
388	58650	4
388	58651	4
388	58655	4
388	72200	4
388	73544	4
388	74370	4
389	65	4
389	292	4
389	1081	4
389	23768	4
389	23858	4
389	24245	4
389	24636	4
389	24644	4
389	24655	4
389	24775	4
389	24813	4
389	24854	4
389	24902	4
389	24930	4
389	24936	4
389	25089	4
389	25208	4
389	25384	4
389	25391	4
389	25435	4
389	25709	4
389	26108	4
389	26250	4
389	26265	4
389	26433	4
389	27432	4
389	27966	4
389	27968	4
389	28475	4
389	28488	4
389	28489	4
389	31617	4
389	31618	4
389	31619	4
389	31620	4
389	31621	4
389	31622	4
389	31623	4
389	31624	4
389	31625	4
389	31626	4
389	31627	4
389	31629	4
389	31633	4
389	46597	4
389	46615	4
389	46719	4
389	46824	4
389	46830	4
389	46839	4
389	46841	4
389	46858	4
389	46859	4
389	46869	4
389	46920	4
389	46925	4
389	47153	4
389	47195	4
389	47199	4
389	47220	4
389	47254	4
389	47338	4
389	47414	4
389	47675	4
389	47836	4
389	48442	4
389	48550	4
389	48575	4
389	48597	4
389	48769	4
389	48894	4
389	49090	4
389	49411	4
389	49563	4
389	49569	4
389	49704	4
389	49712	4
389	49727	4
389	49734	4
389	49755	4
389	49766	4
389	49826	4
389	50023	4
389	50308	4
389	52142	4
389	52320	4
389	52481	4
389	52984	4
389	53031	4
389	54462	4
389	55564	4
389	56165	4
389	57132	4
389	57929	4
389	58670	4
389	58671	4
389	58674	4
389	58677	4
389	58678	4
389	58679	4
389	58682	4
389	58683	4
389	58688	4
389	58689	4
389	58691	4
389	58692	4
389	58693	4
389	58694	4
389	58696	4
389	58698	4
389	58699	4
389	58700	4
389	58703	4
389	58707	4
389	58712	4
389	58715	4
389	58716	4
389	58717	4
389	58719	4
390	137	4
390	1243	4
390	1245	4
390	1246	4
390	1247	4
390	1249	4
390	1256	4
390	8723	4
390	8728	4
390	19205	4
390	19675	4
390	23953	4
390	25489	4
390	26034	4
390	27202	4
390	28308	4
390	28450	4
390	29413	4
390	31636	4
390	31639	4
390	31642	4
390	31644	4
390	31645	4
390	31653	4
390	31657	4
390	31659	4
390	31664	4
390	31671	4
390	46488	4
390	46499	4
390	46658	4
390	46743	4
390	47312	4
390	47555	4
390	47605	4
390	48034	4
390	48644	4
390	49274	4
390	49279	4
390	49288	4
390	49587	4
390	49593	4
390	49719	4
390	50263	4
390	51283	4
390	51335	4
390	51619	4
390	51693	4
390	51726	4
390	52074	4
390	52343	4
390	53339	4
390	55351	4
390	56141	4
390	57306	4
390	58014	4
390	58159	4
390	58721	4
390	58722	4
390	58731	4
390	58735	4
390	58736	4
390	58738	4
390	58739	4
390	58745	4
390	58746	4
390	58748	4
390	58750	4
390	58751	4
390	58757	4
390	58760	4
390	58769	4
390	58775	4
390	58777	4
390	58779	4
390	58782	4
390	58783	4
390	58785	4
390	58786	4
390	58787	4
390	58789	4
390	58799	4
390	58801	4
390	58805	4
390	58806	4
390	58810	4
390	58811	4
390	58815	4
390	58816	4
390	58817	4
390	58818	4
390	58820	4
390	58823	4
390	58827	4
390	58829	4
390	58833	4
390	58836	4
390	58838	4
390	58844	4
390	72030	4
390	72197	4
390	73838	4
390	74008	4
390	74371	4
390	74372	4
390	74374	4
390	74375	4
390	74376	4
390	74382	4
390	74385	4
390	74387	4
390	74390	4
390	74393	4
390	74394	4
390	74395	4
390	74396	4
390	74398	4
390	74402	4
390	74403	4
390	74404	4
391	120	4
391	216	4
391	277	4
391	1258	4
391	1259	4
391	18812	4
391	18917	4
391	18946	4
391	19090	4
391	19167	4
391	19201	4
391	19678	4
391	24993	4
391	25702	4
391	25948	4
391	27093	4
391	30599	4
391	31525	4
391	31687	4
391	31688	4
391	31690	4
391	31696	4
391	31697	4
391	31698	4
391	31700	4
391	31701	4
391	46454	4
391	46765	4
391	47567	4
391	47803	4
391	48196	4
391	48338	4
391	48886	4
391	48901	4
391	48928	4
391	48985	4
391	49001	4
391	49029	4
391	49036	4
391	49068	4
391	49443	4
391	49462	4
391	50049	4
391	50642	4
391	50953	4
391	51447	4
391	52334	4
391	52990	4
391	54396	4
391	54672	4
391	58860	4
391	58864	4
391	58865	4
391	58866	4
391	58869	4
391	58871	4
391	58872	4
391	58873	4
391	58877	4
391	58879	4
391	58885	4
391	58886	4
391	58887	4
391	58890	4
391	58896	4
391	58898	4
391	58901	4
391	58905	4
391	58906	4
391	58907	4
392	14	4
392	37	4
392	88	4
392	155	4
392	228	4
392	334	4
392	477	4
392	592	4
392	611	4
392	628	4
392	1084	4
392	1264	4
392	1266	4
392	1269	4
392	18841	4
392	18946	4
392	19259	4
392	19685	4
392	23810	4
392	23816	4
392	23843	4
392	23859	4
392	24356	4
392	24531	4
392	25449	4
392	25471	4
392	25764	4
392	25844	4
392	25910	4
392	26154	4
392	26281	4
392	26296	4
392	26307	4
392	26308	4
392	26542	4
392	26697	4
392	27108	4
392	27170	4
392	27222	4
392	27250	4
392	28122	4
392	28137	4
392	28186	4
392	28205	4
392	28528	4
392	28962	4
392	30132	4
392	31423	4
392	31702	4
392	31706	4
392	31711	4
392	31712	4
392	31713	4
392	31715	4
392	31716	4
392	31722	4
392	31724	4
392	31725	4
392	31726	4
392	46297	4
392	46303	4
392	46345	4
392	46483	4
392	46486	4
392	46527	4
392	46540	4
392	46550	4
392	46557	4
392	46558	4
392	46593	4
392	46597	4
392	46641	4
392	46807	4
392	46974	4
392	46975	4
392	46986	4
392	47336	4
392	47341	4
392	47347	4
392	47546	4
392	47952	4
392	48486	4
392	48571	4
392	48572	4
392	48653	4
392	48723	4
392	48867	4
392	49321	4
392	49331	4
392	49333	4
392	49346	4
392	49366	4
392	49405	4
392	49542	4
392	49585	4
392	50078	4
392	50188	4
392	50415	4
392	50542	4
392	50824	4
392	50858	4
392	51340	4
392	51537	4
392	51559	4
392	51576	4
392	51931	4
392	52918	4
392	53446	4
392	53744	4
392	55876	4
392	55928	4
392	56323	4
392	56540	4
392	56884	4
392	57281	4
392	57373	4
392	58229	4
392	58251	4
392	58347	4
392	58913	4
392	58919	4
392	58922	4
392	58924	4
392	58928	4
392	58933	4
392	58935	4
392	58944	4
392	58947	4
392	58949	4
392	58961	4
392	58963	4
392	58965	4
392	58967	4
392	58974	4
392	58977	4
392	71218	4
392	71629	4
392	72442	4
392	72612	4
392	74410	4
392	74411	4
393	1275	4
393	1276	4
393	1277	4
393	8731	4
393	25103	4
393	25111	4
393	27832	4
393	27840	4
393	29373	4
393	29647	4
393	30682	4
393	31086	4
393	31728	4
393	31731	4
393	31735	4
393	31739	4
393	31741	4
393	31744	4
393	46782	4
393	46990	4
393	52808	4
393	52817	4
393	58982	4
393	58983	4
393	58984	4
393	58985	4
393	58987	4
393	58989	4
393	58993	4
393	58996	4
393	58998	4
393	58999	4
393	59001	4
393	73923	4
393	73974	4
394	1278	4
394	24044	4
394	24083	4
394	27487	4
394	31746	4
394	31747	4
394	31748	4
394	31749	4
394	46344	4
394	46711	4
394	46712	4
394	46830	4
394	47288	4
394	47338	4
394	47683	4
394	49109	4
394	50042	4
394	50493	4
394	52348	4
394	52353	4
394	53404	4
394	55055	4
394	56856	4
394	59002	4
394	59003	4
394	59007	4
394	59008	4
394	59012	4
394	74415	4
395	1282	4
395	8734	4
395	8737	4
395	19689	4
395	27236	4
395	27955	4
395	29475	4
395	31750	4
395	31751	4
395	31753	4
395	31756	4
395	44869	4
395	46429	4
395	47107	4
395	48831	4
395	51975	4
395	52196	4
395	53009	4
395	53012	4
395	53014	4
395	54853	4
395	56314	4
395	57467	4
395	58508	4
395	59015	4
395	59016	4
395	59021	4
395	59022	4
395	59025	4
395	59029	4
395	59030	4
395	59032	4
395	59033	4
395	59036	4
395	59037	4
395	59039	4
395	59041	4
395	59042	4
395	59043	4
395	59046	4
395	59052	4
395	74418	4
395	74419	4
395	74422	4
395	74425	4
395	74427	4
396	246	4
396	446	4
396	8740	4
396	19690	4
396	24499	4
396	25531	4
396	26306	4
396	26343	4
396	26589	4
396	27152	4
396	27160	4
396	27192	4
396	28121	4
396	31349	4
396	31704	4
396	31714	4
396	31722	4
396	31759	4
396	46660	4
396	47468	4
396	47822	4
396	48569	4
396	48572	4
396	49334	4
396	50065	4
396	50863	4
396	51031	4
396	51149	4
396	51610	4
396	53057	4
396	53324	4
396	53469	4
396	58223	4
396	58229	4
396	58250	4
396	58952	4
396	59054	4
396	59055	4
396	59059	4
396	59061	4
397	1287	4
397	1288	4
397	8014	4
397	23699	4
397	23701	4
397	24052	4
397	24058	4
397	24074	4
397	24293	4
397	24774	4
397	26270	4
397	26579	4
397	26627	4
397	27123	4
397	27784	4
397	29004	4
397	30261	4
397	31185	4
397	31618	4
397	31763	4
397	31766	4
397	46301	4
397	48606	4
397	49710	4
397	50039	4
397	52608	4
397	54819	4
397	56589	4
397	59068	4
398	23698	4
398	31769	4
398	31771	4
398	57988	4
398	59076	4
398	59077	4
398	59082	4
398	59084	4
398	59086	4
398	59088	4
398	59090	4
398	59091	4
398	74428	4
398	74429	4
399	639	4
399	670	4
399	1292	4
399	7522	4
399	8746	4
399	8748	4
399	15978	4
399	19020	4
399	23832	4
399	23835	4
399	23899	4
399	24378	4
399	24439	4
399	24545	4
399	24556	4
399	25488	4
399	25773	4
399	26289	4
399	26306	4
399	26361	4
399	26484	4
399	26524	4
399	26836	4
399	27115	4
399	27160	4
399	28212	4
399	28407	4
399	28440	4
399	29363	4
399	29567	4
399	31791	4
399	31792	4
399	31793	4
399	31798	4
399	31800	4
399	46308	4
399	46567	4
399	46594	4
399	47079	4
399	48316	4
399	48679	4
399	49369	4
399	49536	4
399	49572	4
399	50096	4
399	51255	4
399	51639	4
399	53092	4
399	53786	4
399	53889	4
399	54545	4
399	54564	4
399	55266	4
399	56883	4
399	58963	4
399	59116	4
399	59121	4
399	59122	4
399	59123	4
399	59124	4
400	8751	4
400	27681	4
400	29545	4
400	46534	4
400	47481	4
400	47559	4
400	47583	4
400	48040	4
400	51318	4
400	52077	4
400	52590	4
400	55207	4
400	55591	4
400	59128	4
401	8463	4
401	8469	4
401	8755	4
401	8756	4
401	8757	4
401	18873	4
401	23760	4
401	24015	4
401	24286	4
401	24712	4
401	24992	4
401	24994	4
401	26165	4
401	27461	4
401	27782	4
401	29146	4
401	29462	4
401	31804	4
401	31806	4
401	31810	4
401	47281	4
401	49884	4
401	54011	4
401	57070	4
401	59134	4
401	59135	4
401	59137	4
401	59139	4
401	59141	4
401	59142	4
401	59146	4
401	74435	4
402	15756	4
402	31821	4
402	31822	4
402	48132	4
402	57530	4
402	59177	4
402	72679	4
402	74444	4
402	74446	4
403	27	4
403	94	4
403	743	4
403	8762	4
403	15982	4
403	19301	4
403	25839	4
403	44772	4
403	46556	4
403	46753	4
403	46795	4
403	47483	4
403	47910	4
403	49679	4
403	51314	4
403	51329	4
403	51335	4
403	52234	4
403	52670	4
403	59186	4
403	59187	4
403	59188	4
403	59189	4
403	59190	4
403	71219	4
403	71220	4
403	72612	4
403	72968	4
403	74449	4
403	74451	4
403	74453	4
403	74454	4
403	74455	4
403	74457	4
403	74463	4
403	74464	4
403	74473	4
404	1	4
404	1294	4
404	19070	4
404	24011	4
404	28922	4
404	31670	4
404	31827	4
404	44877	4
404	46586	4
404	46594	4
404	46756	4
404	47981	4
404	48188	4
404	50555	4
404	50556	4
404	53730	4
404	53732	4
404	58754	4
404	59197	4
404	59200	4
404	59201	4
404	59205	4
404	59206	4
404	59211	4
404	74475	4
404	74476	4
404	74481	4
405	23806	4
405	24118	4
405	24545	4
405	27690	4
405	31829	4
405	50402	4
405	56879	4
405	59213	4
406	1299	4
406	1301	4
406	27574	4
406	31832	4
406	52458	4
406	53762	4
406	59216	4
406	59224	4
406	59227	4
406	74485	4
406	74486	4
406	74490	4
407	23846	4
407	24398	4
407	24515	4
407	25034	4
407	25502	4
407	25846	4
407	27117	4
407	27369	4
407	27555	4
407	31838	4
407	31839	4
407	46484	4
407	46525	4
407	46530	4
407	46812	4
407	46972	4
407	47364	4
407	52524	4
407	54485	4
407	55585	4
407	59229	4
407	71335	4
407	74492	4
408	360	4
408	489	4
408	743	4
408	1305	4
408	1307	4
408	7639	4
408	8771	4
408	15632	4
408	15984	4
408	23774	4
408	23856	4
408	24163	4
408	24511	4
408	25042	4
408	25144	4
408	25148	4
408	25477	4
408	25948	4
408	25958	4
408	26281	4
408	26760	4
408	27108	4
408	27566	4
408	27673	4
408	28262	4
408	28287	4
408	28302	4
408	28426	4
408	28786	4
408	29874	4
408	31052	4
408	31847	4
408	46493	4
408	46499	4
408	46527	4
408	46545	4
408	46565	4
408	47017	4
408	47455	4
408	47575	4
408	47604	4
408	47962	4
408	48045	4
408	48057	4
408	48059	4
408	48567	4
408	48642	4
408	48757	4
408	49714	4
408	50320	4
408	50562	4
408	50628	4
408	50705	4
408	50730	4
408	50906	4
408	51280	4
408	51318	4
408	51340	4
408	51991	4
408	52468	4
408	52529	4
408	53395	4
408	53507	4
408	53565	4
408	53647	4
408	54481	4
408	55352	4
408	56501	4
408	57721	4
408	59238	4
408	59240	4
408	59242	4
408	59243	4
408	59244	4
408	59245	4
408	59250	4
408	59251	4
408	71212	4
408	71554	4
408	72899	4
408	73783	4
408	74498	4
408	74504	4
409	743	4
409	1311	4
409	8776	4
409	8777	4
409	19140	4
409	23859	4
409	24009	4
409	24164	4
409	24412	4
409	24430	4
409	24545	4
409	24613	4
409	25494	4
409	25860	4
409	26331	4
409	31716	4
409	46859	4
409	46986	4
409	47335	4
409	47925	4
409	47998	4
409	48707	4
409	49361	4
409	49513	4
409	53325	4
409	53651	4
409	54558	4
409	55350	4
409	55928	4
409	56043	4
409	56991	4
409	59253	4
409	59254	4
409	59256	4
409	74506	4
410	599	4
410	1314	4
410	1315	4
410	1317	4
410	8783	4
410	8785	4
410	19040	4
410	19703	4
410	19705	4
410	23690	4
410	24201	4
410	24361	4
410	24797	4
410	25190	4
410	25765	4
410	27911	4
410	28993	4
410	29395	4
410	30205	4
410	30730	4
410	31856	4
410	31857	4
410	31859	4
410	31860	4
410	31861	4
410	31864	4
410	31865	4
410	44881	4
410	46301	4
410	46975	4
410	47154	4
410	48230	4
410	48299	4
410	48319	4
410	48362	4
410	48446	4
410	48616	4
410	48914	4
410	48945	4
410	49035	4
410	49038	4
410	49056	4
410	49144	4
410	49432	4
410	50400	4
410	50434	4
410	51106	4
410	51445	4
410	52240	4
410	52456	4
410	52629	4
410	52909	4
410	53766	4
410	56125	4
410	59258	4
410	59260	4
410	59267	4
410	59268	4
410	59269	4
410	59270	4
410	59277	4
410	59279	4
410	59282	4
410	59288	4
410	74509	4
410	74511	4
410	74513	4
411	558	4
411	786	4
411	1151	4
411	1319	4
411	8521	4
411	8789	4
411	8790	4
411	18946	4
411	24817	4
411	25067	4
411	25111	4
411	25471	4
411	25528	4
411	26171	4
411	26794	4
411	27823	4
411	27835	4
411	28221	4
411	28228	4
411	28244	4
411	29149	4
411	30649	4
411	30670	4
411	30690	4
411	31029	4
411	31733	4
411	31871	4
411	31874	4
411	31875	4
411	31877	4
411	31882	4
411	31884	4
411	31885	4
411	31892	4
411	31894	4
411	31898	4
411	31901	4
411	31902	4
411	31903	4
411	31904	4
411	31909	4
411	31911	4
411	31912	4
411	31913	4
411	31915	4
411	46301	4
411	46782	4
411	46859	4
411	46886	4
411	46904	4
411	47121	4
411	48108	4
411	49367	4
411	50631	4
411	52301	4
411	52795	4
411	52808	4
411	53046	4
411	54820	4
411	54923	4
411	57142	4
411	57162	4
411	57179	4
411	57184	4
411	57736	4
411	57737	4
411	59293	4
411	59295	4
411	59298	4
411	59299	4
411	59304	4
411	59309	4
411	59323	4
411	59325	4
411	59326	4
411	59328	4
411	59329	4
411	59330	4
411	59332	4
411	59333	4
411	59335	4
411	59340	4
411	59341	4
411	59347	4
411	59350	4
411	59352	4
411	59353	4
411	59355	4
411	59357	4
411	59358	4
411	59362	4
411	59363	4
411	59364	4
411	59369	4
411	59370	4
411	59371	4
411	59373	4
411	74514	4
411	74515	4
411	74519	4
411	74520	4
411	74521	4
411	74524	4
412	169	4
412	430	4
412	431	4
412	459	4
412	468	4
412	695	4
412	1323	4
412	19274	4
412	19288	4
412	19292	4
412	19442	4
412	24199	4
412	24511	4
412	25007	4
412	25749	4
412	25842	4
412	25891	4
412	26661	4
412	26668	4
412	26681	4
412	27053	4
412	27458	4
412	27639	4
412	28282	4
412	28433	4
412	28514	4
412	28555	4
412	28693	4
412	28993	4
412	29248	4
412	29273	4
412	29335	4
412	30180	4
412	30536	4
412	30551	4
412	31337	4
412	31931	4
412	31932	4
412	31934	4
412	31937	4
412	31938	4
412	31942	4
412	31945	4
412	31946	4
412	31949	4
412	31953	4
412	31954	4
412	31957	4
412	31958	4
412	46497	4
412	47076	4
412	47399	4
412	47511	4
412	47567	4
412	48460	4
412	48478	4
412	48728	4
412	49542	4
412	49600	4
412	49615	4
412	50754	4
412	50822	4
412	50842	4
412	50962	4
412	51847	4
412	51848	4
412	52384	4
412	52594	4
412	54591	4
412	54620	4
412	54627	4
412	54762	4
412	54767	4
412	54776	4
412	54783	4
412	54812	4
412	54936	4
412	54967	4
412	54990	4
412	55004	4
412	55012	4
412	55016	4
412	55018	4
412	55074	4
412	55099	4
412	56571	4
412	56573	4
412	57007	4
412	59400	4
412	59402	4
412	59403	4
412	59404	4
412	59407	4
412	59409	4
412	59410	4
412	59412	4
412	59413	4
412	59415	4
412	59418	4
412	59419	4
412	59421	4
412	59424	4
412	59426	4
412	59428	4
412	59429	4
412	59430	4
412	59431	4
412	59432	4
412	59435	4
412	59437	4
412	59439	4
412	59445	4
412	59446	4
412	59447	4
412	59448	4
412	59449	4
412	59451	4
412	59452	4
412	59454	4
412	59456	4
412	59457	4
412	59458	4
412	59460	4
412	59461	4
412	59462	4
412	71383	4
412	71997	4
412	72014	4
412	74531	4
412	74532	4
412	74533	4
412	74534	4
412	74535	4
412	74537	4
412	74538	4
413	130	4
413	196	4
413	267	4
413	278	4
413	847	4
413	958	4
413	1151	4
413	1324	4
413	1325	4
413	1326	4
413	1327	4
413	1328	4
413	1331	4
413	15632	4
413	19078	4
413	19637	4
413	19709	4
413	23815	4
413	23874	4
413	24021	4
413	24163	4
413	24371	4
413	24596	4
413	24761	4
413	25214	4
413	25229	4
413	25236	4
413	25237	4
413	25364	4
413	25746	4
413	25747	4
413	25759	4
413	25837	4
413	26054	4
413	26335	4
413	26350	4
413	26455	4
413	26740	4
413	27093	4
413	27235	4
413	27460	4
413	27917	4
413	28342	4
413	28836	4
413	28907	4
413	29649	4
413	29655	4
413	29981	4
413	29986	4
413	30591	4
413	30599	4
413	31877	4
413	31960	4
413	31962	4
413	31963	4
413	31965	4
413	31966	4
413	31967	4
413	31969	4
413	31976	4
413	31980	4
413	31985	4
413	31990	4
413	31995	4
413	31997	4
413	32001	4
413	32002	4
413	46561	4
413	46573	4
413	46590	4
413	46595	4
413	46755	4
413	46778	4
413	46779	4
413	46782	4
413	46832	4
413	46859	4
413	46935	4
413	46975	4
413	47041	4
413	47214	4
413	47487	4
413	47941	4
413	48100	4
413	48144	4
413	48286	4
413	48297	4
413	48300	4
413	48319	4
413	48338	4
413	48340	4
413	48352	4
413	48427	4
413	48723	4
413	48730	4
413	48736	4
413	48852	4
413	48869	4
413	48899	4
413	48902	4
413	48911	4
413	48924	4
413	48937	4
413	48973	4
413	49143	4
413	49357	4
413	49366	4
413	49477	4
413	49581	4
413	49986	4
413	49996	4
413	50001	4
413	50176	4
413	50178	4
413	50313	4
413	50352	4
413	50358	4
413	50438	4
413	50459	4
413	50475	4
413	50591	4
413	50609	4
413	50919	4
413	50956	4
413	51010	4
413	51410	4
413	51457	4
413	51459	4
413	51477	4
413	51478	4
413	51487	4
413	51714	4
413	52690	4
413	52803	4
413	52891	4
413	52909	4
413	53336	4
413	53668	4
413	53755	4
413	53767	4
413	54385	4
413	54432	4
413	55156	4
413	55169	4
413	55260	4
413	55495	4
413	55499	4
413	55501	4
413	55998	4
413	56009	4
413	56053	4
413	56055	4
413	56056	4
413	56057	4
413	56063	4
413	56067	4
413	56068	4
413	56399	4
413	56739	4
413	56939	4
413	58779	4
413	59472	4
413	59473	4
413	59474	4
413	59478	4
413	59480	4
413	59483	4
413	59485	4
413	59486	4
413	59490	4
413	59491	4
413	59492	4
413	59493	4
413	59495	4
413	59496	4
413	59509	4
413	59510	4
413	59511	4
413	59513	4
413	59515	4
413	59517	4
413	59518	4
413	59521	4
413	59523	4
413	59525	4
413	59526	4
413	59527	4
413	59529	4
413	59530	4
413	59531	4
413	59536	4
413	59537	4
413	59538	4
413	59540	4
413	59542	4
413	59545	4
413	59552	4
413	59554	4
413	59555	4
413	59557	4
413	59558	4
413	59560	4
413	59561	4
413	59565	4
413	71649	4
413	71964	4
413	72441	4
413	73905	4
413	74544	4
414	1333	4
414	23706	4
414	23793	4
414	24031	4
414	24057	4
414	24097	4
414	24702	4
414	24721	4
414	24745	4
414	26573	4
414	26661	4
414	27071	4
414	27485	4
414	28911	4
414	30609	4
414	31221	4
414	32011	4
414	46481	4
414	46599	4
414	46602	4
414	46610	4
414	46825	4
414	46901	4
414	46944	4
414	47005	4
414	47188	4
414	47189	4
414	47529	4
414	47666	4
414	47672	4
414	47679	4
414	47739	4
414	47849	4
414	48422	4
414	48591	4
414	48614	4
414	48825	4
414	49667	4
414	51925	4
414	51943	4
414	52097	4
414	52104	4
414	52208	4
414	52272	4
414	52430	4
414	52783	4
414	52894	4
414	52970	4
414	56016	4
414	56518	4
414	57111	4
414	59570	4
414	59575	4
414	59580	4
414	59585	4
414	59587	4
414	59590	4
414	72460	4
414	74546	4
415	8799	4
415	19712	4
415	24378	4
415	25056	4
415	25858	4
415	26302	4
415	26315	4
415	27318	4
415	28208	4
415	32016	4
415	32018	4
415	32019	4
415	46544	4
415	46567	4
415	46975	4
415	48134	4
415	48321	4
415	48889	4
415	49618	4
415	50134	4
415	50145	4
415	50540	4
415	51349	4
415	56883	4
415	57367	4
415	59608	4
415	74549	4
416	7586	4
416	7714	4
416	7937	4
416	8804	4
416	8805	4
416	18917	4
416	18923	4
416	18946	4
416	19713	4
416	23883	4
416	23897	4
416	23899	4
416	23976	4
416	24009	4
416	24076	4
416	24092	4
416	24098	4
416	24103	4
416	24114	4
416	24118	4
416	24602	4
416	25115	4
416	25639	4
416	25756	4
416	26281	4
416	26287	4
416	26595	4
416	27010	4
416	28954	4
416	29067	4
416	30553	4
416	31349	4
416	31421	4
416	31614	4
416	31823	4
416	31843	4
416	31990	4
416	32021	4
416	32022	4
416	32026	4
416	32029	4
416	32032	4
416	32038	4
416	32040	4
416	46491	4
416	46502	4
416	46527	4
416	46545	4
416	46597	4
416	46812	4
416	47334	4
416	47459	4
416	47536	4
416	47554	4
416	48090	4
416	48100	4
416	48284	4
416	48748	4
416	48979	4
416	49029	4
416	49125	4
416	49149	4
416	49174	4
416	49178	4
416	49295	4
416	49605	4
416	50054	4
416	50080	4
416	50134	4
416	50154	4
416	50176	4
416	50706	4
416	51067	4
416	51415	4
416	51420	4
416	51502	4
416	51643	4
416	52151	4
416	52178	4
416	52295	4
416	52302	4
416	52329	4
416	53081	4
416	53430	4
416	54011	4
416	54252	4
416	54401	4
416	54548	4
416	56287	4
416	56323	4
416	56501	4
416	56816	4
416	56879	4
416	57403	4
416	58235	4
416	58239	4
416	58369	4
416	58370	4
416	58379	4
416	58909	4
416	58921	4
416	59562	4
416	59616	4
416	59622	4
416	59623	4
416	59624	4
416	59628	4
416	59629	4
416	59630	4
416	59632	4
416	59633	4
416	59635	4
416	59636	4
416	59639	4
416	72050	4
417	8806	4
417	19714	4
417	27987	4
417	29180	4
417	32042	4
417	32050	4
417	32052	4
417	32053	4
417	32055	4
417	32056	4
417	32061	4
417	32066	4
417	32068	4
417	32069	4
417	32070	4
417	46668	4
417	49908	4
417	52669	4
417	54530	4
417	59640	4
417	59641	4
417	59642	4
417	59643	4
417	59644	4
417	59649	4
417	59653	4
417	59654	4
417	59655	4
417	59656	4
417	59658	4
417	59663	4
417	59664	4
417	59668	4
417	59669	4
417	74553	4
417	74554	4
417	74557	4
417	74559	4
418	24432	4
418	25599	4
418	59686	4
419	1338	4
419	1339	4
419	27631	4
419	29900	4
419	29905	4
419	29930	4
419	31473	4
419	32075	4
419	32079	4
419	52380	4
419	52403	4
419	57211	4
419	58432	4
419	58461	4
419	59692	4
419	59693	4
419	59699	4
419	73699	4
419	74281	4
419	74563	4
419	74569	4
420	19716	4
420	19717	4
420	19720	4
420	32082	4
420	32083	4
420	32086	4
420	32087	4
420	32088	4
420	32089	4
420	50627	4
420	56933	4
420	56934	4
420	59703	4
420	59707	4
420	59708	4
421	18903	4
421	24395	4
421	24627	4
421	27226	4
421	32090	4
421	32091	4
421	32092	4
421	46541	4
421	47562	4
421	47769	4
421	48683	4
421	49274	4
421	49365	4
421	53676	4
421	57290	4
421	58368	4
421	59715	4
421	59718	4
422	46743	4
422	51444	4
422	56936	4
422	59724	4
422	59725	4
423	14	4
423	8762	4
423	8812	4
423	19723	4
423	24511	4
423	24518	4
423	25007	4
423	25236	4
423	25498	4
423	25499	4
423	25673	4
423	26043	4
423	26283	4
423	26337	4
423	26547	4
423	26589	4
423	26591	4
423	27015	4
423	27250	4
423	27555	4
423	31059	4
423	31716	4
423	32095	4
423	32096	4
423	46548	4
423	46579	4
423	46735	4
423	47536	4
423	48316	4
423	48600	4
423	49344	4
423	50121	4
423	50464	4
423	50658	4
423	50659	4
423	52293	4
423	52909	4
423	56945	4
423	57285	4
423	59726	4
423	59727	4
423	59732	4
423	71914	4
423	72078	4
423	74575	4
424	31307	4
424	46367	4
424	47258	4
424	49648	4
425	187	4
425	255	4
425	647	4
425	676	4
425	1187	4
425	1205	4
425	1343	4
425	1345	4
425	1347	4
425	7516	4
425	7564	4
425	7773	4
425	8814	4
425	8815	4
425	8817	4
425	8819	4
425	18840	4
425	18945	4
425	19038	4
425	19201	4
425	19725	4
425	19726	4
425	19729	4
425	23777	4
425	23816	4
425	23822	4
425	23877	4
425	23899	4
425	24227	4
425	24407	4
425	24421	4
425	24551	4
425	24552	4
425	24553	4
425	25047	4
425	25477	4
425	25481	4
425	25487	4
425	25488	4
425	25490	4
425	25497	4
425	25640	4
425	25863	4
425	26304	4
425	26333	4
425	26515	4
425	26529	4
425	26531	4
425	26695	4
425	26781	4
425	26851	4
425	26854	4
425	27019	4
425	27448	4
425	27453	4
425	27555	4
425	27592	4
425	28212	4
425	28434	4
425	28442	4
425	29644	4
425	29954	4
425	30553	4
425	30630	4
425	31069	4
425	31716	4
425	32098	4
425	32099	4
425	32100	4
425	32101	4
425	32102	4
425	32106	4
425	32107	4
425	32110	4
425	32111	4
425	44858	4
425	46303	4
425	46496	4
425	46519	4
425	46534	4
425	47312	4
425	47387	4
425	47461	4
425	47604	4
425	47613	4
425	48190	4
425	48318	4
425	48655	4
425	48660	4
425	48916	4
425	49305	4
425	49349	4
425	49502	4
425	50057	4
425	50076	4
425	50686	4
425	50697	4
425	50951	4
425	51255	4
425	51322	4
425	51563	4
425	51747	4
425	51884	4
425	51990	4
425	52072	4
425	52076	4
425	52100	4
425	52552	4
425	52562	4
425	54479	4
425	55930	4
425	57372	4
425	59150	4
425	59628	4
425	59737	4
425	59738	4
425	59741	4
425	59746	4
425	59749	4
425	59751	4
425	59752	4
425	59757	4
425	59760	4
425	59763	4
425	59765	4
425	71329	4
425	72487	4
425	72999	4
425	74389	4
425	74503	4
425	74576	4
425	74579	4
425	74580	4
425	74583	4
426	28005	4
426	59767	4
427	1350	4
427	19262	4
427	26303	4
427	28033	4
427	28409	4
427	29222	4
427	32118	4
427	32119	4
427	32121	4
427	32122	4
427	46724	4
427	46732	4
427	48114	4
427	54888	4
427	55476	4
427	56914	4
427	59773	4
427	59774	4
427	59775	4
427	59776	4
427	59782	4
427	59783	4
427	59786	4
427	74595	4
428	278	4
428	8821	4
428	24582	4
428	32125	4
428	49020	4
428	51350	4
428	53103	4
428	54142	4
428	54578	4
428	55066	4
428	56100	4
428	59795	4
428	59800	4
428	59803	4
428	71999	4
428	72021	4
428	73060	4
428	73074	4
428	74599	4
428	74601	4
428	74602	4
428	74604	4
428	74605	4
428	74606	4
429	409	4
429	7626	4
429	8546	4
429	8825	4
429	18945	4
429	19131	4
429	23785	4
429	23793	4
429	23837	4
429	23865	4
429	24005	4
429	24412	4
429	24430	4
429	24435	4
429	24545	4
429	24556	4
429	25043	4
429	25083	4
429	25084	4
429	25488	4
429	26293	4
429	26297	4
429	26304	4
429	26364	4
429	27601	4
429	28553	4
429	32133	4
429	32136	4
429	46537	4
429	46554	4
429	46558	4
429	47387	4
429	47461	4
429	47477	4
429	47479	4
429	48651	4
429	49306	4
429	50445	4
429	59807	4
429	72487	4
429	74613	4
429	74617	4
430	286	4
430	554	4
430	1351	4
430	18894	4
430	24377	4
430	24803	4
430	25834	4
430	28897	4
430	32138	4
430	46328	4
430	46393	4
430	47439	4
430	47626	4
430	47939	4
430	51493	4
430	51915	4
430	54652	4
430	74619	4
431	1355	4
431	1358	4
431	1363	4
431	24087	4
431	25091	4
431	25990	4
431	26012	4
431	26372	4
431	26560	4
431	27558	4
431	27993	4
431	30092	4
431	30851	4
431	31921	4
431	31929	4
431	32143	4
431	32146	4
431	32149	4
431	32150	4
431	32154	4
431	32155	4
431	32156	4
431	32158	4
431	32159	4
431	47089	4
431	48136	4
431	56016	4
431	59817	4
431	59818	4
431	59822	4
431	74624	4
431	74627	4
432	639	4
432	671	4
432	1365	4
432	1366	4
432	1367	4
432	7771	4
432	7937	4
432	8439	4
432	8832	4
432	18827	4
432	23724	4
432	24947	4
432	25145	4
432	25650	4
432	28932	4
432	32163	4
432	32166	4
432	46485	4
432	47211	4
432	47554	4
432	47588	4
432	48651	4
432	52267	4
432	53526	4
432	53614	4
432	54011	4
432	54130	4
432	54577	4
432	56043	4
432	56355	4
432	59830	4
432	71564	4
432	74628	4
433	16	4
433	1372	4
433	1373	4
433	18825	4
433	18967	4
433	24163	4
433	24735	4
433	25260	4
433	25364	4
433	25368	4
433	25842	4
433	25952	4
433	26876	4
433	27038	4
433	27090	4
433	27649	4
433	28533	4
433	29398	4
433	29399	4
433	30151	4
433	30350	4
433	32168	4
433	32170	4
433	32171	4
433	32172	4
433	32173	4
433	32174	4
433	32177	4
433	32179	4
433	32180	4
433	32185	4
433	44885	4
433	44887	4
433	47002	4
433	47664	4
433	48090	4
433	48282	4
433	49150	4
433	49281	4
433	54440	4
433	54700	4
433	55512	4
433	57896	4
433	58027	4
433	59474	4
433	59836	4
433	59837	4
433	59841	4
433	59842	4
433	59845	4
433	59849	4
433	59852	4
433	59860	4
433	59862	4
433	59867	4
433	59875	4
433	71203	4
433	73123	4
433	73152	4
433	74638	4
433	74640	4
433	74642	4
433	74646	4
433	74647	4
433	74651	4
433	74652	4
433	74655	4
433	74657	4
434	1374	4
434	8308	4
434	31176	4
434	47189	4
434	48575	4
434	55455	4
434	74658	4
435	32187	4
435	32189	4
435	32191	4
435	46833	4
435	46868	4
435	47361	4
435	49500	4
435	50736	4
435	51648	4
435	53495	4
435	55900	4
435	59876	4
435	59877	4
435	59881	4
435	59882	4
435	59884	4
435	72752	4
435	74659	4
436	1378	4
436	18945	4
436	19073	4
436	23960	4
436	24126	4
436	24421	4
436	24552	4
436	24998	4
436	25000	4
436	25018	4
436	26281	4
436	27318	4
436	28449	4
436	31986	4
436	46515	4
436	46548	4
436	46990	4
436	47560	4
436	47602	4
436	47921	4
436	48657	4
436	49593	4
436	50058	4
436	50691	4
436	50695	4
436	51330	4
436	52588	4
436	53081	4
436	53502	4
436	53576	4
436	56124	4
436	58774	4
436	58781	4
436	58797	4
436	59732	4
436	59888	4
436	59889	4
436	59890	4
436	59891	4
436	59895	4
436	59896	4
436	59899	4
436	59900	4
436	59901	4
436	59902	4
436	59903	4
436	71743	4
436	73528	4
436	74664	4
437	8839	4
437	19129	4
437	24854	4
437	27044	4
437	27276	4
437	28372	4
437	28374	4
437	32201	4
437	46477	4
437	46756	4
437	47897	4
437	48403	4
437	53807	4
437	59905	4
437	59906	4
437	59907	4
437	59908	4
437	59910	4
437	59915	4
438	19742	4
438	27393	4
438	31524	4
438	32212	4
438	32213	4
438	32217	4
438	32218	4
438	32228	4
438	46770	4
438	47294	4
438	52726	4
438	53005	4
438	59052	4
438	59916	4
438	59917	4
438	59919	4
438	59921	4
438	59922	4
438	59927	4
438	59930	4
438	59931	4
438	59936	4
438	59940	4
438	59941	4
438	59942	4
438	72278	4
438	72282	4
438	74667	4
438	74668	4
439	162	4
439	7562	4
439	25559	4
439	32236	4
439	32237	4
439	48730	4
439	48962	4
439	50472	4
439	59956	4
439	59957	4
439	59959	4
439	59961	4
439	74542	4
440	1006	4
440	24935	4
440	28598	4
440	29093	4
440	32243	4
440	32251	4
440	46803	4
440	48388	4
440	48418	4
440	54042	4
440	54739	4
440	56618	4
440	59170	4
440	59964	4
440	59965	4
440	59968	4
440	59970	4
440	59971	4
440	59976	4
440	59980	4
440	59983	4
440	59991	4
440	59992	4
440	59996	4
441	496	4
441	8236	4
441	23871	4
441	23911	4
441	24029	4
441	24332	4
441	24364	4
441	24802	4
441	24811	4
441	24876	4
441	24885	4
441	24945	4
441	25068	4
441	25260	4
441	25380	4
441	25448	4
441	25604	4
441	25727	4
441	26122	4
441	30176	4
441	30496	4
441	32257	4
441	32259	4
441	32260	4
441	32270	4
441	32273	4
441	46301	4
441	46377	4
441	46631	4
441	46869	4
441	46912	4
441	46934	4
441	46951	4
441	47199	4
441	47638	4
441	47660	4
441	47666	4
441	49412	4
441	49723	4
441	49733	4
441	49864	4
441	52691	4
441	53274	4
441	57456	4
441	60001	4
441	60002	4
441	60003	4
441	71587	4
441	74676	4
442	23870	4
442	25749	4
442	28030	4
442	29063	4
442	29748	4
442	46301	4
442	47000	4
442	47042	4
442	47403	4
442	48946	4
442	48954	4
442	48989	4
442	54333	4
442	54830	4
442	54960	4
442	56004	4
442	57663	4
442	60029	4
443	1	4
443	144	4
443	930	4
443	1390	4
443	7586	4
443	8328	4
443	18819	4
443	18840	4
443	19744	4
443	19745	4
443	23889	4
443	23959	4
443	26296	4
443	26712	4
443	28203	4
443	29690	4
443	29751	4
443	31296	4
443	31851	4
443	32276	4
443	32278	4
443	32284	4
443	32285	4
443	46572	4
443	47545	4
443	47580	4
443	47600	4
443	48757	4
443	49332	4
443	49585	4
443	50109	4
443	50129	4
443	50591	4
443	50776	4
443	51295	4
443	51373	4
443	51377	4
443	51607	4
443	51629	4
443	51637	4
443	53491	4
443	56879	4
443	56883	4
443	58088	4
443	58235	4
443	59056	4
443	60033	4
443	60034	4
443	60037	4
443	60039	4
443	60045	4
443	71736	4
443	72024	4
443	72816	4
443	73665	4
443	74682	4
443	74683	4
443	74685	4
444	1391	4
444	18879	4
444	25578	4
444	27298	4
444	32286	4
444	32289	4
444	32290	4
444	32291	4
444	32292	4
444	32295	4
444	32296	4
444	32300	4
444	32301	4
444	32302	4
444	32304	4
444	46828	4
444	48150	4
444	48533	4
444	49727	4
444	51783	4
444	60048	4
444	60049	4
444	60050	4
444	60051	4
444	60052	4
444	60053	4
444	71429	4
444	72215	4
444	72687	4
444	74692	4
444	74696	4
444	74697	4
444	74698	4
444	74699	4
444	74700	4
444	74701	4
444	74702	4
444	74703	4
445	30335	4
445	32307	4
445	32309	4
445	32310	4
445	32311	4
445	32313	4
445	35219	4
445	47664	4
445	52989	4
445	60059	4
445	60064	4
446	313	4
446	1394	4
446	19026	4
446	19437	4
446	19746	4
446	23698	4
446	23759	4
446	23768	4
446	23929	4
446	24033	4
446	24076	4
446	24271	4
446	24286	4
446	24293	4
446	24375	4
446	24745	4
446	24766	4
446	25127	4
446	25202	4
446	25391	4
446	25711	4
446	25852	4
446	26084	4
446	26158	4
446	26238	4
446	26438	4
446	29316	4
446	31385	4
446	32316	4
446	32318	4
446	32322	4
446	32325	4
446	32327	4
446	32328	4
446	32330	4
446	46429	4
446	46616	4
446	46617	4
446	46637	4
446	46720	4
446	46951	4
446	46988	4
446	47199	4
446	47283	4
446	48618	4
446	49407	4
446	49721	4
446	52142	4
446	52170	4
446	52963	4
446	59270	4
446	60067	4
446	60071	4
446	60072	4
446	60073	4
446	72996	4
447	304	4
447	1396	4
447	23971	4
447	24496	4
447	24727	4
447	26820	4
447	27411	4
447	28279	4
447	47421	4
447	52051	4
447	53686	4
447	60080	4
447	72312	4
447	72518	4
448	1380	4
448	8204	4
448	8439	4
448	8854	4
448	8855	4
448	8856	4
448	18923	4
448	19451	4
448	23785	4
448	23807	4
448	23822	4
448	24007	4
448	24435	4
448	24437	4
448	24451	4
448	24511	4
448	24540	4
448	24545	4
448	24692	4
448	24987	4
448	25145	4
448	25146	4
448	25490	4
448	25493	4
448	26284	4
448	27552	4
448	27983	4
448	28297	4
448	28451	4
448	28591	4
448	32093	4
448	32333	4
448	32334	4
448	32335	4
448	46524	4
448	46542	4
448	46548	4
448	46557	4
448	46579	4
448	46758	4
448	47475	4
448	47496	4
448	47609	4
448	47618	4
448	47954	4
448	48222	4
448	50058	4
448	50669	4
448	50703	4
448	50714	4
448	51168	4
448	51613	4
448	51648	4
448	52548	4
448	52552	4
448	54058	4
448	54605	4
448	57283	4
448	57291	4
448	59719	4
448	60085	4
448	60087	4
448	60088	4
448	60091	4
448	60094	4
448	71228	4
448	71328	4
448	71347	4
448	71986	4
448	72767	4
448	72904	4
448	73404	4
448	74076	4
448	74479	4
448	74708	4
448	74712	4
448	74713	4
448	74714	4
448	74715	4
448	74718	4
448	74719	4
449	1397	4
449	8861	4
449	23984	4
449	24074	4
449	24911	4
449	24915	4
449	28333	4
449	28342	4
449	28343	4
449	32338	4
449	46380	4
449	46903	4
449	47444	4
449	47666	4
449	48541	4
449	49231	4
449	50369	4
449	51175	4
449	52053	4
449	53045	4
449	56540	4
449	60096	4
449	60099	4
449	60100	4
449	60101	4
449	60103	4
450	1403	4
450	8866	4
450	8868	4
450	19749	4
450	24488	4
450	24805	4
450	25295	4
450	32346	4
450	32348	4
450	32353	4
450	32355	4
450	32356	4
450	32357	4
450	32361	4
450	52023	4
450	52110	4
450	54033	4
450	60117	4
450	60118	4
450	60119	4
450	60121	4
450	60122	4
450	60126	4
450	60131	4
450	60142	4
450	60145	4
450	71943	4
450	72385	4
450	73777	4
450	74731	4
450	74732	4
450	74734	4
450	74735	4
450	74736	4
450	74737	4
451	32364	4
451	52524	4
452	189	4
452	1406	4
452	7890	4
452	8095	4
452	8876	4
452	8878	4
452	8879	4
452	8880	4
452	18875	4
452	19755	4
452	23706	4
452	23780	4
452	23783	4
452	23832	4
452	23843	4
452	23882	4
452	24015	4
452	24070	4
452	24094	4
452	24116	4
452	24175	4
452	24406	4
452	24410	4
452	24421	4
452	24451	4
452	24505	4
452	24545	4
452	24551	4
452	25474	4
452	25526	4
452	26092	4
452	26330	4
452	26665	4
452	27586	4
452	27668	4
452	28638	4
452	29418	4
452	30553	4
452	30824	4
452	31282	4
452	32133	4
452	32365	4
452	32366	4
452	32368	4
452	32370	4
452	32371	4
452	32372	4
452	32373	4
452	46483	4
452	46502	4
452	46537	4
452	46547	4
452	46569	4
452	46594	4
452	46785	4
452	47284	4
452	47403	4
452	47963	4
452	47989	4
452	48056	4
452	48266	4
452	48651	4
452	48858	4
452	49316	4
452	50139	4
452	51109	4
452	51341	4
452	52312	4
452	52468	4
452	52590	4
452	53484	4
452	53507	4
452	54160	4
452	56062	4
452	59248	4
452	59806	4
452	60148	4
452	60151	4
452	60153	4
452	60154	4
452	60155	4
452	60156	4
452	60157	4
452	60158	4
452	60159	4
452	60160	4
452	60161	4
452	60162	4
452	60163	4
452	60164	4
452	60165	4
452	60166	4
452	71914	4
452	74743	4
452	74745	4
452	74748	4
453	766	4
453	844	4
453	24197	4
453	25180	4
453	25331	4
453	25344	4
453	25464	4
453	25627	4
453	25676	4
453	25937	4
453	25967	4
453	27067	4
453	27080	4
453	27103	4
453	27271	4
453	27902	4
453	30865	4
453	32375	4
453	32376	4
453	32378	4
453	32380	4
453	32382	4
453	46986	4
453	48671	4
453	48979	4
453	48994	4
453	49055	4
453	50769	4
453	51429	4
453	51439	4
453	51678	4
453	51863	4
453	52366	4
453	52385	4
453	52414	4
453	52468	4
453	52477	4
453	52491	4
453	52870	4
453	52886	4
453	54443	4
453	54724	4
453	56991	4
453	60170	4
453	60172	4
453	60173	4
453	60174	4
453	60175	4
453	60178	4
453	60179	4
454	1	4
454	72	4
454	15683	4
454	23832	4
454	23851	4
454	23872	4
454	24371	4
454	24509	4
454	24621	4
454	26154	4
454	26358	4
454	27170	4
454	27258	4
454	28933	4
454	46544	4
454	47053	4
454	47245	4
454	47590	4
454	47612	4
454	47986	4
454	49339	4
454	49585	4
454	50658	4
454	54507	4
454	60183	4
454	74755	4
455	23902	4
455	26116	4
455	49808	4
455	51236	4
456	16	4
456	1412	4
456	8883	4
456	19026	4
456	19631	4
456	23847	4
456	24437	4
456	24580	4
456	24586	4
456	24906	4
456	25144	4
456	25145	4
456	25489	4
456	25495	4
456	26845	4
456	27029	4
456	27076	4
456	27687	4
456	29053	4
456	29328	4
456	30288	4
456	30289	4
456	30636	4
456	31052	4
456	31328	4
456	32394	4
456	32396	4
456	32406	4
456	32409	4
456	32413	4
456	32414	4
456	32421	4
456	32426	4
456	46741	4
456	46755	4
456	46793	4
456	46810	4
456	47003	4
456	47310	4
456	47516	4
456	47594	4
456	47662	4
456	48775	4
456	48865	4
456	48873	4
456	48889	4
456	49289	4
456	49717	4
456	50805	4
456	50842	4
456	52680	4
456	53677	4
456	53680	4
456	54589	4
456	54648	4
456	55082	4
456	56073	4
456	57904	4
456	60090	4
456	60190	4
456	60192	4
456	60193	4
456	60195	4
456	60197	4
456	60201	4
456	60203	4
456	60208	4
456	60209	4
456	60211	4
456	60214	4
456	60218	4
456	60233	4
456	60235	4
456	60246	4
456	60248	4
456	60254	4
456	60256	4
456	72014	4
456	72827	4
456	74761	4
456	74763	4
457	1414	4
457	24335	4
457	28685	4
457	32138	4
457	46703	4
457	47109	4
457	54214	4
457	60258	4
457	60260	4
457	74721	4
458	1419	4
458	16005	4
458	19106	4
458	23690	4
458	23900	4
458	24027	4
458	24044	4
458	24264	4
458	24375	4
458	25454	4
458	28478	4
458	28812	4
458	29185	4
458	29489	4
458	30328	4
458	31761	4
458	32432	4
458	32433	4
458	32436	4
458	46367	4
458	46437	4
458	46597	4
458	46603	4
458	46607	4
458	46637	4
458	46838	4
458	47185	4
458	47216	4
458	48132	4
458	48550	4
458	48618	4
458	52150	4
458	52717	4
458	53040	4
458	54496	4
458	60262	4
458	60264	4
458	60266	4
458	60267	4
459	25959	4
459	28941	4
459	30450	4
459	49856	4
459	52756	4
459	54278	4
459	54375	4
459	54911	4
459	56101	4
459	60275	4
459	74765	4
460	23701	4
460	23798	4
460	24049	4
460	27500	4
460	32443	4
460	46368	4
460	47149	4
460	48822	4
460	50324	4
460	51199	4
460	52990	4
460	60280	4
460	60282	4
461	46312	4
461	46901	4
461	50043	4
461	53417	4
461	53809	4
462	43	4
462	54	4
462	123	4
462	289	4
462	1039	4
462	1424	4
462	1428	4
462	18838	4
462	18894	4
462	18963	4
462	19189	4
462	19513	4
462	23697	4
462	23718	4
462	23800	4
462	24023	4
462	24036	4
462	24044	4
462	24045	4
462	24063	4
462	24334	4
462	24361	4
462	24388	4
462	24643	4
462	24703	4
462	24756	4
462	24757	4
462	24840	4
462	24885	4
462	24954	4
462	25071	4
462	25205	4
462	25448	4
462	25577	4
462	25889	4
462	26242	4
462	26243	4
462	26279	4
462	27133	4
462	27375	4
462	27528	4
462	27533	4
462	27565	4
462	28486	4
462	29551	4
462	29561	4
462	32457	4
462	32459	4
462	32461	4
462	32462	4
462	32464	4
462	32465	4
462	46452	4
462	46589	4
462	46830	4
462	47668	4
462	47759	4
462	47822	4
462	47824	4
462	48763	4
462	49562	4
462	49772	4
462	50511	4
462	50530	4
462	56302	4
462	57072	4
462	57079	4
462	60302	4
462	60303	4
462	60307	4
462	60308	4
462	60310	4
462	60312	4
462	60316	4
462	60318	4
462	71307	4
462	71490	4
462	71771	4
462	72166	4
462	72173	4
462	73817	4
462	74774	4
462	74782	4
462	74787	4
463	1429	4
463	8451	4
463	16012	4
463	23781	4
463	23824	4
463	23870	4
463	23879	4
463	24050	4
463	24131	4
463	24283	4
463	24797	4
463	25037	4
463	25458	4
463	25467	4
463	25489	4
463	25790	4
463	26800	4
463	27019	4
463	27369	4
463	44858	4
463	44895	4
463	44896	4
463	44900	4
463	46493	4
463	46537	4
463	46547	4
463	46554	4
463	46564	4
463	46636	4
463	46759	4
463	46782	4
463	46785	4
463	47051	4
463	47077	4
463	47198	4
463	47377	4
463	47408	4
463	47478	4
463	47558	4
463	48099	4
463	49194	4
463	49411	4
463	51678	4
463	51740	4
463	51880	4
463	52316	4
463	53625	4
463	53885	4
463	54858	4
463	55350	4
463	56112	4
463	60321	4
463	60325	4
463	60328	4
463	60331	4
463	71222	4
463	71314	4
463	71522	4
463	71723	4
463	71964	4
463	72472	4
463	72813	4
463	72896	4
463	72916	4
463	74092	4
463	74442	4
463	74628	4
463	74788	4
463	74789	4
463	74790	4
463	74797	4
463	74799	4
463	74801	4
463	74804	4
463	74805	4
463	74806	4
464	8842	4
464	8894	4
464	8895	4
464	16018	4
464	19766	4
464	19768	4
464	19770	4
464	24537	4
464	24797	4
464	26407	4
464	26515	4
464	26967	4
464	27117	4
464	27627	4
464	28319	4
464	28364	4
464	29416	4
464	29457	4
464	29544	4
464	31127	4
464	32485	4
464	32486	4
464	32488	4
464	32489	4
464	32491	4
464	32492	4
464	32493	4
464	32494	4
464	32497	4
464	32499	4
464	32502	4
464	32503	4
464	32506	4
464	32507	4
464	32508	4
464	32509	4
464	32511	4
464	32513	4
464	32514	4
464	32518	4
464	32523	4
464	44901	4
464	46404	4
464	47111	4
464	50418	4
464	51257	4
464	55185	4
464	58014	4
464	59922	4
464	60348	4
464	60350	4
464	60351	4
464	60359	4
464	60361	4
464	60363	4
464	60365	4
464	60367	4
464	60369	4
464	60374	4
464	60375	4
464	60377	4
464	60380	4
464	60382	4
464	60383	4
464	60384	4
464	60385	4
464	60389	4
464	60391	4
464	60393	4
464	60394	4
464	60396	4
464	60398	4
464	60399	4
464	60400	4
464	60403	4
464	60404	4
464	60405	4
464	71629	4
464	72518	4
464	73430	4
464	74814	4
464	74816	4
464	74817	4
464	74818	4
464	74819	4
464	74820	4
464	74826	4
464	74830	4
464	74831	4
465	1432	4
465	8897	4
465	19324	4
465	19675	4
465	19771	4
465	19772	4
465	19774	4
465	25023	4
465	27601	4
465	28503	4
465	28523	4
465	28712	4
465	28994	4
465	32531	4
465	32532	4
465	32533	4
465	32534	4
465	32537	4
465	44904	4
465	53967	4
465	54001	4
465	60408	4
465	60412	4
465	60414	4
465	60415	4
465	60417	4
465	60418	4
465	60419	4
466	423	4
466	482	4
466	1044	4
466	1437	4
466	1438	4
466	8899	4
466	8902	4
466	8904	4
466	25273	4
466	25794	4
466	25827	4
466	27574	4
466	27709	4
466	31936	4
466	32541	4
466	32542	4
466	47233	4
466	57333	4
466	58214	4
466	60421	4
466	74839	4
466	74840	4
467	65	4
467	24404	4
467	25258	4
467	25396	4
467	26451	4
467	26771	4
467	27971	4
467	29155	4
467	30177	4
467	46439	4
467	46611	4
467	47632	4
467	48550	4
467	49166	4
467	51370	4
467	55053	4
467	58687	4
467	60432	4
467	60433	4
467	60440	4
467	71216	4
467	73370	4
468	1443	4
468	1445	4
468	1446	4
468	19290	4
468	19777	4
468	19778	4
468	24003	4
468	26162	4
468	26381	4
468	26831	4
468	28052	4
468	28410	4
468	28416	4
468	28630	4
468	28815	4
468	29185	4
468	29197	4
468	29202	4
468	29475	4
468	29496	4
468	29575	4
468	29591	4
468	29964	4
468	30002	4
468	30008	4
468	30013	4
468	30203	4
468	30343	4
468	31196	4
468	32439	4
468	32547	4
468	32548	4
468	32550	4
468	32553	4
468	32554	4
468	32555	4
468	32558	4
468	32559	4
468	32561	4
468	32563	4
468	32564	4
468	32569	4
468	32573	4
468	32574	4
468	49492	4
468	50230	4
468	50616	4
468	53141	4
468	53157	4
468	53164	4
468	54277	4
468	54278	4
468	54898	4
468	54901	4
468	55273	4
468	55283	4
468	55384	4
468	55396	4
468	56023	4
468	56028	4
468	56114	4
468	57669	4
468	60297	4
468	60442	4
468	60443	4
468	60448	4
468	60449	4
468	60454	4
468	60457	4
468	60458	4
468	60459	4
468	60462	4
468	60463	4
468	60464	4
468	60467	4
468	60468	4
468	60472	4
468	60474	4
468	73860	4
468	74846	4
469	1449	4
469	19780	4
469	24115	4
469	24163	4
469	25210	4
469	25842	4
469	30726	4
469	48225	4
469	54466	4
469	54944	4
469	60475	4
469	60478	4
469	60484	4
470	352	4
470	1450	4
470	1452	4
470	1456	4
470	8908	4
470	16019	4
470	18840	4
470	18922	4
470	19781	4
470	24118	4
470	24186	4
470	24193	4
470	24200	4
470	24201	4
470	24221	4
470	24536	4
470	24539	4
470	24623	4
470	25337	4
470	25555	4
470	25642	4
470	25664	4
470	25669	4
470	25684	4
470	25703	4
470	25708	4
470	25753	4
470	25776	4
470	25930	4
470	27238	4
470	27606	4
470	28864	4
470	29037	4
470	29043	4
470	29387	4
470	30001	4
470	30240	4
470	30538	4
470	30547	4
470	30600	4
470	30838	4
470	31709	4
470	32586	4
470	32591	4
470	32592	4
470	32596	4
470	32598	4
470	32609	4
470	32611	4
470	32613	4
470	32614	4
470	32616	4
470	32617	4
470	32621	4
470	46853	4
470	46975	4
470	46986	4
470	47050	4
470	47053	4
470	47054	4
470	47336	4
470	47400	4
470	47548	4
470	48141	4
470	48191	4
470	48197	4
470	48460	4
470	48464	4
470	48490	4
470	48662	4
470	48723	4
470	48735	4
470	48872	4
470	48911	4
470	48947	4
470	48974	4
470	49036	4
470	49064	4
470	49137	4
470	49155	4
470	49299	4
470	49494	4
470	50392	4
470	50456	4
470	51049	4
470	51311	4
470	51359	4
470	51361	4
470	51415	4
470	51419	4
470	51454	4
470	51467	4
470	51678	4
470	51761	4
470	51766	4
470	51866	4
470	52077	4
470	52356	4
470	52401	4
470	52441	4
470	52474	4
470	52589	4
470	52888	4
470	52904	4
470	52964	4
470	53265	4
470	54322	4
470	54324	4
470	54329	4
470	54413	4
470	54830	4
470	54840	4
470	54958	4
470	55019	4
470	55646	4
470	55693	4
470	55696	4
470	55725	4
470	56054	4
470	56780	4
470	56818	4
470	56991	4
470	57487	4
470	58052	4
470	60029	4
470	60486	4
470	60491	4
470	60495	4
470	60498	4
470	60505	4
470	60523	4
470	60524	4
470	60530	4
470	60540	4
470	60543	4
470	60544	4
470	60547	4
470	60560	4
470	60562	4
470	60574	4
470	60576	4
470	60578	4
470	60580	4
470	60584	4
470	60585	4
470	60587	4
470	60588	4
470	60590	4
470	60591	4
470	60596	4
470	71668	4
470	72057	4
470	73945	4
470	74849	4
470	74850	4
471	8914	4
471	28738	4
471	29201	4
471	29219	4
471	29470	4
471	29489	4
471	30007	4
471	30187	4
471	30494	4
471	32626	4
471	32627	4
471	32628	4
471	32632	4
471	32633	4
471	32634	4
471	32635	4
471	32636	4
471	44906	4
471	53136	4
471	56805	4
471	60599	4
471	60602	4
471	60603	4
471	60604	4
471	60605	4
471	60607	4
471	60609	4
471	60613	4
471	60614	4
471	73834	4
471	74852	4
471	74853	4
471	74855	4
471	74856	4
472	436	4
472	18945	4
472	23698	4
472	23766	4
472	23858	4
472	23902	4
472	23919	4
472	24076	4
472	24105	4
472	24291	4
472	24370	4
472	24375	4
472	24902	4
472	24906	4
472	25067	4
472	25078	4
472	25435	4
472	25883	4
472	26781	4
472	27364	4
472	27487	4
472	29282	4
472	30330	4
472	30544	4
472	31630	4
472	32325	4
472	32639	4
472	32640	4
472	32641	4
472	46305	4
472	46309	4
472	46332	4
472	46379	4
472	46435	4
472	46437	4
472	46438	4
472	46589	4
472	46630	4
472	46632	4
472	46700	4
472	46839	4
472	46851	4
472	46927	4
472	47186	4
472	47195	4
472	47222	4
472	47289	4
472	47657	4
472	47675	4
472	47683	4
472	48362	4
472	48610	4
472	48778	4
472	49088	4
472	49407	4
472	49411	4
472	50049	4
472	50295	4
472	51915	4
472	52247	4
472	53048	4
472	55330	4
472	57244	4
472	57772	4
472	57833	4
472	59679	4
472	60440	4
472	60619	4
472	60620	4
472	60621	4
473	19192	4
473	19787	4
473	19789	4
473	24732	4
473	24994	4
473	27687	4
473	32642	4
473	32643	4
473	46393	4
473	46525	4
473	46562	4
473	47008	4
473	47079	4
473	47492	4
473	47558	4
473	47590	4
473	48567	4
473	48728	4
473	48870	4
473	51030	4
473	51339	4
473	52202	4
473	52251	4
473	52552	4
473	55826	4
473	56492	4
473	56611	4
473	58214	4
473	60622	4
473	60627	4
473	60629	4
473	60631	4
473	60634	4
473	71448	4
473	73897	4
473	74857	4
473	74860	4
473	74861	4
473	74862	4
473	74863	4
474	611	4
474	1463	4
474	8759	4
474	19476	4
474	19791	4
474	23859	4
474	26318	4
474	46445	4
474	46483	4
474	46787	4
474	46788	4
474	47053	4
474	47249	4
474	47308	4
474	47319	4
474	47536	4
474	49295	4
474	49738	4
474	49839	4
474	49904	4
474	54601	4
474	58598	4
474	59540	4
474	60636	4
474	60643	4
474	60645	4
474	60649	4
474	60651	4
474	60652	4
474	60653	4
474	72781	4
474	74868	4
475	1466	4
475	7631	4
475	8925	4
475	19020	4
475	23839	4
475	23953	4
475	27086	4
475	30726	4
475	47550	4
475	48675	4
475	48936	4
475	49288	4
475	59540	4
475	60663	4
475	60664	4
476	32652	4
476	32653	4
476	54916	4
476	60666	4
476	60667	4
476	74869	4
477	1350	4
477	8926	4
477	25959	4
477	26384	4
477	28398	4
477	28749	4
477	29218	4
477	29482	4
477	30503	4
477	32438	4
477	32654	4
477	32656	4
477	32657	4
477	32658	4
477	32660	4
477	32664	4
477	46732	4
477	47512	4
477	50228	4
477	52171	4
477	52717	4
477	53129	4
477	55288	4
477	56082	4
477	56086	4
477	56087	4
477	56415	4
477	56798	4
477	56805	4
477	56806	4
477	58427	4
477	59790	4
477	60276	4
477	60675	4
477	60679	4
477	60683	4
477	60685	4
477	60686	4
477	74870	4
478	1469	4
478	8371	4
478	23822	4
478	25861	4
478	26322	4
478	31296	4
478	31423	4
478	47334	4
478	47477	4
478	47478	4
478	48278	4
478	49585	4
478	49591	4
478	49681	4
478	50129	4
478	50155	4
478	50606	4
478	50664	4
478	52245	4
478	53452	4
478	53500	4
478	53615	4
478	54160	4
478	54196	4
478	54548	4
478	54575	4
478	56880	4
478	60688	4
478	72896	4
479	1470	4
479	27795	4
479	28220	4
479	32673	4
479	46782	4
479	47206	4
479	60696	4
479	60698	4
480	8	4
480	7626	4
480	8894	4
480	8933	4
480	16023	4
480	23803	4
480	23889	4
480	24099	4
480	25494	4
480	27055	4
480	27210	4
480	32421	4
480	32509	4
480	32676	4
480	32678	4
480	46497	4
480	46533	4
480	46561	4
480	46564	4
480	46795	4
480	47365	4
480	47544	4
480	47551	4
480	47563	4
480	47919	4
480	49263	4
480	49386	4
480	50592	4
480	50885	4
480	51847	4
480	52190	4
480	52245	4
480	52293	4
480	53577	4
480	53588	4
480	53677	4
480	53725	4
480	56496	4
480	59208	4
480	60703	4
480	60721	4
480	60722	4
480	60723	4
480	60725	4
480	71252	4
480	72018	4
480	72133	4
480	72526	4
480	72762	4
480	72975	4
480	74186	4
480	74877	4
480	74879	4
480	74883	4
480	74884	4
480	74886	4
481	35	4
481	88	4
481	127	4
481	385	4
481	409	4
481	1208	4
481	1471	4
481	1472	4
481	7651	4
481	8940	4
481	8942	4
481	8943	4
481	15632	4
481	23815	4
481	23822	4
481	23895	4
481	24093	4
481	24137	4
481	24421	4
481	24430	4
481	24439	4
481	24465	4
481	24540	4
481	24554	4
481	24621	4
481	25531	4
481	26037	4
481	26043	4
481	26308	4
481	26320	4
481	26589	4
481	26755	4
481	26987	4
481	27152	4
481	27592	4
481	28190	4
481	29238	4
481	31350	4
481	31436	4
481	46579	4
481	46594	4
481	47567	4
481	47949	4
481	49298	4
481	50235	4
481	50695	4
481	50885	4
481	52298	4
481	53070	4
481	57390	4
481	58220	4
481	59056	4
481	60745	4
481	71228	4
481	71913	4
481	74894	4
481	74896	4
481	74897	4
482	23843	4
482	24034	4
482	24426	4
482	24691	4
482	24721	4
482	46332	4
482	46381	4
482	46637	4
482	46824	4
482	46839	4
482	46925	4
482	47211	4
482	48445	4
482	48574	4
482	49407	4
482	50498	4
482	52150	4
482	52965	4
482	55343	4
482	56314	4
482	57473	4
482	57572	4
482	58010	4
482	59467	4
482	60746	4
482	72654	4
482	73106	4
482	74900	4
482	74901	4
483	1474	4
483	1477	4
483	7834	4
483	23735	4
483	24163	4
483	24175	4
483	24207	4
483	24536	4
483	25348	4
483	25441	4
483	25526	4
483	25748	4
483	25776	4
483	25928	4
483	26225	4
483	27107	4
483	29255	4
483	29262	4
483	29263	4
483	32581	4
483	32701	4
483	32704	4
483	32705	4
483	32707	4
483	32708	4
483	47005	4
483	47026	4
483	47062	4
483	47336	4
483	48476	4
483	48495	4
483	48515	4
483	48518	4
483	48526	4
483	48866	4
483	48872	4
483	49007	4
483	51056	4
483	51116	4
483	51397	4
483	51403	4
483	51420	4
483	51445	4
483	51461	4
483	52407	4
483	52890	4
483	52932	4
483	53472	4
483	53488	4
483	54373	4
483	56699	4
483	57486	4
483	60566	4
483	60750	4
483	60754	4
483	60756	4
483	60757	4
483	60763	4
483	60768	4
483	60769	4
483	60770	4
483	60772	4
483	60773	4
483	60776	4
483	60778	4
483	60779	4
483	60780	4
483	60781	4
483	60786	4
483	60787	4
483	60788	4
483	71723	4
483	74904	4
483	74905	4
483	74907	4
483	74909	4
484	271	4
484	1479	4
484	8951	4
484	27527	4
484	27805	4
484	28823	4
484	32710	4
484	32711	4
484	32712	4
484	32713	4
484	32717	4
484	44912	4
484	46416	4
484	46935	4
484	50400	4
484	52239	4
484	57904	4
484	60243	4
484	60789	4
484	60791	4
484	60792	4
484	60793	4
484	60794	4
485	8952	4
485	24545	4
485	24629	4
485	26029	4
485	26515	4
485	27009	4
485	29567	4
485	31638	4
485	32722	4
485	46544	4
485	46762	4
485	51157	4
485	56128	4
485	58753	4
485	60798	4
485	60800	4
485	60802	4
485	60804	4
486	23856	4
486	24406	4
486	24412	4
486	25007	4
486	27115	4
486	29792	4
486	32731	4
486	32732	4
486	46970	4
486	49295	4
486	50121	4
486	53329	4
486	53483	4
486	54533	4
486	54556	4
486	58348	4
486	58380	4
486	59632	4
486	59752	4
486	60815	4
486	60817	4
486	60819	4
486	71924	4
486	72047	4
486	74751	4
487	18934	4
487	25993	4
487	26013	4
487	28777	4
487	29306	4
487	30092	4
487	32737	4
487	32738	4
487	32739	4
487	32742	4
487	32744	4
487	32746	4
487	32747	4
487	32748	4
487	32749	4
487	32750	4
487	32752	4
487	32755	4
487	49521	4
487	49533	4
487	50264	4
487	52208	4
487	60824	4
487	60825	4
487	60828	4
487	60829	4
487	60832	4
487	60834	4
487	60841	4
487	60845	4
487	60848	4
487	60849	4
487	60851	4
487	60855	4
487	74912	4
488	1486	4
488	1487	4
488	1488	4
488	8620	4
488	8960	4
488	25312	4
488	27487	4
488	46439	4
488	74913	4
489	65	4
489	24775	4
489	52348	4
490	18812	4
490	23802	4
490	23911	4
490	24634	4
490	24851	4
490	25380	4
490	26250	4
490	26435	4
490	27500	4
490	32764	4
490	46367	4
490	46393	4
490	46951	4
490	47280	4
490	47371	4
490	47638	4
490	48669	4
490	49243	4
490	49410	4
490	50312	4
490	60858	4
491	27527	4
491	47672	4
491	52664	4
492	708	4
492	19201	4
492	24096	4
492	24485	4
492	24697	4
492	25190	4
492	25593	4
492	25764	4
492	26448	4
492	27463	4
492	29027	4
492	29066	4
492	29410	4
492	32774	4
492	32776	4
492	32778	4
492	32779	4
492	46554	4
492	47033	4
492	47048	4
492	47399	4
492	47413	4
492	48218	4
492	48521	4
492	49123	4
492	51416	4
492	52126	4
492	52368	4
492	52384	4
492	54344	4
492	55019	4
492	56982	4
492	59445	4
492	60550	4
492	60874	4
492	60875	4
492	60877	4
492	60878	4
492	60879	4
492	60880	4
492	60882	4
492	60885	4
492	60887	4
492	60890	4
492	60891	4
492	60894	4
492	60897	4
492	71617	4
492	74915	4
493	8033	4
493	8964	4
493	24361	4
493	25858	4
493	32780	4
493	32782	4
493	44713	4
493	46345	4
493	46379	4
493	48572	4
493	48618	4
493	50691	4
493	50706	4
493	55005	4
493	55800	4
493	60902	4
493	71292	4
493	71636	4
493	72607	4
493	72996	4
493	74918	4
493	74919	4
494	1491	4
494	1492	4
494	58877	4
495	55	4
495	241	4
495	444	4
495	1494	4
495	16033	4
495	29510	4
495	32286	4
495	32784	4
495	32785	4
495	32787	4
495	32794	4
495	32798	4
495	32800	4
495	32804	4
495	51786	4
495	53090	4
495	60903	4
495	60905	4
495	60907	4
495	60908	4
495	60912	4
495	60917	4
495	60929	4
495	60931	4
495	60934	4
495	72212	4
495	74922	4
495	74926	4
495	74927	4
495	74930	4
495	74932	4
495	74934	4
495	74936	4
495	74938	4
495	74942	4
496	28058	4
496	32302	4
496	32812	4
496	60952	4
497	1309	4
497	1368	4
497	1500	4
497	19353	4
497	23804	4
497	23846	4
497	24286	4
497	24405	4
497	24542	4
497	24657	4
497	26599	4
497	27983	4
497	28932	4
497	30556	4
497	46452	4
497	46526	4
497	46841	4
497	46859	4
497	46980	4
497	47460	4
497	47559	4
497	47849	4
497	48623	4
497	48654	4
497	50697	4
497	51318	4
497	54046	4
497	57287	4
497	60817	4
497	60956	4
497	60957	4
497	60959	4
497	71987	4
497	74946	4
497	74947	4
497	74948	4
498	7834	4
498	18945	4
498	19800	4
498	23704	4
498	24135	4
498	24136	4
498	24144	4
498	24163	4
498	24172	4
498	24175	4
498	24186	4
498	24201	4
498	24338	4
498	24503	4
498	24902	4
498	25183	4
498	25190	4
498	25321	4
498	25636	4
498	25648	4
498	25685	4
498	25764	4
498	26057	4
498	26107	4
498	26574	4
498	26575	4
498	26721	4
498	27038	4
498	28418	4
498	28489	4
498	28557	4
498	28993	4
498	29670	4
498	29960	4
498	30158	4
498	30176	4
498	30555	4
498	30591	4
498	30861	4
498	30874	4
498	31688	4
498	31989	4
498	32820	4
498	32823	4
498	32825	4
498	32826	4
498	32827	4
498	46297	4
498	46301	4
498	46345	4
498	46467	4
498	46525	4
498	46544	4
498	46589	4
498	46597	4
498	46603	4
498	46620	4
498	46759	4
498	46793	4
498	46841	4
498	46853	4
498	46861	4
498	47040	4
498	47041	4
498	47048	4
498	47054	4
498	47062	4
498	47186	4
498	47187	4
498	47198	4
498	47220	4
498	47230	4
498	47288	4
498	47336	4
498	47397	4
498	47399	4
498	47567	4
498	47660	4
498	48090	4
498	48215	4
498	48250	4
498	48260	4
498	48343	4
498	48407	4
498	48487	4
498	48495	4
498	48518	4
498	48575	4
498	48581	4
498	48627	4
498	48821	4
498	48850	4
498	48852	4
498	48881	4
498	48917	4
498	48937	4
498	49010	4
498	49071	4
498	49098	4
498	49117	4
498	49157	4
498	49430	4
498	49455	4
498	49602	4
498	50303	4
498	50415	4
498	50446	4
498	50745	4
498	51054	4
498	51365	4
498	51395	4
498	51396	4
498	51413	4
498	51415	4
498	51420	4
498	51461	4
498	51484	4
498	51740	4
498	51869	4
498	51923	4
498	52125	4
498	52135	4
498	52193	4
498	52370	4
498	52458	4
498	52912	4
498	52918	4
498	53113	4
498	53633	4
498	53887	4
498	54229	4
498	54324	4
498	54389	4
498	54465	4
498	54721	4
498	54788	4
498	54831	4
498	54931	4
498	55074	4
498	55157	4
498	55527	4
498	55702	4
498	55717	4
498	55995	4
498	56573	4
498	56725	4
498	56816	4
498	56846	4
498	57025	4
498	57934	4
498	58097	4
498	58175	4
498	58668	4
498	59012	4
498	59485	4
498	60122	4
498	60263	4
498	60587	4
498	60588	4
498	60971	4
498	60974	4
498	60975	4
498	60976	4
498	60978	4
498	60979	4
498	60980	4
498	60981	4
498	60985	4
498	60986	4
498	60988	4
498	60991	4
498	60992	4
498	60993	4
498	60994	4
498	60996	4
498	61003	4
498	61004	4
498	61005	4
498	61007	4
498	61008	4
498	61009	4
498	61012	4
498	61013	4
498	74950	4
499	1359	4
499	1503	4
499	1504	4
499	1505	4
499	19801	4
499	19802	4
499	19803	4
499	25988	4
499	26789	4
499	26990	4
499	29101	4
499	30580	4
499	32207	4
499	32832	4
499	32834	4
499	32835	4
499	32837	4
499	32838	4
499	32839	4
499	32840	4
499	32843	4
499	32848	4
499	32851	4
499	32852	4
499	32853	4
499	32854	4
499	46902	4
499	47087	4
499	48032	4
499	48110	4
499	48404	4
499	49548	4
499	50214	4
499	50370	4
499	50560	4
499	51392	4
499	52284	4
499	52755	4
499	53036	4
499	54245	4
499	54252	4
499	54317	4
499	56385	4
499	57115	4
499	57166	4
499	57438	4
499	59728	4
499	61017	4
499	61028	4
499	61029	4
499	61030	4
499	61032	4
499	61033	4
499	61035	4
499	61037	4
499	61043	4
499	61047	4
499	61048	4
499	61049	4
499	61050	4
499	61052	4
499	61055	4
499	61057	4
499	61060	4
499	61063	4
499	61067	4
499	61069	4
499	61072	4
499	61073	4
499	61075	4
499	61077	4
499	61079	4
499	61084	4
499	61085	4
499	61086	4
499	61089	4
499	61095	4
499	61097	4
499	61098	4
499	61101	4
499	61102	4
499	61103	4
499	61104	4
499	61106	4
499	61107	4
499	61111	4
499	61113	4
499	61115	4
499	61116	4
499	61117	4
499	61125	4
499	71559	4
500	399	4
500	901	4
500	1452	4
500	1506	4
500	1507	4
500	1508	4
500	1512	4
500	8967	4
500	8968	4
500	23778	4
500	23806	4
500	23855	4
500	23954	4
500	24171	4
500	24206	4
500	24403	4
500	24411	4
500	24421	4
500	24422	4
500	24429	4
500	25037	4
500	25674	4
500	25764	4
500	25894	4
500	25937	4
500	27346	4
500	27593	4
500	27902	4
500	29043	4
500	29248	4
500	30987	4
500	31251	4
500	31347	4
500	32332	4
500	32856	4
500	32858	4
500	32867	4
500	32874	4
500	46441	4
500	46517	4
500	46521	4
500	46565	4
500	47397	4
500	47900	4
500	47925	4
500	48225	4
500	48954	4
500	48975	4
500	49024	4
500	50625	4
500	50918	4
500	52309	4
500	52439	4
500	52454	4
500	52475	4
500	52536	4
500	52552	4
500	52599	4
500	52873	4
500	53570	4
500	53676	4
500	54961	4
500	54986	4
500	55012	4
500	56973	4
500	56990	4
500	57336	4
500	59131	4
500	59434	4
500	61127	4
500	61132	4
500	61138	4
500	61139	4
500	61140	4
500	61141	4
500	61148	4
500	61149	4
500	61151	4
500	61154	4
500	61155	4
500	61156	4
500	61157	4
500	61158	4
500	61159	4
500	61160	4
500	61161	4
500	61162	4
500	61163	4
500	61167	4
500	61168	4
500	71277	4
500	71388	4
500	71541	4
500	73404	4
500	74958	4
500	74963	4
501	8969	4
501	24945	4
501	30062	4
501	48621	4
501	49750	4
501	49800	4
501	50597	4
501	61014	4
501	61172	4
501	71829	4
501	72984	4
502	26	4
502	246	4
502	1249	4
502	1515	4
502	8975	4
502	18830	4
502	19233	4
502	19247	4
502	23955	4
502	24386	4
502	24533	4
502	24621	4
502	25535	4
502	26035	4
502	26330	4
502	26542	4
502	32882	4
502	32883	4
502	44919	4
502	46297	4
502	46756	4
502	47545	4
502	47576	4
502	47919	4
502	48090	4
502	48571	4
502	48700	4
502	49305	4
502	50720	4
502	50733	4
502	51600	4
502	53078	4
502	53460	4
502	60091	4
502	61173	4
502	61174	4
502	61176	4
502	61177	4
502	61178	4
502	61179	4
502	61181	4
502	61185	4
502	61186	4
502	71232	4
502	71241	4
502	71420	4
502	71881	4
502	72169	4
502	72751	4
502	74965	4
503	54	4
503	7697	4
503	7922	4
503	8978	4
503	8980	4
503	8982	4
503	16038	4
503	16039	4
503	19811	4
503	19812	4
503	23690	4
503	23701	4
503	23793	4
503	23905	4
503	23907	4
503	24048	4
503	24286	4
503	24342	4
503	24356	4
503	24793	4
503	24820	4
503	24865	4
503	25451	4
503	25457	4
503	25575	4
503	25605	4
503	25874	4
503	26081	4
503	26096	4
503	26250	4
503	26474	4
503	26855	4
503	27298	4
503	27446	4
503	27793	4
503	27934	4
503	28076	4
503	29166	4
503	31311	4
503	32890	4
503	32891	4
503	32892	4
503	32893	4
503	32894	4
503	35219	4
503	46334	4
503	46434	4
503	46437	4
503	46472	4
503	46597	4
503	46842	4
503	46859	4
503	46921	4
503	46951	4
503	47222	4
503	47267	4
503	47284	4
503	47287	4
503	47289	4
503	47290	4
503	47338	4
503	47344	4
503	47626	4
503	47793	4
503	47880	4
503	48362	4
503	48370	4
503	48438	4
503	48616	4
503	48624	4
503	48669	4
503	48811	4
503	48817	4
503	49364	4
503	49412	4
503	49414	4
503	50486	4
503	51873	4
503	53108	4
503	54071	4
503	54079	4
503	59063	4
503	60012	4
503	61202	4
503	61203	4
503	61205	4
503	61208	4
503	61211	4
503	61214	4
503	61217	4
503	61220	4
503	71214	4
503	71371	4
503	71501	4
503	71508	4
503	73106	4
503	73817	4
503	73914	4
503	74253	4
503	74973	4
503	74976	4
503	74977	4
504	185	4
504	1019	4
504	18895	4
504	19121	4
504	19814	4
504	23698	4
504	24058	4
504	24296	4
504	24316	4
504	24499	4
504	24880	4
504	25098	4
504	25448	4
504	25511	4
504	26016	4
504	26061	4
504	26107	4
504	26122	4
504	27874	4
504	28777	4
504	28913	4
504	29546	4
504	32897	4
504	32898	4
504	32899	4
504	32901	4
504	32902	4
504	46308	4
504	46381	4
504	46429	4
504	46589	4
504	46607	4
504	46634	4
504	46683	4
504	46901	4
504	46925	4
504	47269	4
504	47443	4
504	47627	4
504	47674	4
504	47782	4
504	47811	4
504	48271	4
504	48447	4
504	48623	4
504	48799	4
504	50029	4
504	50217	4
504	51115	4
504	51143	4
504	51541	4
504	51910	4
504	52608	4
504	52981	4
504	53638	4
504	53644	4
504	54299	4
504	55570	4
504	57924	4
504	59003	4
504	59468	4
504	61223	4
504	61224	4
504	61226	4
504	61231	4
505	30192	4
505	30497	4
505	32549	4
505	32557	4
505	50230	4
505	53120	4
505	53131	4
505	54288	4
505	60277	4
505	60454	4
505	61236	4
505	61237	4
505	61240	4
505	74978	4
505	74979	4
505	74980	4
506	720	4
506	23741	4
506	24133	4
506	24570	4
506	25210	4
506	25329	4
506	25346	4
506	25366	4
506	25753	4
506	25942	4
506	26422	4
506	26620	4
506	26777	4
506	26780	4
506	26784	4
506	26810	4
506	27568	4
506	27595	4
506	27637	4
506	28568	4
506	29254	4
506	32031	4
506	32192	4
506	32913	4
506	32916	4
506	32919	4
506	32922	4
506	47001	4
506	47033	4
506	47064	4
506	48510	4
506	49020	4
506	51396	4
506	51416	4
506	52408	4
506	52590	4
506	53109	4
506	54104	4
506	54403	4
506	55722	4
506	56816	4
506	61003	4
506	61244	4
506	61247	4
506	61251	4
506	61255	4
506	61256	4
506	71617	4
506	74992	4
507	534	4
507	1518	4
507	8988	4
507	32947	4
507	48515	4
507	48683	4
507	52189	4
507	53327	4
507	53580	4
507	53600	4
507	55147	4
507	56043	4
507	56482	4
507	59557	4
507	61273	4
507	61274	4
507	61275	4
507	61279	4
507	61280	4
508	592	4
508	997	4
508	1521	4
508	1523	4
508	1530	4
508	1531	4
508	1535	4
508	1536	4
508	8457	4
508	8990	4
508	8992	4
508	16043	4
508	19146	4
508	19201	4
508	19712	4
508	19815	4
508	32560	4
508	32951	4
508	32952	4
508	47796	4
508	54278	4
508	57622	4
508	58803	4
508	60685	4
508	61281	4
508	61282	4
508	61289	4
508	61292	4
508	71741	4
508	73880	4
508	75001	4
508	75003	4
509	1540	4
509	1541	4
509	1544	4
509	16045	4
509	19785	4
509	26209	4
509	26218	4
509	26223	4
509	27211	4
509	27407	4
509	28150	4
509	29521	4
509	32956	4
509	32957	4
509	32958	4
509	32965	4
509	49933	4
509	55268	4
509	61296	4
509	61299	4
509	61300	4
509	61303	4
509	61305	4
509	61308	4
509	61310	4
509	61316	4
509	61318	4
509	75006	4
509	75007	4
509	75014	4
509	75017	4
510	1545	4
510	1546	4
510	27624	4
510	47397	4
510	48673	4
510	49022	4
510	49268	4
510	56849	4
510	57222	4
510	57231	4
510	61321	4
510	61322	4
510	61324	4
511	534	4
511	8015	4
511	8045	4
511	8994	4
511	19818	4
511	23690	4
511	23701	4
511	23858	4
511	23898	4
511	23918	4
511	23996	4
511	24059	4
511	24074	4
511	24274	4
511	24292	4
511	24503	4
511	24699	4
511	24711	4
511	24757	4
511	24857	4
511	24902	4
511	24945	4
511	25117	4
511	25312	4
511	25401	4
511	25451	4
511	26258	4
511	26418	4
511	27329	4
511	27938	4
511	28477	4
511	30017	4
511	30442	4
511	30450	4
511	31632	4
511	32971	4
511	32972	4
511	32973	4
511	32974	4
511	32975	4
511	32977	4
511	32978	4
511	32979	4
511	32980	4
511	32981	4
511	32982	4
511	46337	4
511	46860	4
511	47124	4
511	47170	4
511	47246	4
511	47269	4
511	47338	4
511	47439	4
511	48577	4
511	49888	4
511	50618	4
511	52279	4
511	53182	4
511	53815	4
511	57280	4
511	60747	4
511	61334	4
511	61337	4
511	61340	4
511	61342	4
511	61344	4
511	71314	4
511	71821	4
511	72791	4
511	72998	4
511	74630	4
511	74677	4
511	75020	4
511	75021	4
511	75025	4
511	75026	4
512	1548	4
512	24046	4
512	27500	4
512	27936	4
512	29563	4
512	52255	4
513	1549	4
513	32983	4
513	32984	4
513	32985	4
513	32986	4
513	46771	4
513	51829	4
513	54810	4
513	55303	4
513	61347	4
513	61349	4
513	61352	4
513	61353	4
513	71599	4
513	74697	4
513	74702	4
513	74927	4
513	75028	4
513	75030	4
513	75033	4
513	75039	4
513	75041	4
514	435	4
514	8995	4
514	19821	4
514	19822	4
514	24522	4
514	25336	4
514	25556	4
514	25562	4
514	25706	4
514	25747	4
514	27460	4
514	29063	4
514	29380	4
514	29742	4
514	30288	4
514	30598	4
514	32378	4
514	46544	4
514	47415	4
514	48671	4
514	48728	4
514	50842	4
514	50843	4
514	50965	4
514	52218	4
514	52264	4
514	52457	4
514	53096	4
514	53291	4
514	54432	4
514	55005	4
514	56761	4
514	56991	4
514	61363	4
514	61364	4
514	61366	4
514	61367	4
514	61368	4
514	61370	4
514	61377	4
514	61378	4
514	61380	4
514	71617	4
514	73076	4
514	75042	4
514	75047	4
514	75048	4
514	75051	4
515	1523	4
515	1527	4
515	1535	4
515	1554	4
515	1555	4
515	1556	4
515	1557	4
515	1558	4
515	1561	4
515	1562	4
515	1567	4
515	1568	4
515	1571	4
515	8996	4
515	9001	4
515	9002	4
515	9005	4
515	16050	4
515	16051	4
515	16053	4
515	16054	4
515	19723	4
515	19824	4
515	19827	4
515	23862	4
515	24131	4
515	25104	4
515	25109	4
515	25146	4
515	25929	4
515	25977	4
515	26377	4
515	26834	4
515	27270	4
515	28414	4
515	29998	4
515	30442	4
515	30494	4
515	32948	4
515	32952	4
515	32996	4
515	32998	4
515	32999	4
515	33000	4
515	33003	4
515	33005	4
515	33008	4
515	33009	4
515	33010	4
515	33011	4
515	33016	4
515	47512	4
515	48129	4
515	50226	4
515	50243	4
515	50244	4
515	51008	4
515	52552	4
515	52717	4
515	53120	4
515	53170	4
515	53475	4
515	53619	4
515	54278	4
515	54540	4
515	54892	4
515	55369	4
515	55396	4
515	56034	4
515	56616	4
515	57615	4
515	57622	4
515	57652	4
515	57669	4
515	59790	4
515	60265	4
515	60614	4
515	61281	4
515	61289	4
515	61290	4
515	61292	4
515	61384	4
515	61385	4
515	61386	4
515	61389	4
515	61393	4
515	61396	4
515	61397	4
515	61400	4
515	61401	4
515	61402	4
515	61403	4
515	61404	4
515	61408	4
515	61409	4
515	61411	4
515	61418	4
515	61419	4
515	61420	4
515	61421	4
515	61428	4
515	61429	4
515	61432	4
515	61433	4
515	61435	4
515	61438	4
515	61439	4
515	61442	4
515	61449	4
515	61452	4
515	61453	4
515	71512	4
515	73489	4
515	74087	4
515	74571	4
515	74986	4
515	75001	4
515	75053	4
515	75057	4
515	75059	4
515	75060	4
515	75064	4
515	75065	4
515	75068	4
515	75071	4
515	75072	4
515	75078	4
515	75087	4
515	75090	4
515	75094	4
515	75096	4
515	75097	4
515	75102	4
515	75103	4
515	75104	4
515	75105	4
515	75106	4
515	75111	4
515	75115	4
515	75116	4
515	75118	4
515	75120	4
515	75121	4
515	75122	4
515	75127	4
516	1575	4
516	23707	4
516	24069	4
516	24630	4
516	28280	4
516	29787	4
516	30729	4
516	31416	4
516	33021	4
516	33023	4
516	33024	4
516	46298	4
516	46328	4
516	46360	4
516	46376	4
516	47194	4
516	49090	4
516	49450	4
516	51835	4
516	51913	4
516	52975	4
516	54134	4
516	54864	4
516	55140	4
516	55163	4
516	61457	4
516	61458	4
516	61459	4
516	74779	4
517	82	4
517	1576	4
517	1581	4
517	1582	4
517	9008	4
517	18827	4
517	19637	4
517	23804	4
517	23816	4
517	23837	4
517	24553	4
517	24556	4
517	24633	4
517	25216	4
517	25471	4
517	25477	4
517	25692	4
517	26011	4
517	26296	4
517	26337	4
517	26845	4
517	27281	4
517	27381	4
517	27597	4
517	27696	4
517	27714	4
517	28274	4
517	28297	4
517	28412	4
517	28954	4
517	29427	4
517	29731	4
517	30180	4
517	30670	4
517	30787	4
517	31016	4
517	31049	4
517	31222	4
517	31262	4
517	31435	4
517	31840	4
517	31891	4
517	32120	4
517	32209	4
517	33033	4
517	33039	4
517	33040	4
517	33045	4
517	33046	4
517	33047	4
517	33048	4
517	33056	4
517	33057	4
517	33060	4
517	46308	4
517	46450	4
517	46541	4
517	46554	4
517	46561	4
517	46579	4
517	46593	4
517	46594	4
517	46675	4
517	46793	4
517	46859	4
517	47252	4
517	47330	4
517	47348	4
517	47459	4
517	47468	4
517	47478	4
517	47479	4
517	47572	4
517	47574	4
517	47614	4
517	47860	4
517	48198	4
517	48219	4
517	48571	4
517	48651	4
517	48682	4
517	49303	4
517	49330	4
517	49366	4
517	49575	4
517	50059	4
517	50070	4
517	50121	4
517	50130	4
517	50164	4
517	50175	4
517	50404	4
517	50668	4
517	50706	4
517	51077	4
517	51295	4
517	51880	4
517	52300	4
517	52546	4
517	52645	4
517	53059	4
517	53069	4
517	53548	4
517	53558	4
517	53582	4
517	53600	4
517	53625	4
517	53647	4
517	54252	4
517	54533	4
517	54548	4
517	54923	4
517	55996	4
517	55997	4
517	56234	4
517	57381	4
517	57407	4
517	57756	4
517	57794	4
517	58015	4
517	58357	4
517	58373	4
517	58959	4
517	59201	4
517	59213	4
517	59401	4
517	59622	4
517	60635	4
517	60691	4
517	61460	4
517	61464	4
517	61473	4
517	61483	4
517	61485	4
517	61489	4
517	61490	4
517	61493	4
517	61494	4
517	61495	4
517	61500	4
517	61510	4
517	61511	4
517	61522	4
517	61527	4
517	61532	4
517	61534	4
517	61535	4
517	61537	4
517	61539	4
517	61541	4
517	61542	4
517	61545	4
517	61547	4
517	61550	4
517	61551	4
517	61553	4
517	61556	4
517	61557	4
517	61558	4
517	75134	4
517	75136	4
517	75138	4
518	990	4
518	8805	4
518	23762	4
518	23807	4
518	24110	4
518	24826	4
518	25488	4
518	25601	4
518	25975	4
518	28609	4
518	29444	4
518	32779	4
518	33066	4
518	46921	4
518	46990	4
518	48160	4
518	48617	4
518	55254	4
518	55335	4
518	57392	4
518	59903	4
518	60616	4
518	61570	4
518	71228	4
518	71648	4
519	221	4
519	23923	4
519	25616	4
519	26448	4
519	27505	4
519	46937	4
519	47446	4
519	48803	4
519	58712	4
520	19831	4
520	24292	4
520	30168	4
520	33078	4
520	46603	4
520	61584	4
521	1586	4
521	1587	4
521	1588	4
521	1589	4
521	9020	4
521	33083	4
521	33084	4
521	33085	4
521	33089	4
521	47596	4
521	51943	4
521	61087	4
521	61586	4
521	61587	4
521	61588	4
521	61590	4
521	71542	4
521	75151	4
521	75152	4
522	129	4
522	28619	4
522	28811	4
522	33091	4
522	46521	4
522	47986	4
522	50606	4
522	61595	4
522	61596	4
522	61597	4
523	7	4
523	13	4
523	7519	4
523	7522	4
523	7537	4
523	7579	4
523	8068	4
523	8098	4
523	8203	4
523	8204	4
523	8309	4
523	8362	4
523	8439	4
523	8892	4
523	8920	4
523	9021	4
523	9023	4
523	9025	4
523	18946	4
523	19232	4
523	19773	4
523	19833	4
523	19835	4
523	23802	4
523	23804	4
523	23808	4
523	23810	4
523	23836	4
523	23865	4
523	23874	4
523	24090	4
523	24094	4
523	24160	4
523	24338	4
523	24378	4
523	24537	4
523	24545	4
523	24612	4
523	25023	4
523	25037	4
523	25043	4
523	25046	4
523	25073	4
523	25107	4
523	25241	4
523	25469	4
523	25474	4
523	25489	4
523	25544	4
523	25954	4
523	26517	4
523	26584	4
523	26801	4
523	27019	4
523	27513	4
523	28120	4
523	28137	4
523	28426	4
523	28932	4
523	29421	4
523	30185	4
523	30242	4
523	31418	4
523	31794	4
523	33094	4
523	33095	4
523	33097	4
523	33099	4
523	46303	4
523	46308	4
523	46490	4
523	46502	4
523	46556	4
523	46563	4
523	46585	4
523	46590	4
523	46592	4
523	46594	4
523	46620	4
523	46979	4
523	47079	4
523	47347	4
523	47365	4
523	47377	4
523	47392	4
523	47443	4
523	47463	4
523	47478	4
523	47486	4
523	47536	4
523	47559	4
523	47563	4
523	47574	4
523	47602	4
523	47646	4
523	47672	4
523	47849	4
523	47954	4
523	47956	4
523	47969	4
523	47989	4
523	48059	4
523	48316	4
523	48354	4
523	48515	4
523	48640	4
523	49057	4
523	49142	4
523	49681	4
523	50057	4
523	50070	4
523	50198	4
523	50579	4
523	50606	4
523	50730	4
523	50946	4
523	51168	4
523	51175	4
523	51340	4
523	51349	4
523	51515	4
523	51599	4
523	51643	4
523	51718	4
523	52187	4
523	52189	4
523	52191	4
523	52240	4
523	52302	4
523	52589	4
523	52590	4
523	52897	4
523	53053	4
523	53059	4
523	53297	4
523	53473	4
523	53526	4
523	53614	4
523	53682	4
523	55350	4
523	55997	4
523	56054	4
523	56062	4
523	56482	4
523	56483	4
523	56501	4
523	56880	4
523	57178	4
523	57367	4
523	57923	4
523	58088	4
523	59183	4
523	59228	4
523	60153	4
523	60643	4
523	61321	4
523	61603	4
523	61604	4
523	61605	4
523	61606	4
523	61608	4
523	61609	4
523	61611	4
523	61616	4
523	61617	4
523	61618	4
523	61619	4
523	71386	4
523	71889	4
523	71907	4
523	72931	4
523	72964	4
523	72998	4
523	73006	4
523	73383	4
523	73526	4
523	73761	4
523	73845	4
523	74035	4
523	74037	4
523	74797	4
523	74804	4
523	75156	4
523	75157	4
523	75160	4
523	75163	4
523	75165	4
523	75166	4
523	75167	4
523	75168	4
523	75169	4
523	75172	4
523	75176	4
523	75177	4
523	75178	4
523	75180	4
523	75183	4
523	75188	4
523	75190	4
523	75191	4
524	8439	4
524	23807	4
524	25026	4
524	27115	4
524	47496	4
525	1597	4
525	8433	4
525	23802	4
525	23859	4
525	23889	4
525	23903	4
525	23911	4
525	23921	4
525	23938	4
525	24661	4
525	24852	4
525	25208	4
525	25318	4
525	25617	4
525	25623	4
525	26306	4
525	27285	4
525	31727	4
525	33103	4
525	46301	4
525	46472	4
525	46595	4
525	46635	4
525	46904	4
525	47112	4
525	47194	4
525	47206	4
525	47216	4
525	47284	4
525	47371	4
525	47660	4
525	47755	4
525	48362	4
525	48596	4
525	48832	4
525	49333	4
525	49647	4
525	49678	4
525	50312	4
525	50373	4
525	50375	4
525	50493	4
525	51146	4
525	53416	4
525	53435	4
525	56595	4
525	58222	4
525	59718	4
525	60003	4
525	61626	4
525	71265	4
525	71488	4
525	71499	4
525	71634	4
525	71757	4
525	72166	4
525	72737	4
525	72831	4
525	73878	4
525	74264	4
525	75198	4
525	75199	4
526	7875	4
526	23925	4
526	24930	4
526	24977	4
526	25459	4
526	25590	4
526	26130	4
526	26163	4
526	27929	4
526	29461	4
526	30100	4
526	31625	4
526	47755	4
526	48669	4
526	50373	4
526	50498	4
526	52283	4
526	54841	4
526	57019	4
527	26961	4
527	33110	4
527	33111	4
527	33112	4
527	33120	4
527	33121	4
527	44930	4
527	53209	4
527	54599	4
527	61634	4
527	61635	4
527	61636	4
527	61637	4
527	61639	4
527	61641	4
527	61642	4
527	61654	4
527	61664	4
527	75203	4
528	1323	4
528	27701	4
529	247	4
529	333	4
529	954	4
529	1605	4
529	1606	4
529	1618	4
529	1619	4
529	1621	4
529	1626	4
529	1627	4
529	7987	4
529	8078	4
529	8116	4
529	8410	4
529	9035	4
529	9039	4
529	9041	4
529	9042	4
529	9044	4
529	9047	4
529	9048	4
529	9053	4
529	9054	4
529	9059	4
529	9060	4
529	9061	4
529	9065	4
529	9069	4
529	9072	4
529	9075	4
529	9076	4
529	9080	4
529	12167	4
529	15821	4
529	16062	4
529	16067	4
529	18815	4
529	19107	4
529	19583	4
529	19619	4
529	19823	4
529	19840	4
529	19841	4
529	19842	4
529	19845	4
529	19846	4
529	19847	4
529	19848	4
529	23794	4
529	24271	4
529	24551	4
529	24886	4
529	25104	4
529	25146	4
529	25202	4
529	25209	4
529	25933	4
529	26286	4
529	26380	4
529	26381	4
529	26523	4
529	26834	4
529	26928	4
529	27740	4
529	27770	4
529	27772	4
529	28000	4
529	28045	4
529	28049	4
529	28072	4
529	28380	4
529	28416	4
529	28451	4
529	28670	4
529	28700	4
529	28740	4
529	28743	4
529	28751	4
529	28757	4
529	28941	4
529	28946	4
529	28947	4
529	29131	4
529	29138	4
529	29160	4
529	29185	4
529	29195	4
529	29196	4
529	29204	4
529	29223	4
529	29231	4
529	29490	4
529	29591	4
529	29801	4
529	30009	4
529	30191	4
529	30192	4
529	30197	4
529	30430	4
529	30439	4
529	30501	4
529	30703	4
529	30942	4
529	31109	4
529	31129	4
529	31538	4
529	32438	4
529	32529	4
529	32554	4
529	32555	4
529	32569	4
529	32571	4
529	32628	4
529	32657	4
529	32662	4
529	33008	4
529	33011	4
529	33124	4
529	33125	4
529	33126	4
529	33128	4
529	33132	4
529	33134	4
529	33136	4
529	33137	4
529	33138	4
529	33139	4
529	33142	4
529	33143	4
529	33144	4
529	33145	4
529	33146	4
529	33147	4
529	33149	4
529	33152	4
529	33153	4
529	33160	4
529	33164	4
529	33165	4
529	33166	4
529	33169	4
529	33170	4
529	33171	4
529	33174	4
529	33177	4
529	33182	4
529	33185	4
529	33188	4
529	33189	4
529	33190	4
529	33191	4
529	33192	4
529	33194	4
529	33196	4
529	33198	4
529	33201	4
529	33203	4
529	33207	4
529	33208	4
529	33214	4
529	44932	4
529	46480	4
529	46557	4
529	46720	4
529	46932	4
529	46988	4
529	47106	4
529	47117	4
529	47237	4
529	47338	4
529	47512	4
529	48127	4
529	49503	4
529	49515	4
529	49694	4
529	49720	4
529	49856	4
529	50076	4
529	50135	4
529	50222	4
529	50223	4
529	50227	4
529	50241	4
529	50244	4
529	50245	4
529	50249	4
529	50258	4
529	50586	4
529	50706	4
529	50824	4
529	51142	4
529	51144	4
529	51145	4
529	51303	4
529	51458	4
529	52130	4
529	52478	4
529	52709	4
529	52716	4
529	52722	4
529	52742	4
529	53120	4
529	53148	4
529	53159	4
529	53611	4
529	53811	4
529	53842	4
529	54061	4
529	54235	4
529	54254	4
529	54278	4
529	54294	4
529	54296	4
529	54375	4
529	54541	4
529	54901	4
529	55285	4
529	55286	4
529	55287	4
529	55300	4
529	55580	4
529	56023	4
529	56025	4
529	56034	4
529	56037	4
529	56087	4
529	56089	4
529	56103	4
529	56111	4
529	56116	4
529	56120	4
529	56402	4
529	56501	4
529	56616	4
529	56905	4
529	56907	4
529	57683	4
529	57793	4
529	57955	4
529	58300	4
529	58494	4
529	59175	4
529	59288	4
529	59785	4
529	59790	4
529	59878	4
529	60331	4
529	60349	4
529	60447	4
529	60456	4
529	60659	4
529	60672	4
529	60677	4
529	60681	4
529	60683	4
529	61236	4
529	61241	4
529	61402	4
529	61435	4
529	61674	4
529	61675	4
529	61677	4
529	61686	4
529	61687	4
529	61691	4
529	61693	4
529	61695	4
529	61699	4
529	61700	4
529	61703	4
529	61705	4
529	61706	4
529	61707	4
529	61712	4
529	61713	4
529	61714	4
529	61716	4
529	61720	4
529	61721	4
529	61723	4
529	61724	4
529	61726	4
529	61727	4
529	61728	4
529	61730	4
529	61731	4
529	61733	4
529	61735	4
529	61736	4
529	61737	4
529	61741	4
529	61743	4
529	61744	4
529	61745	4
529	61748	4
529	61749	4
529	61752	4
529	61754	4
529	61755	4
529	61757	4
529	61759	4
529	61761	4
529	61763	4
529	61765	4
529	61766	4
529	61767	4
529	61770	4
529	61771	4
529	61774	4
529	61776	4
529	61778	4
529	61779	4
529	61781	4
529	61783	4
529	61785	4
529	71622	4
529	71625	4
529	71935	4
529	71975	4
529	73249	4
529	73262	4
529	73834	4
529	74528	4
529	75209	4
529	75210	4
529	75217	4
529	75218	4
529	75219	4
529	75221	4
529	75223	4
529	75225	4
529	75226	4
529	75228	4
529	75229	4
529	75230	4
529	75231	4
529	75232	4
529	75233	4
529	75237	4
529	75239	4
529	75241	4
529	75243	4
529	75246	4
529	75248	4
529	75249	4
529	75251	4
529	75253	4
529	75254	4
530	191	4
530	9082	4
530	16070	4
530	19756	4
530	25144	4
530	26000	4
530	26838	4
530	27667	4
530	28427	4
530	33219	4
530	33220	4
530	33221	4
530	46496	4
530	48057	4
530	49310	4
530	50566	4
530	52241	4
530	53677	4
530	58972	4
530	60751	4
530	61486	4
530	61558	4
530	61794	4
530	61796	4
530	61797	4
530	61798	4
530	61799	4
530	61801	4
530	61802	4
530	61804	4
530	75261	4
530	75262	4
530	75263	4
531	423	4
531	1332	4
531	7937	4
531	18813	4
531	19852	4
531	25494	4
531	28598	4
531	30021	4
531	30675	4
531	31421	4
531	32845	4
531	33223	4
531	33224	4
531	33225	4
531	33227	4
531	33228	4
531	46379	4
531	46417	4
531	46529	4
531	46590	4
531	46787	4
531	46994	4
531	47574	4
531	48423	4
531	49288	4
531	49352	4
531	49373	4
531	49374	4
531	49387	4
531	50065	4
531	50086	4
531	50099	4
531	50158	4
531	50176	4
531	50179	4
531	50631	4
531	53057	4
531	53500	4
531	53889	4
531	55966	4
531	55999	4
531	57308	4
531	58235	4
531	58819	4
531	60639	4
531	61808	4
531	61809	4
531	61812	4
531	61816	4
531	61822	4
531	61823	4
531	75265	4
532	717	4
532	8204	4
532	23905	4
532	24027	4
532	24028	4
532	24038	4
532	25374	4
532	26854	4
532	27250	4
532	44936	4
532	46472	4
532	46598	4
532	47136	4
532	47498	4
532	47905	4
532	52272	4
532	55340	4
532	72737	4
533	1630	4
533	19355	4
533	24577	4
533	25194	4
533	27907	4
533	27975	4
533	33243	4
533	47526	4
533	53616	4
533	54749	4
533	54765	4
533	54781	4
533	54788	4
533	55082	4
533	55111	4
533	58190	4
533	61835	4
533	61836	4
533	61838	4
533	61839	4
533	61841	4
533	72517	4
534	146	4
534	9090	4
534	18853	4
534	18948	4
534	19008	4
534	19684	4
534	19855	4
534	25528	4
534	29605	4
534	47985	4
534	52536	4
534	54882	4
534	55418	4
534	56314	4
534	61407	4
534	61847	4
534	61848	4
534	61850	4
534	61852	4
534	61853	4
534	75273	4
534	75274	4
534	75275	4
535	1632	4
535	1633	4
535	1634	4
535	19857	4
535	23806	4
535	24274	4
535	24702	4
535	24909	4
535	27986	4
535	28983	4
535	32303	4
535	33250	4
535	33255	4
535	33257	4
535	33258	4
535	33260	4
535	33262	4
535	33265	4
535	33269	4
535	33272	4
535	33273	4
535	46732	4
535	46909	4
535	47518	4
535	47533	4
535	48573	4
535	50638	4
535	56361	4
535	61858	4
535	61859	4
535	61861	4
535	61865	4
535	61867	4
535	61868	4
535	61870	4
535	61872	4
535	61874	4
535	61875	4
535	61878	4
535	61879	4
535	61884	4
536	1640	4
536	1642	4
536	1643	4
536	1644	4
536	1645	4
536	1646	4
536	16078	4
536	19126	4
536	19586	4
536	19858	4
536	26961	4
536	33276	4
536	33279	4
536	33281	4
536	44938	4
536	61890	4
536	61893	4
536	75279	4
536	75281	4
536	75283	4
536	75284	4
536	75288	4
536	75290	4
536	75293	4
536	75295	4
536	75298	4
536	75300	4
537	7509	4
537	7626	4
537	18991	4
537	23772	4
537	23776	4
537	23786	4
537	23805	4
537	23831	4
537	23895	4
537	24094	4
537	24551	4
537	24997	4
537	25037	4
537	26281	4
537	26282	4
537	26798	4
537	27000	4
537	27014	4
537	27593	4
537	27686	4
537	28262	4
537	33283	4
537	33284	4
537	33285	4
537	33286	4
537	46574	4
537	47363	4
537	47468	4
537	47495	4
537	47558	4
537	47849	4
537	47895	4
537	48660	4
537	49269	4
537	50556	4
537	54391	4
537	56435	4
537	58093	4
537	59829	4
537	61895	4
537	61897	4
537	61898	4
537	71352	4
537	72482	4
537	75302	4
538	8549	4
538	24118	4
538	26591	4
538	30021	4
538	30242	4
538	33288	4
538	46472	4
538	47487	4
538	49681	4
538	51165	4
539	1108	4
539	1115	4
539	24480	4
539	24835	4
539	25744	4
539	25827	4
539	26006	4
539	26816	4
539	27442	4
539	27574	4
539	27939	4
539	28315	4
539	28333	4
539	28337	4
539	30886	4
539	33292	4
539	46680	4
539	47421	4
539	50280	4
539	51127	4
539	52014	4
539	52019	4
539	52044	4
539	52050	4
539	53648	4
539	53665	4
539	55459	4
539	61903	4
539	61907	4
539	61910	4
539	61911	4
539	61912	4
539	73119	4
539	73767	4
540	1020	4
540	7990	4
540	23706	4
540	25404	4
540	25446	4
540	26391	4
540	29470	4
540	30334	4
540	30444	4
540	46301	4
540	46305	4
540	46472	4
540	46616	4
540	47231	4
540	47268	4
540	47660	4
540	48541	4
540	49042	4
540	49411	4
540	49646	4
540	49676	4
540	49745	4
540	49762	4
540	49826	4
540	49856	4
540	49888	4
540	49895	4
540	50232	4
540	52113	4
540	52276	4
540	53658	4
540	54084	4
540	56400	4
540	57985	4
540	58754	4
540	60153	4
540	61453	4
540	61917	4
540	61918	4
540	61921	4
540	61923	4
540	61924	4
540	75305	4
541	153	4
541	1656	4
541	1657	4
541	8293	4
541	8912	4
541	19587	4
541	25934	4
541	28054	4
541	28746	4
541	28946	4
541	29197	4
541	29201	4
541	32083	4
541	32567	4
541	32634	4
541	33191	4
541	33295	4
541	33296	4
541	33299	4
541	33305	4
541	33306	4
541	46720	4
541	47218	4
541	50222	4
541	50226	4
541	50233	4
541	50247	4
541	52717	4
541	52756	4
541	53120	4
541	53132	4
541	53148	4
541	53155	4
541	53849	4
541	56027	4
541	56615	4
541	60462	4
541	60601	4
541	61242	4
541	61785	4
541	61925	4
541	61926	4
541	61927	4
541	73717	4
541	73836	4
541	75308	4
542	8028	4
542	19583	4
542	23915	4
542	24772	4
542	24832	4
542	24914	4
542	24967	4
542	25124	4
542	25380	4
542	25442	4
542	27129	4
542	30634	4
542	33164	4
542	33307	4
542	46354	4
542	46355	4
542	46371	4
542	46603	4
542	47192	4
542	47259	4
542	47282	4
542	47681	4
542	47712	4
542	47740	4
542	48591	4
542	52142	4
542	52277	4
542	52377	4
542	61932	4
542	61933	4
543	21	4
543	1659	4
543	1661	4
543	9103	4
543	25001	4
543	26587	4
543	29992	4
543	32196	4
543	33310	4
543	33312	4
543	46487	4
543	47495	4
543	47580	4
543	48686	4
543	48869	4
543	50697	4
543	59719	4
543	61936	4
543	61937	4
543	61938	4
543	61939	4
543	61942	4
543	61944	4
543	61946	4
543	61947	4
543	75313	4
543	75315	4
544	291	4
544	23755	4
544	23898	4
544	23900	4
544	23926	4
544	23927	4
544	23929	4
544	23931	4
544	24105	4
544	24274	4
544	24293	4
544	24330	4
544	24370	4
544	24465	4
544	24503	4
544	25207	4
544	25458	4
544	25459	4
544	25616	4
544	25727	4
544	26086	4
544	26452	4
544	26573	4
544	27584	4
544	28107	4
544	29287	4
544	30556	4
544	31174	4
544	31283	4
544	32696	4
544	33319	4
544	33320	4
544	33321	4
544	46308	4
544	46329	4
544	46412	4
544	46454	4
544	46598	4
544	46600	4
544	46616	4
544	46626	4
544	46637	4
544	46638	4
544	46675	4
544	46877	4
544	47079	4
544	47112	4
544	47115	4
544	47189	4
544	47193	4
544	47269	4
544	48370	4
544	49414	4
544	52481	4
544	54838	4
544	56530	4
544	59679	4
544	73508	4
545	1662	4
545	32461	4
545	33325	4
545	46610	4
545	48760	4
545	50523	4
545	51992	4
545	53405	4
545	61956	4
546	23929	4
546	23937	4
546	24425	4
546	24817	4
546	24821	4
546	24930	4
546	25312	4
546	31176	4
546	33330	4
546	33333	4
546	46614	4
546	46631	4
546	46944	4
546	47231	4
546	47440	4
546	47557	4
546	49162	4
546	49174	4
546	53190	4
546	60864	4
546	61959	4
546	61962	4
546	61967	4
547	18917	4
547	19864	4
547	46565	4
547	46569	4
547	47468	4
547	51515	4
548	23706	4
548	23754	4
548	23759	4
548	23927	4
548	23991	4
548	23996	4
548	24044	4
548	24064	4
548	24721	4
548	25203	4
548	25287	4
548	25391	4
548	27893	4
548	29516	4
548	29541	4
548	31201	4
548	33339	4
548	33340	4
548	33341	4
548	46379	4
548	46424	4
548	46429	4
548	46438	4
548	47200	4
548	48276	4
548	48326	4
548	48983	4
548	49087	4
548	51872	4
548	52249	4
548	55069	4
548	55268	4
549	18836	4
549	27704	4
549	33343	4
549	47584	4
549	50591	4
549	51376	4
549	71396	4
549	74591	4
549	75322	4
549	75323	4
550	1625	4
550	9109	4
550	18819	4
550	19869	4
550	19871	4
550	19873	4
550	23872	4
550	24045	4
550	25482	4
550	25487	4
550	26302	4
550	26593	4
550	30242	4
550	32252	4
550	33345	4
550	33346	4
550	33347	4
550	33348	4
550	33349	4
550	33350	4
550	33355	4
550	33356	4
550	33357	4
550	33358	4
550	33359	4
550	46493	4
550	46679	4
550	47287	4
550	48011	4
550	48710	4
550	50328	4
550	52316	4
550	53396	4
550	53588	4
550	53596	4
550	53602	4
550	59369	4
550	59824	4
550	61113	4
550	61528	4
550	61973	4
550	61974	4
550	61980	4
550	61981	4
550	61982	4
550	61985	4
550	61986	4
550	61987	4
550	61988	4
550	61989	4
550	61991	4
550	61992	4
550	61994	4
550	71987	4
550	72480	4
550	72813	4
550	72917	4
550	74504	4
550	75327	4
550	75334	4
551	47110	4
551	52987	4
551	61999	4
551	62000	4
551	62001	4
551	62002	4
551	71423	4
551	75336	4
552	1665	4
552	1667	4
552	9110	4
552	24086	4
552	25250	4
552	28822	4
552	29755	4
552	29780	4
552	30056	4
552	31167	4
552	33362	4
552	33368	4
552	33372	4
552	33373	4
552	33374	4
552	33376	4
552	33377	4
552	46836	4
552	49818	4
552	52236	4
552	53203	4
552	55790	4
552	56289	4
552	62010	4
552	62011	4
552	62013	4
552	62015	4
552	62017	4
552	62018	4
552	75342	4
552	75347	4
553	1039	4
553	1670	4
553	9103	4
553	19041	4
553	19395	4
553	19625	4
553	19877	4
553	23698	4
553	23793	4
553	23843	4
553	23909	4
553	23935	4
553	24058	4
553	24066	4
553	24076	4
553	24274	4
553	24293	4
553	24317	4
553	24322	4
553	24364	4
553	24610	4
553	24621	4
553	24717	4
553	24842	4
553	24864	4
553	24977	4
553	25309	4
553	25615	4
553	26124	4
553	26259	4
553	27815	4
553	27940	4
553	28608	4
553	29954	4
553	30265	4
553	30630	4
553	31019	4
553	33378	4
553	33380	4
553	33384	4
553	33388	4
553	46308	4
553	46326	4
553	46343	4
553	46363	4
553	46429	4
553	46469	4
553	46567	4
553	46600	4
553	46603	4
553	46615	4
553	46701	4
553	46841	4
553	46919	4
553	46988	4
553	47053	4
553	47073	4
553	47186	4
553	47206	4
553	47211	4
553	47243	4
553	47372	4
553	47411	4
553	47431	4
553	47681	4
553	47838	4
553	49559	4
553	49730	4
553	49826	4
553	50312	4
553	50392	4
553	50619	4
553	50787	4
553	51008	4
553	51137	4
553	51915	4
553	51917	4
553	52231	4
553	52377	4
553	53093	4
553	53410	4
553	54848	4
553	57679	4
553	57985	4
553	60884	4
553	62019	4
553	62021	4
553	62022	4
553	62025	4
553	62027	4
553	62028	4
553	62029	4
553	62030	4
553	62032	4
553	62033	4
553	62034	4
553	62035	4
553	62037	4
553	71433	4
553	71466	4
553	71636	4
553	72520	4
553	73506	4
553	75349	4
553	75351	4
554	9114	4
554	25821	4
554	33389	4
554	33392	4
554	33397	4
554	33399	4
554	33401	4
554	33404	4
554	33405	4
554	33406	4
554	33407	4
554	33411	4
554	33413	4
554	33417	4
554	33426	4
554	33427	4
554	33428	4
554	33429	4
554	33432	4
554	33433	4
554	33435	4
554	49250	4
554	55665	4
554	62043	4
554	62048	4
554	62049	4
554	62050	4
554	62052	4
554	62059	4
554	62060	4
554	62061	4
554	62065	4
554	62066	4
554	62067	4
554	62069	4
554	62070	4
554	62073	4
554	62074	4
554	62075	4
554	62078	4
554	62079	4
554	62080	4
554	62082	4
554	62084	4
554	62089	4
554	62090	4
554	62093	4
554	62095	4
554	62097	4
554	62099	4
554	62100	4
554	62101	4
554	62103	4
554	75355	4
554	75356	4
554	75361	4
554	75364	4
554	75366	4
554	75367	4
554	75369	4
554	75371	4
554	75372	4
555	80	4
555	23807	4
555	23861	4
555	23891	4
555	24430	4
555	24451	4
555	24549	4
555	25381	4
555	25467	4
555	25499	4
555	25526	4
555	25570	4
555	28025	4
555	28485	4
555	29545	4
555	30553	4
555	32373	4
555	32467	4
555	33440	4
555	33442	4
555	46548	4
555	47657	4
555	48551	4
555	52620	4
555	53108	4
555	56483	4
555	58014	4
555	60156	4
556	659	4
556	1239	4
556	1677	4
556	25864	4
556	25865	4
556	26172	4
556	27698	4
556	27709	4
556	27714	4
556	31603	4
556	33448	4
556	33449	4
556	49377	4
556	49378	4
556	49909	4
556	51749	4
556	53763	4
556	54108	4
556	55418	4
556	55445	4
556	55447	4
556	55636	4
556	55644	4
556	58015	4
556	58389	4
556	58406	4
556	58602	4
556	58604	4
556	62109	4
556	62117	4
556	62119	4
556	62124	4
556	62125	4
556	62126	4
556	62127	4
556	75373	4
557	8	4
557	23772	4
557	23775	4
557	23827	4
557	23830	4
557	23846	4
557	23885	4
557	23945	4
557	24517	4
557	24521	4
557	24550	4
557	24553	4
557	24632	4
557	25635	4
557	27450	4
557	27534	4
557	27667	4
557	27986	4
557	27987	4
557	28262	4
557	28346	4
557	28425	4
557	28659	4
557	29743	4
557	32228	4
557	33451	4
557	33452	4
557	33453	4
557	33454	4
557	46484	4
557	46571	4
557	47475	4
557	47481	4
557	47613	4
557	47672	4
557	47849	4
557	48638	4
557	48887	4
557	49849	4
557	50328	4
557	51287	4
557	52476	4
557	52595	4
557	53054	4
557	55146	4
557	60000	4
557	60625	4
557	60706	4
557	62129	4
557	62131	4
557	62134	4
557	62137	4
557	71356	4
557	71627	4
557	72081	4
557	75374	4
558	1680	4
558	1681	4
558	1682	4
558	1684	4
558	9121	4
558	19154	4
558	19503	4
558	23975	4
558	24072	4
558	24349	4
558	24473	4
558	24490	4
558	24937	4
558	24961	4
558	24971	4
558	25264	4
558	25273	4
558	25286	4
558	25300	4
558	25798	4
558	25818	4
558	26391	4
558	26533	4
558	27409	4
558	27625	4
558	28337	4
558	30885	4
558	33459	4
558	33463	4
558	33464	4
558	33465	4
558	33467	4
558	33470	4
558	33471	4
558	33474	4
558	46680	4
558	47113	4
558	47421	4
558	49108	4
558	49254	4
558	50803	4
558	52055	4
558	55457	4
558	55726	4
558	58215	4
558	61905	4
558	62140	4
558	62143	4
558	62144	4
558	62146	4
558	62148	4
558	62149	4
558	62150	4
558	62152	4
558	62153	4
558	62154	4
558	62156	4
558	62160	4
558	62161	4
558	62162	4
558	62163	4
558	62164	4
558	62167	4
558	62169	4
558	62172	4
558	62173	4
558	62175	4
558	62176	4
558	62177	4
558	62178	4
558	62185	4
558	62186	4
558	75376	4
558	75377	4
559	23914	4
559	27731	4
559	56088	4
560	760	4
560	1121	4
560	8691	4
560	9123	4
560	9124	4
560	9127	4
560	19887	4
560	23980	4
560	24020	4
560	26317	4
560	29341	4
560	29794	4
560	29801	4
560	29900	4
560	29930	4
560	29936	4
560	30699	4
560	30888	4
560	30891	4
560	30895	4
560	30909	4
560	31458	4
560	31861	4
560	32078	4
560	32683	4
560	33468	4
560	33482	4
560	33484	4
560	33486	4
560	33487	4
560	33488	4
560	33491	4
560	33498	4
560	33501	4
560	33502	4
560	33506	4
560	33507	4
560	33512	4
560	44946	4
560	46464	4
560	48076	4
560	48100	4
560	50776	4
560	51953	4
560	55939	4
560	57710	4
560	58420	4
560	60728	4
560	62197	4
560	62198	4
560	62202	4
560	62203	4
560	62206	4
560	62209	4
560	62211	4
560	62212	4
560	62213	4
560	62215	4
560	62223	4
560	62224	4
560	62225	4
560	62227	4
560	62231	4
560	62233	4
560	62234	4
560	62242	4
560	71992	4
560	73611	4
560	74283	4
560	75380	4
560	75381	4
560	75382	4
560	75385	4
560	75387	4
560	75389	4
560	75390	4
560	75391	4
560	75393	4
561	1692	4
561	1693	4
561	1695	4
561	9129	4
561	9132	4
561	9133	4
561	16089	4
561	23765	4
561	23880	4
561	24286	4
561	24399	4
561	24639	4
561	24756	4
561	24888	4
561	24956	4
561	25253	4
561	25458	4
561	26251	4
561	27364	4
561	27510	4
561	28761	4
561	30178	4
561	31611	4
561	32229	4
561	33515	4
561	33516	4
561	46415	4
561	46599	4
561	47157	4
561	47203	4
561	47338	4
561	47768	4
561	47780	4
561	48616	4
561	48618	4
561	49410	4
561	49795	4
561	49893	4
561	55253	4
561	55567	4
561	55892	4
561	57244	4
561	57275	4
561	59396	4
561	60308	4
561	62247	4
561	62248	4
561	62249	4
561	62250	4
561	62253	4
561	62254	4
561	62255	4
561	71216	4
561	71295	4
561	72460	4
561	74294	4
561	75395	4
561	75398	4
561	75399	4
561	75400	4
561	75402	4
561	75405	4
562	25180	4
562	47033	4
563	8204	4
563	24051	4
563	24888	4
563	25494	4
563	26283	4
563	28297	4
563	32955	4
563	33517	4
563	46516	4
563	46574	4
563	46768	4
563	47558	4
563	48185	4
563	48646	4
563	48662	4
563	49361	4
563	52866	4
563	53570	4
563	62257	4
563	72920	4
563	75409	4
564	190	4
564	23786	4
564	24129	4
564	24412	4
564	24429	4
564	24737	4
564	24829	4
564	25469	4
564	25477	4
564	25480	4
564	27250	4
564	46354	4
564	46631	4
564	46850	4
564	46865	4
564	46945	4
564	47217	4
564	47238	4
564	47359	4
564	47809	4
564	48710	4
564	49090	4
564	50915	4
564	53622	4
564	62259	4
564	62260	4
564	62261	4
565	52330	4
565	53438	4
566	9135	4
566	24899	4
566	24987	4
566	25439	4
566	25731	4
566	25886	4
566	31346	4
566	33518	4
566	33521	4
566	47696	4
566	62262	4
566	62264	4
566	62265	4
566	62266	4
566	73470	4
566	75411	4
567	7730	4
567	7795	4
567	24105	4
567	24170	4
567	24370	4
567	24539	4
567	25555	4
567	25636	4
567	25666	4
567	25692	4
567	29074	4
567	29274	4
567	29949	4
567	32610	4
567	32859	4
567	33524	4
567	48541	4
567	50779	4
567	52550	4
567	52757	4
567	53480	4
567	54937	4
567	54944	4
567	54999	4
567	57487	4
567	60027	4
567	60477	4
567	60765	4
567	61324	4
567	62272	4
567	62273	4
568	1699	4
568	7982	4
568	24198	4
568	25185	4
568	25952	4
568	30730	4
568	46504	4
568	47053	4
569	670	4
569	32263	4
569	33236	4
569	33530	4
569	71776	4
570	1050	4
570	1151	4
570	1706	4
570	1707	4
570	1708	4
570	9141	4
570	9142	4
570	9143	4
570	19892	4
570	27842	4
570	27850	4
570	28217	4
570	28248	4
570	29144	4
570	29372	4
570	29699	4
570	29831	4
570	30630	4
570	30662	4
570	30665	4
570	31041	4
570	31078	4
570	31088	4
570	31108	4
570	31110	4
570	31857	4
570	31877	4
570	31878	4
570	31887	4
570	31907	4
570	33367	4
570	33382	4
570	33539	4
570	33549	4
570	33553	4
570	33554	4
570	33555	4
570	33561	4
570	33566	4
570	33567	4
570	33569	4
570	33570	4
570	33573	4
570	33574	4
570	33577	4
570	33578	4
570	33583	4
570	33585	4
570	33587	4
570	33589	4
570	33590	4
570	33592	4
570	33593	4
570	33594	4
570	33595	4
570	33598	4
570	33599	4
570	33600	4
570	33601	4
570	44948	4
570	46747	4
570	46782	4
570	51095	4
570	57160	4
570	57197	4
570	57201	4
570	57409	4
570	57812	4
570	58990	4
570	58994	4
570	59314	4
570	61101	4
570	62299	4
570	62300	4
570	62303	4
570	62319	4
570	62321	4
570	62325	4
570	62328	4
570	62332	4
570	62334	4
570	62335	4
570	62336	4
570	62337	4
570	62340	4
570	62341	4
570	62342	4
570	62345	4
570	62346	4
570	62347	4
570	62349	4
570	62350	4
570	62352	4
570	62353	4
570	62354	4
570	62355	4
570	62356	4
570	62360	4
570	62366	4
570	62367	4
570	62369	4
570	62371	4
570	75423	4
570	75425	4
570	75427	4
570	75433	4
570	75435	4
570	75437	4
571	1032	4
571	24134	4
571	25241	4
571	33608	4
571	33609	4
571	46755	4
571	46780	4
571	48297	4
571	48306	4
571	48335	4
571	49148	4
571	49596	4
571	50112	4
571	50407	4
571	50472	4
571	50474	4
571	54631	4
571	59514	4
571	59538	4
571	62383	4
571	62384	4
571	62388	4
571	62389	4
571	62390	4
571	62391	4
571	73123	4
571	75441	4
572	497	4
572	1717	4
572	1721	4
572	7537	4
572	9148	4
572	19893	4
572	24262	4
572	24793	4
572	25459	4
572	25906	4
572	27308	4
572	27558	4
572	30580	4
572	33612	4
572	33620	4
572	48390	4
572	48555	4
572	49333	4
572	50216	4
572	51303	4
572	51338	4
572	51936	4
572	54252	4
572	54310	4
572	54361	4
572	56016	4
572	59389	4
572	62402	4
572	62406	4
572	62408	4
572	62409	4
572	62417	4
572	75444	4
572	75446	4
572	75447	4
573	960	4
573	1724	4
573	1725	4
573	8785	4
573	9150	4
573	18923	4
573	23749	4
573	24012	4
573	24577	4
573	25217	4
573	25232	4
573	25544	4
573	25563	4
573	25914	4
573	25921	4
573	27038	4
573	27059	4
573	27087	4
573	27896	4
573	27898	4
573	27943	4
573	28843	4
573	28907	4
573	30422	4
573	30474	4
573	30605	4
573	31147	4
573	31286	4
573	31990	4
573	32578	4
573	32994	4
573	32995	4
573	33631	4
573	33636	4
573	33637	4
573	33638	4
573	33639	4
573	33643	4
573	33646	4
573	33647	4
573	33648	4
573	33649	4
573	46496	4
573	47529	4
573	47867	4
573	48211	4
573	48735	4
573	48917	4
573	49034	4
573	49043	4
573	49067	4
573	50399	4
573	50435	4
573	51410	4
573	52225	4
573	52355	4
573	53107	4
573	54229	4
573	55595	4
573	56757	4
573	56775	4
573	56777	4
573	56847	4
573	56939	4
573	57522	4
573	60339	4
573	62424	4
573	62426	4
573	62427	4
573	62428	4
573	62430	4
573	62434	4
573	62435	4
573	62436	4
573	62441	4
573	62443	4
573	62445	4
573	62446	4
573	62447	4
573	62450	4
573	62451	4
573	62453	4
573	72612	4
573	72622	4
573	72667	4
573	75452	4
573	75453	4
573	75455	4
573	75456	4
573	75459	4
573	75463	4
574	16094	4
574	16096	4
574	18974	4
574	19887	4
574	29789	4
574	29801	4
574	33651	4
574	33652	4
574	44949	4
574	44954	4
574	44955	4
574	44960	4
574	52380	4
574	53249	4
574	55944	4
574	56276	4
574	62454	4
574	62455	4
574	62458	4
574	62459	4
574	62460	4
574	62461	4
574	62464	4
574	62465	4
574	62468	4
574	74280	4
574	74283	4
574	75469	4
574	75472	4
574	75475	4
574	75478	4
574	75479	4
574	75481	4
574	75482	4
574	75484	4
575	75	4
575	82	4
575	820	4
575	913	4
575	1076	4
575	1158	4
575	1574	4
575	1728	4
575	1729	4
575	1731	4
575	8187	4
575	8257	4
575	8406	4
575	9159	4
575	9160	4
575	9162	4
575	9165	4
575	9170	4
575	15804	4
575	16097	4
575	16098	4
575	16099	4
575	18872	4
575	18923	4
575	19076	4
575	19895	4
575	19897	4
575	19898	4
575	23721	4
575	23726	4
575	23750	4
575	24117	4
575	24461	4
575	25067	4
575	25113	4
575	25192	4
575	25217	4
575	25230	4
575	25241	4
575	25353	4
575	25526	4
575	25667	4
575	25669	4
575	25694	4
575	25697	4
575	25749	4
575	25832	4
575	25914	4
575	25927	4
575	25954	4
575	25958	4
575	25967	4
575	26233	4
575	26234	4
575	26421	4
575	26743	4
575	26763	4
575	27065	4
575	27076	4
575	27238	4
575	27460	4
575	27629	4
575	27646	4
575	27680	4
575	27921	4
575	29030	4
575	29274	4
575	29436	4
575	29439	4
575	29714	4
575	29987	4
575	30303	4
575	30475	4
575	30537	4
575	30944	4
575	31645	4
575	32775	4
575	32876	4
575	33661	4
575	33670	4
575	33672	4
575	33673	4
575	33674	4
575	33675	4
575	33676	4
575	33677	4
575	33678	4
575	33680	4
575	33682	4
575	46298	4
575	46765	4
575	46773	4
575	47017	4
575	47053	4
575	47054	4
575	48199	4
575	48207	4
575	48225	4
575	48230	4
575	48279	4
575	48286	4
575	48726	4
575	48734	4
575	48740	4
575	48850	4
575	48895	4
575	48927	4
575	48965	4
575	48979	4
575	48981	4
575	48989	4
575	49007	4
575	49025	4
575	49144	4
575	50424	4
575	50745	4
575	50961	4
575	50970	4
575	51054	4
575	51367	4
575	51397	4
575	51416	4
575	51442	4
575	51461	4
575	51679	4
575	51685	4
575	52468	4
575	52475	4
575	52872	4
575	52918	4
575	53113	4
575	54104	4
575	54134	4
575	54396	4
575	54406	4
575	54954	4
575	56608	4
575	56758	4
575	56846	4
575	57227	4
575	58871	4
575	62471	4
575	62473	4
575	62475	4
575	62476	4
575	62477	4
575	62479	4
575	62480	4
575	62481	4
575	62483	4
575	62486	4
575	62487	4
575	62491	4
575	62495	4
575	62498	4
575	62499	4
575	62500	4
575	62502	4
575	71209	4
575	71564	4
575	71675	4
575	71677	4
575	71682	4
575	71694	4
575	71698	4
575	71744	4
575	71961	4
575	72188	4
575	72233	4
575	73141	4
575	73402	4
575	74809	4
575	75486	4
575	75487	4
575	75488	4
575	75490	4
575	75491	4
575	75493	4
575	75495	4
575	75496	4
575	75497	4
575	75499	4
575	75501	4
575	75505	4
575	75506	4
575	75508	4
575	75509	4
575	75511	4
575	75512	4
575	75513	4
575	75515	4
575	75516	4
575	75518	4
575	75524	4
575	75525	4
576	23802	4
576	24757	4
576	27329	4
576	27556	4
576	31204	4
576	31622	4
576	33686	4
576	33687	4
576	33690	4
576	46940	4
576	47170	4
576	49762	4
576	50032	4
576	50487	4
576	56511	4
576	75527	4
577	9176	4
577	19106	4
577	19153	4
577	24081	4
577	25067	4
577	25082	4
577	25116	4
577	25190	4
577	25321	4
577	25562	4
577	25665	4
577	26431	4
577	27070	4
577	27080	4
577	28217	4
577	29949	4
577	30707	4
577	30858	4
577	31748	4
577	32936	4
577	33695	4
577	33701	4
577	46436	4
577	46620	4
577	46807	4
577	46865	4
577	46986	4
577	48284	4
577	49283	4
577	49562	4
577	50008	4
577	50746	4
577	51190	4
577	51365	4
577	52373	4
577	54496	4
577	57089	4
577	60787	4
577	62275	4
577	62511	4
577	62518	4
577	62519	4
577	72441	4
577	75528	4
578	7925	4
578	16100	4
578	18977	4
578	18996	4
578	19902	4
578	23787	4
578	24979	4
578	25414	4
578	25459	4
578	26256	4
578	26483	4
578	27477	4
578	27537	4
578	27601	4
578	47206	4
578	47799	4
578	47960	4
578	49576	4
578	49636	4
578	51541	4
578	52758	4
578	53363	4
578	53404	4
578	54670	4
578	55645	4
578	55733	4
578	56161	4
578	61224	4
578	62522	4
578	62523	4
578	62524	4
578	62525	4
578	62530	4
578	62533	4
578	71737	4
578	75530	4
578	75531	4
578	75533	4
579	204	4
579	9181	4
579	9183	4
579	23871	4
579	25507	4
579	26161	4
579	26786	4
579	28761	4
579	33714	4
579	46904	4
579	48356	4
579	52015	4
579	57244	4
579	57924	4
579	62535	4
580	89	4
580	8891	4
580	9185	4
580	18876	4
580	18923	4
580	23777	4
580	23826	4
580	23832	4
580	23866	4
580	24129	4
580	24407	4
580	24451	4
580	24505	4
580	25452	4
580	25471	4
580	25479	4
580	25489	4
580	25603	4
580	25630	4
580	25848	4
580	26092	4
580	26364	4
580	26798	4
580	27010	4
580	27555	4
580	27586	4
580	27592	4
580	27597	4
580	28289	4
580	29893	4
580	30240	4
580	30824	4
580	30833	4
580	32955	4
580	33719	4
580	33720	4
580	46481	4
580	46534	4
580	46547	4
580	46972	4
580	47281	4
580	47341	4
580	47604	4
580	47708	4
580	47798	4
580	47987	4
580	48058	4
580	48649	4
580	48651	4
580	48869	4
580	48874	4
580	49720	4
580	50051	4
580	50057	4
580	50058	4
580	50097	4
580	50402	4
580	50555	4
580	50606	4
580	50628	4
580	51109	4
580	51322	4
580	51884	4
580	51930	4
580	51991	4
580	52316	4
580	52562	4
580	52590	4
580	52594	4
580	53526	4
580	53570	4
580	53677	4
580	54029	4
580	54633	4
580	55149	4
580	56487	4
580	59130	4
580	59208	4
580	60500	4
580	61936	4
580	62540	4
580	62541	4
580	62542	4
580	62543	4
580	62546	4
580	62547	4
580	62548	4
580	62552	4
580	62553	4
580	62554	4
580	62555	4
580	62557	4
580	62559	4
580	62560	4
580	62563	4
580	62564	4
580	62566	4
580	62567	4
580	62572	4
580	62574	4
580	62575	4
580	62576	4
580	62577	4
580	62578	4
580	75539	4
581	1737	4
581	7586	4
581	18876	4
581	19756	4
581	23688	4
581	23771	4
581	23776	4
581	23781	4
581	23786	4
581	23813	4
581	23814	4
581	23822	4
581	23846	4
581	23857	4
581	23859	4
581	23866	4
581	23889	4
581	23891	4
581	23895	4
581	23899	4
581	24094	4
581	24371	4
581	24397	4
581	24407	4
581	24411	4
581	24416	4
581	24505	4
581	24511	4
581	24518	4
581	24551	4
581	24610	4
581	24692	4
581	24879	4
581	25144	4
581	25449	4
581	25480	4
581	25482	4
581	25488	4
581	25492	4
581	25493	4
581	25635	4
581	25673	4
581	26043	4
581	26350	4
581	26364	4
581	26506	4
581	26515	4
581	26517	4
581	26531	4
581	26559	4
581	27004	4
581	27010	4
581	27179	4
581	27246	4
581	27250	4
581	27449	4
581	28118	4
581	28131	4
581	28422	4
581	28432	4
581	28579	4
581	28905	4
581	28933	4
581	29945	4
581	29962	4
581	31282	4
581	32027	4
581	32028	4
581	32095	4
581	32148	4
581	32722	4
581	33750	4
581	33751	4
581	33753	4
581	33754	4
581	33760	4
581	33762	4
581	33763	4
581	46493	4
581	46527	4
581	46542	4
581	46547	4
581	46558	4
581	46567	4
581	46574	4
581	46797	4
581	46987	4
581	47351	4
581	47377	4
581	47455	4
581	47457	4
581	47466	4
581	47468	4
581	47479	4
581	47574	4
581	47770	4
581	47849	4
581	47896	4
581	47971	4
581	48059	4
581	48318	4
581	48651	4
581	48695	4
581	48848	4
581	49325	4
581	49396	4
581	49399	4
581	50105	4
581	50319	4
581	50571	4
581	50628	4
581	50726	4
581	51747	4
581	51950	4
581	52187	4
581	52300	4
581	52530	4
581	52591	4
581	53572	4
581	53628	4
581	54533	4
581	54547	4
581	54637	4
581	59229	4
581	59256	4
581	59438	4
581	59729	4
581	59829	4
581	60148	4
581	60903	4
581	61510	4
581	62600	4
581	62601	4
581	62609	4
581	62611	4
581	62612	4
581	62617	4
581	71629	4
581	71865	4
581	73479	4
581	73768	4
581	75544	4
581	75545	4
582	9186	4
582	19905	4
582	23727	4
582	24144	4
582	24163	4
582	24480	4
582	25190	4
582	25336	4
582	25337	4
582	25465	4
582	25555	4
582	25642	4
582	25656	4
582	26610	4
582	26775	4
582	27069	4
582	27637	4
582	29039	4
582	32375	4
582	32749	4
582	46317	4
582	46618	4
582	47042	4
582	47062	4
582	47404	4
582	48465	4
582	48524	4
582	48726	4
582	48728	4
582	48850	4
582	49487	4
582	49513	4
582	49886	4
582	49989	4
582	51053	4
582	52007	4
582	53567	4
582	54870	4
582	55695	4
582	57485	4
582	57486	4
582	60504	4
582	60777	4
582	62619	4
582	62621	4
582	62623	4
582	62626	4
582	62627	4
582	62628	4
582	62629	4
582	62630	4
582	73233	4
582	73495	4
582	75549	4
583	8200	4
583	16104	4
583	23785	4
583	23852	4
583	23895	4
583	24402	4
583	24541	4
583	25467	4
583	25673	4
583	32128	4
583	33759	4
583	47461	4
583	49287	4
583	50092	4
583	51887	4
583	53599	4
583	60692	4
584	1242	4
584	26185	4
584	31601	4
584	33768	4
584	33770	4
584	52623	4
584	52634	4
584	62636	4
584	75550	4
585	1621	4
585	1739	4
585	1741	4
585	8985	4
585	9187	4
585	9196	4
585	19907	4
585	25959	4
585	25978	4
585	26286	4
585	29204	4
585	29223	4
585	29231	4
585	29997	4
585	30198	4
585	32083	4
585	33133	4
585	33774	4
585	33775	4
585	44940	4
585	44968	4
585	46720	4
585	49486	4
585	49895	4
585	50226	4
585	50233	4
585	50255	4
585	50262	4
585	53123	4
585	53815	4
585	54277	4
585	56789	4
585	56904	4
585	60454	4
585	60681	4
585	61242	4
585	61773	4
585	61791	4
585	62643	4
585	62645	4
585	62646	4
585	62651	4
585	62652	4
585	71935	4
585	71975	4
585	72680	4
585	73262	4
585	74287	4
585	74597	4
585	74981	4
585	74984	4
585	74987	4
585	74988	4
585	75071	4
585	75121	4
585	75127	4
585	75255	4
585	75553	4
585	75557	4
585	75560	4
585	75561	4
585	75562	4
585	75564	4
585	75569	4
585	75570	4
585	75573	4
585	75574	4
585	75578	4
585	75581	4
585	75582	4
585	75584	4
586	514	4
586	1745	4
586	1746	4
586	7697	4
586	9197	4
586	19034	4
586	23702	4
586	23704	4
586	23766	4
586	23820	4
586	24076	4
586	24108	4
586	24364	4
586	24466	4
586	25202	4
586	25207	4
586	25459	4
586	25577	4
586	30176	4
586	30331	4
586	33776	4
586	35219	4
586	44970	4
586	46310	4
586	46317	4
586	46331	4
586	46379	4
586	46589	4
586	46597	4
586	46616	4
586	46620	4
586	46631	4
586	46904	4
586	46915	4
586	46921	4
586	47117	4
586	47157	4
586	47659	4
586	47760	4
586	47767	4
586	48778	4
586	49872	4
586	52793	4
586	53041	4
586	54837	4
586	56097	4
586	57529	4
586	60053	4
586	62538	4
586	62654	4
586	62655	4
586	62656	4
586	62657	4
586	62658	4
586	71652	4
586	75586	4
587	19560	4
587	23785	4
587	24093	4
587	24094	4
587	24286	4
587	24435	4
587	25315	4
587	25494	4
587	25544	4
587	26334	4
587	26337	4
587	27115	4
587	28274	4
587	28446	4
587	46490	4
587	46517	4
587	46558	4
587	46637	4
587	47612	4
587	47672	4
587	48275	4
587	49236	4
587	52151	4
587	53507	4
587	53647	4
587	55498	4
587	57350	4
587	58192	4
587	58948	4
587	62660	4
587	62661	4
587	72748	4
587	75268	4
587	75588	4
587	75589	4
587	75590	4
588	25067	4
588	27381	4
588	27656	4
588	27827	4
588	27851	4
588	28249	4
588	29993	4
588	30015	4
588	30662	4
588	30690	4
588	31742	4
588	31878	4
588	31886	4
588	33566	4
588	33570	4
588	33571	4
588	33590	4
588	33780	4
588	33782	4
588	33784	4
588	33786	4
588	33787	4
588	33788	4
588	33790	4
588	33793	4
588	33799	4
588	46787	4
588	46820	4
588	51090	4
588	52799	4
588	56112	4
588	62662	4
588	62663	4
588	62666	4
588	62667	4
588	62669	4
588	62678	4
588	62682	4
588	62683	4
588	62685	4
588	62686	4
588	62687	4
588	62690	4
589	19912	4
589	24003	4
589	24486	4
589	26386	4
589	30313	4
589	30980	4
589	32539	4
589	33819	4
589	46860	4
589	47929	4
589	49515	4
589	49518	4
589	51146	4
589	56023	4
589	56028	4
589	56032	4
589	60442	4
589	62713	4
589	73262	4
589	75250	4
590	1754	4
590	30812	4
590	33824	4
590	50831	4
590	62721	4
590	62723	4
590	62724	4
590	62726	4
590	75600	4
590	75601	4
591	1755	4
591	19200	4
591	29314	4
591	33827	4
591	50045	4
591	62246	4
591	62729	4
591	62731	4
591	74718	4
592	894	4
592	53414	4
593	19915	4
593	23978	4
593	25279	4
593	29580	4
593	33342	4
593	33834	4
593	33835	4
593	33836	4
593	33843	4
593	49174	4
593	49469	4
593	49914	4
593	55291	4
593	62734	4
593	62735	4
593	62737	4
593	62739	4
593	62740	4
593	62742	4
593	62744	4
593	62747	4
593	62751	4
593	62753	4
593	75605	4
594	155	4
594	9204	4
594	19918	4
594	27737	4
594	28037	4
594	29250	4
594	29607	4
594	29966	4
594	30500	4
594	33156	4
594	33852	4
594	33853	4
594	46732	4
594	49498	4
594	51458	4
594	53158	4
594	54289	4
594	56108	4
594	56120	4
594	56614	4
594	56796	4
594	56804	4
594	56930	4
594	57836	4
594	57839	4
594	59177	4
594	60604	4
594	60606	4
594	60612	4
594	61239	4
594	61388	4
594	61392	4
594	61927	4
594	62756	4
594	62758	4
594	62760	4
594	62763	4
594	62764	4
594	62772	4
594	62773	4
594	62777	4
594	62778	4
594	62780	4
594	62781	4
594	62782	4
594	62784	4
594	62785	4
594	62787	4
594	73878	4
594	74982	4
594	75606	4
594	75610	4
594	75611	4
594	75612	4
594	75613	4
594	75616	4
594	75618	4
596	903	4
596	904	4
596	1759	4
596	1761	4
596	1762	4
596	9206	4
596	9209	4
596	9211	4
596	9216	4
596	9220	4
596	16113	4
596	16115	4
596	16116	4
596	16117	4
596	18946	4
596	18949	4
596	18974	4
596	18975	4
596	19920	4
596	26145	4
596	27406	4
596	28086	4
596	28096	4
596	28820	4
596	28824	4
596	28921	4
596	29170	4
596	29753	4
596	29765	4
596	29778	4
596	31158	4
596	31162	4
596	32324	4
596	33333	4
596	33363	4
596	33364	4
596	33374	4
596	33375	4
596	33857	4
596	33858	4
596	33859	4
596	33860	4
596	33861	4
596	33862	4
596	33866	4
596	33867	4
596	33876	4
596	33877	4
596	33884	4
596	33886	4
596	33888	4
596	33891	4
596	33893	4
596	33898	4
596	33902	4
596	33904	4
596	33905	4
596	44977	4
596	46836	4
596	46840	4
596	46964	4
596	46965	4
596	49511	4
596	51768	4
596	52239	4
596	54011	4
596	55740	4
596	55742	4
596	55750	4
596	55761	4
596	55777	4
596	55786	4
596	56192	4
596	56205	4
596	56378	4
596	57467	4
596	57916	4
596	60792	4
596	61958	4
596	62010	4
596	62570	4
596	62789	4
596	62790	4
596	62793	4
596	62794	4
596	62795	4
596	62796	4
596	62798	4
596	62799	4
596	62811	4
596	62816	4
596	62819	4
596	62821	4
596	62827	4
596	62830	4
596	62831	4
596	62832	4
596	62834	4
596	62836	4
596	62838	4
596	62841	4
596	62842	4
596	62843	4
596	62844	4
596	62851	4
596	62854	4
596	62856	4
596	62858	4
596	62862	4
596	62863	4
596	62866	4
596	62868	4
596	62870	4
596	62873	4
596	71269	4
596	72141	4
596	72211	4
596	72610	4
596	73569	4
596	73570	4
596	75344	4
596	75621	4
596	75624	4
596	75627	4
596	75630	4
596	75635	4
596	75638	4
596	75641	4
596	75645	4
596	75646	4
596	75648	4
596	75649	4
596	75653	4
596	75654	4
596	75656	4
596	75657	4
596	75660	4
596	75663	4
596	75672	4
596	75678	4
596	75685	4
596	75687	4
596	75690	4
596	75692	4
596	75696	4
596	75697	4
596	75701	4
596	75703	4
596	75705	4
596	75707	4
596	75708	4
596	75709	4
596	75710	4
596	75712	4
596	75717	4
597	746	4
597	1768	4
597	1769	4
597	1770	4
597	1771	4
597	7761	4
597	7906	4
597	8159	4
597	9222	4
597	15903	4
597	16120	4
597	19922	4
597	19925	4
597	23882	4
597	24542	4
597	25770	4
597	26285	4
597	26302	4
597	26854	4
597	29375	4
597	32369	4
597	33906	4
597	33907	4
597	33909	4
597	33912	4
597	44736	4
597	44808	4
597	44979	4
597	44980	4
597	46494	4
597	46548	4
597	46569	4
597	46630	4
597	46785	4
597	47185	4
597	47333	4
597	47348	4
597	47363	4
597	47460	4
597	47461	4
597	48037	4
597	50058	4
597	50105	4
597	50706	4
597	51175	4
597	51318	4
597	51346	4
597	52594	4
597	53262	4
597	53298	4
597	53625	4
597	53785	4
597	56482	4
597	57370	4
597	58221	4
597	60638	4
597	62884	4
597	62891	4
597	62894	4
597	75718	4
597	75720	4
597	75722	4
597	75723	4
597	75724	4
598	1774	4
598	9224	4
598	18874	4
598	19788	4
598	24567	4
598	26185	4
598	27601	4
598	27698	4
598	31603	4
598	31614	4
598	33916	4
598	44707	4
598	51102	4
598	52636	4
598	62902	4
598	62904	4
598	62908	4
598	62909	4
598	62910	4
598	72493	4
598	72504	4
598	74269	4
598	75728	4
598	75731	4
599	1776	4
599	19926	4
599	25856	4
599	47465	4
599	50706	4
599	60488	4
599	62913	4
600	1778	4
600	24242	4
600	24629	4
600	28202	4
600	28231	4
600	30662	4
600	30671	4
600	31080	4
600	31731	4
600	33919	4
600	33920	4
600	33921	4
600	33923	4
600	46499	4
600	46507	4
600	47540	4
600	50400	4
600	52808	4
600	53551	4
600	53791	4
600	54568	4
600	54585	4
600	54817	4
600	56134	4
600	57142	4
600	58994	4
600	59321	4
600	62025	4
600	62917	4
600	62919	4
600	62920	4
600	62921	4
600	62928	4
600	62930	4
600	62931	4
600	62932	4
600	62933	4
600	62934	4
600	62935	4
600	62938	4
600	71683	4
600	72584	4
600	73927	4
600	73980	4
600	74640	4
600	75735	4
600	75737	4
600	75738	4
601	24404	4
601	25434	4
601	25439	4
601	26102	4
601	26514	4
601	27527	4
601	28319	4
601	30606	4
601	32233	4
601	33924	4
601	33925	4
601	33927	4
601	46358	4
601	46472	4
601	47123	4
601	47338	4
601	47664	4
601	47674	4
601	47836	4
601	49085	4
601	49248	4
601	49267	4
601	49667	4
601	49689	4
601	50377	4
601	50521	4
601	51184	4
601	53427	4
601	57084	4
601	57371	4
601	62940	4
601	62943	4
601	62946	4
601	62947	4
601	62948	4
602	1781	4
602	9230	4
602	33930	4
602	33931	4
602	48544	4
602	50268	4
602	62950	4
602	62952	4
602	62953	4
603	23690	4
603	23757	4
603	24105	4
603	24274	4
603	25441	4
603	25621	4
603	25623	4
603	27371	4
603	33937	4
603	47672	4
603	47684	4
603	47798	4
603	48592	4
603	49089	4
603	49248	4
603	54496	4
603	61920	4
603	62957	4
603	75744	4
604	1783	4
604	9235	4
604	16124	4
604	16125	4
604	19927	4
604	25056	4
604	25323	4
604	27260	4
604	27759	4
604	28560	4
604	28637	4
604	31524	4
604	33941	4
604	33944	4
604	33946	4
604	33948	4
604	33952	4
604	33953	4
604	44982	4
604	51971	4
604	52726	4
604	59029	4
604	62977	4
604	62978	4
604	62980	4
604	62983	4
604	62984	4
604	62986	4
604	62988	4
604	62989	4
604	62990	4
604	62992	4
604	62994	4
604	62995	4
605	31825	4
605	50612	4
605	63000	4
605	63002	4
606	671	4
606	33236	4
606	49308	4
606	57945	4
606	71924	4
607	71816	4
607	75752	4
608	1788	4
608	33960	4
608	33961	4
608	33963	4
608	56363	4
608	63014	4
608	75753	4
609	1791	4
609	1793	4
609	15924	4
609	25751	4
609	27845	4
609	29144	4
609	30654	4
609	30673	4
609	30683	4
609	31041	4
609	31874	4
609	31883	4
609	31892	4
609	33596	4
609	33969	4
609	33970	4
609	33972	4
609	33974	4
609	46303	4
609	46880	4
609	46881	4
609	47475	4
609	53538	4
609	53781	4
609	54566	4
609	56112	4
609	57190	4
609	57768	4
609	59269	4
609	59302	4
609	59364	4
609	59365	4
609	61084	4
609	62755	4
609	63029	4
609	63036	4
609	63037	4
609	63041	4
609	63044	4
609	63049	4
609	63050	4
609	71259	4
609	74483	4
610	1798	4
610	23820	4
610	23927	4
610	24276	4
610	24836	4
610	24840	4
610	25078	4
610	26491	4
610	27363	4
610	28106	4
610	46301	4
610	46329	4
610	46331	4
610	46336	4
610	46345	4
610	46379	4
610	46412	4
610	46467	4
610	46469	4
610	46702	4
610	46704	4
610	46706	4
610	46841	4
610	46904	4
610	46921	4
610	46944	4
610	47288	4
610	47338	4
610	47350	4
610	47659	4
610	47665	4
610	48441	4
610	48550	4
610	48836	4
610	49709	4
610	50271	4
610	52779	4
610	52981	4
610	53041	4
610	54078	4
610	54848	4
610	57983	4
610	60111	4
610	61625	4
610	62022	4
610	62538	4
610	62658	4
610	63053	4
610	63054	4
610	63055	4
610	63057	4
610	63058	4
610	63059	4
610	71625	4
611	9245	4
611	9246	4
611	19931	4
611	25424	4
611	25708	4
611	25996	4
611	26755	4
611	27047	4
611	30543	4
611	31967	4
611	33977	4
611	46982	4
611	48250	4
611	49432	4
611	49985	4
611	50317	4
611	53469	4
611	54191	4
611	55201	4
611	56440	4
611	60813	4
611	61521	4
612	1800	4
612	9247	4
612	23721	4
612	24422	4
612	25001	4
612	25500	4
612	27336	4
612	27690	4
612	27724	4
612	28262	4
612	28446	4
612	30215	4
612	33979	4
612	33980	4
612	33982	4
612	33983	4
612	46519	4
612	46520	4
612	47912	4
612	47914	4
612	47921	4
612	48567	4
612	50170	4
612	50622	4
612	50709	4
612	51518	4
612	52529	4
612	53081	4
612	53198	4
612	53625	4
612	53676	4
612	60590	4
612	62887	4
612	63065	4
612	63069	4
612	63070	4
612	72430	4
613	83	4
613	435	4
613	602	4
613	7554	4
613	7688	4
613	8592	4
613	8837	4
613	8865	4
613	9250	4
613	9252	4
613	9253	4
613	9256	4
613	9260	4
613	16130	4
613	16133	4
613	16136	4
613	18812	4
613	18884	4
613	18919	4
613	19151	4
613	19167	4
613	19933	4
613	19934	4
613	19935	4
613	24619	4
613	24643	4
613	24836	4
613	25252	4
613	25386	4
613	25416	4
613	25442	4
613	25621	4
613	25822	4
613	26088	4
613	26128	4
613	26266	4
613	26477	4
613	26496	4
613	27262	4
613	27527	4
613	27629	4
613	29391	4
613	33515	4
613	33984	4
613	33985	4
613	33987	4
613	33989	4
613	46315	4
613	46589	4
613	46753	4
613	46838	4
613	47018	4
613	47123	4
613	47246	4
613	47338	4
613	47350	4
613	47410	4
613	47657	4
613	47663	4
613	47794	4
613	47880	4
613	47888	4
613	48356	4
613	48430	4
613	48451	4
613	48459	4
613	48550	4
613	48686	4
613	48750	4
613	48807	4
613	49702	4
613	49777	4
613	50312	4
613	50314	4
613	51048	4
613	51224	4
613	51365	4
613	52250	4
613	52997	4
613	53040	4
613	55182	4
613	56470	4
613	58072	4
613	60262	4
613	61248	4
613	62949	4
613	63072	4
613	63073	4
613	63079	4
613	63086	4
613	63088	4
613	71265	4
613	71354	4
613	71360	4
613	71489	4
613	71499	4
613	71505	4
613	71636	4
613	71813	4
613	71819	4
613	72032	4
613	72264	4
613	72520	4
613	72581	4
613	74143	4
613	74436	4
613	75131	4
613	75399	4
613	75782	4
613	75783	4
613	75787	4
613	75789	4
613	75791	4
613	75792	4
613	75797	4
613	75798	4
613	75799	4
613	75800	4
613	75801	4
613	75804	4
614	26580	4
614	46301	4
614	75800	4
615	24122	4
615	24170	4
615	26422	4
615	27109	4
615	29053	4
615	32383	4
615	47062	4
615	48476	4
615	51454	4
615	51678	4
615	54703	4
615	55478	4
615	55715	4
615	57222	4
615	57486	4
615	60757	4
615	63095	4
615	63096	4
615	63097	4
615	71203	4
615	71212	4
615	75496	4
615	75805	4
615	75806	4
616	72	4
616	7506	4
616	19937	4
616	23701	4
616	23802	4
616	24031	4
616	24057	4
616	24364	4
616	24868	4
616	25144	4
616	25207	4
616	25312	4
616	25613	4
616	25640	4
616	26163	4
616	27010	4
616	27209	4
616	27505	4
616	29010	4
616	31660	4
616	32335	4
616	32874	4
616	33999	4
616	34001	4
616	46308	4
616	46309	4
616	46334	4
616	46367	4
616	46410	4
616	46432	4
616	46478	4
616	46499	4
616	46525	4
616	46530	4
616	46599	4
616	46610	4
616	46859	4
616	47159	4
616	47626	4
616	47660	4
616	48185	4
616	48274	4
616	48370	4
616	48642	4
616	48670	4
616	49411	4
616	49634	4
616	50322	4
616	50498	4
616	50637	4
616	51639	4
616	52110	4
616	52174	4
616	53271	4
616	53281	4
616	53473	4
616	54496	4
616	56499	4
616	62507	4
616	63101	4
616	63102	4
616	63108	4
616	63110	4
616	63114	4
616	71817	4
616	75810	4
616	75817	4
616	75818	4
616	75821	4
617	34005	4
617	34006	4
617	57311	4
618	185	4
618	31610	4
618	49229	4
618	52786	4
618	55568	4
618	55574	4
618	61824	4
618	75830	4
619	17	4
619	18826	4
619	19925	4
619	26330	4
619	34012	4
619	44985	4
619	46484	4
619	46766	4
619	47593	4
619	50065	4
619	60819	4
619	61275	4
619	62574	4
619	63135	4
619	63137	4
619	63138	4
619	63139	4
619	63147	4
619	63149	4
620	717	4
620	1807	4
620	1808	4
620	1810	4
620	9270	4
620	9274	4
620	19942	4
620	24756	4
620	26505	4
620	30577	4
620	33262	4
620	34020	4
620	34024	4
620	34025	4
620	34026	4
620	46827	4
620	47217	4
620	55629	4
620	55854	4
620	59903	4
620	62939	4
620	62947	4
620	63157	4
620	63159	4
620	63164	4
620	63177	4
620	63184	4
620	63185	4
620	71361	4
620	73470	4
620	74554	4
620	74559	4
620	75834	4
620	75840	4
620	75841	4
620	75844	4
621	26241	4
621	30100	4
621	30116	4
621	34027	4
621	46622	4
621	46864	4
621	47159	4
621	47781	4
621	52978	4
621	55043	4
621	58853	4
621	62022	4
621	63186	4
621	63187	4
621	63189	4
621	63190	4
622	16143	4
622	24726	4
622	25578	4
622	26669	4
622	28058	4
622	32303	4
622	32983	4
622	33989	4
622	34029	4
622	34035	4
622	34038	4
622	34041	4
622	34046	4
622	34047	4
622	34052	4
622	48150	4
622	53344	4
622	63195	4
622	63197	4
622	63198	4
622	63202	4
622	63205	4
622	63208	4
622	63209	4
622	63210	4
622	63216	4
622	63217	4
622	75850	4
622	75853	4
622	75854	4
623	65	4
623	304	4
623	305	4
623	9278	4
623	18991	4
623	23973	4
623	23976	4
623	24482	4
623	24716	4
623	24774	4
623	24797	4
623	24835	4
623	24943	4
623	25273	4
623	25283	4
623	25289	4
623	25297	4
623	25369	4
623	25556	4
623	25744	4
623	25780	4
623	25796	4
623	25802	4
623	25818	4
623	25941	4
623	26268	4
623	26408	4
623	26552	4
623	26816	4
623	26828	4
623	27408	4
623	27414	4
623	27422	4
623	27433	4
623	27441	4
623	28342	4
623	28529	4
623	28538	4
623	29065	4
623	30769	4
623	32360	4
623	33291	4
623	33464	4
623	33473	4
623	34054	4
623	34055	4
623	34056	4
623	34059	4
623	34061	4
623	34067	4
623	34069	4
623	34070	4
623	47255	4
623	47424	4
623	48067	4
623	48372	4
623	48382	4
623	49099	4
623	49100	4
623	49102	4
623	49108	4
623	49187	4
623	49191	4
623	49204	4
623	49210	4
623	50374	4
623	53438	4
623	53690	4
623	55260	4
623	60102	4
623	63219	4
623	63220	4
623	63221	4
623	63222	4
623	71488	4
623	71636	4
623	72312	4
623	75858	4
623	75864	4
623	75867	4
624	242	4
624	1821	4
624	9279	4
624	9282	4
624	19945	4
624	23763	4
624	24165	4
624	24282	4
624	24322	4
624	25616	4
624	28020	4
624	29465	4
624	32817	4
624	34073	4
624	46321	4
624	46416	4
624	46841	4
624	46859	4
624	46867	4
624	47151	4
624	47167	4
624	47281	4
624	47289	4
624	48155	4
624	48639	4
624	48832	4
624	48901	4
624	49631	4
624	50495	4
624	50566	4
624	51786	4
624	52336	4
624	52783	4
624	53089	4
624	53363	4
624	54324	4
624	55994	4
624	56586	4
624	56869	4
624	58165	4
624	60912	4
624	60931	4
624	62090	4
624	62697	4
624	63228	4
624	63232	4
624	63235	4
624	63241	4
624	63242	4
624	63243	4
624	63245	4
624	63246	4
624	63249	4
624	63253	4
624	63257	4
624	71260	4
624	75870	4
624	75872	4
625	1683	4
625	1823	4
625	24472	4
625	24495	4
625	24748	4
625	25270	4
625	25287	4
625	26009	4
625	26803	4
625	31367	4
625	31368	4
625	34083	4
625	34086	4
625	34089	4
625	34090	4
625	46677	4
625	47255	4
625	48375	4
625	48397	4
625	48407	4
625	48411	4
625	50372	4
625	52049	4
625	54022	4
625	59381	4
625	62145	4
625	63259	4
625	63262	4
625	63263	4
625	63266	4
625	63267	4
625	63271	4
625	63273	4
625	75875	4
626	17	4
626	1734	4
626	1824	4
626	1825	4
626	7714	4
626	9283	4
626	15767	4
626	18830	4
626	18887	4
626	18949	4
626	19026	4
626	19593	4
626	23824	4
626	23832	4
626	23843	4
626	24371	4
626	24490	4
626	24556	4
626	24749	4
626	25043	4
626	25796	4
626	25856	4
626	26288	4
626	26301	4
626	26306	4
626	26340	4
626	26702	4
626	27449	4
626	27932	4
626	28082	4
626	28122	4
626	28137	4
626	28205	4
626	28232	4
626	28954	4
626	29690	4
626	31359	4
626	31420	4
626	31436	4
626	31703	4
626	31712	4
626	31724	4
626	31876	4
626	33540	4
626	33700	4
626	34096	4
626	34098	4
626	34101	4
626	34104	4
626	46486	4
626	46493	4
626	46567	4
626	46674	4
626	46793	4
626	46832	4
626	46842	4
626	46970	4
626	47053	4
626	47112	4
626	47244	4
626	47302	4
626	47305	4
626	47316	4
626	47375	4
626	47424	4
626	47545	4
626	47557	4
626	47573	4
626	47581	4
626	47602	4
626	47618	4
626	47899	4
626	47978	4
626	48018	4
626	48032	4
626	48099	4
626	48362	4
626	48695	4
626	48700	4
626	48707	4
626	49294	4
626	49301	4
626	49304	4
626	49319	4
626	49327	4
626	49331	4
626	49337	4
626	49344	4
626	49355	4
626	49361	4
626	49362	4
626	49369	4
626	49376	4
626	49396	4
626	49398	4
626	49404	4
626	49579	4
626	49589	4
626	49591	4
626	50080	4
626	50097	4
626	50098	4
626	50115	4
626	50155	4
626	50176	4
626	50205	4
626	50283	4
626	50590	4
626	50591	4
626	51031	4
626	51345	4
626	51545	4
626	51547	4
626	51598	4
626	51628	4
626	51630	4
626	51634	4
626	51643	4
626	51723	4
626	52027	4
626	52079	4
626	52262	4
626	52536	4
626	52546	4
626	52994	4
626	53023	4
626	53439	4
626	53446	4
626	53463	4
626	53469	4
626	53477	4
626	54184	4
626	54187	4
626	54191	4
626	54195	4
626	54488	4
626	54547	4
626	54555	4
626	54769	4
626	54849	4
626	55997	4
626	56043	4
626	56883	4
626	57066	4
626	58214	4
626	58350	4
626	58358	4
626	58379	4
626	58598	4
626	58924	4
626	58932	4
626	58933	4
626	58956	4
626	59055	4
626	59540	4
626	59617	4
626	59632	4
626	59730	4
626	59755	4
626	60645	4
626	60812	4
626	61295	4
626	61469	4
626	61525	4
626	61606	4
626	61623	4
626	62552	4
626	62822	4
626	62889	4
626	63269	4
626	63276	4
626	63277	4
626	63282	4
626	63285	4
626	63286	4
626	63288	4
626	63290	4
626	63291	4
626	63294	4
626	63296	4
626	63297	4
626	63298	4
626	63299	4
626	63301	4
626	63302	4
626	63304	4
626	63305	4
626	63306	4
626	63307	4
626	63308	4
626	63309	4
626	63312	4
626	63313	4
626	63317	4
626	63326	4
626	63328	4
626	63330	4
626	63332	4
626	63333	4
626	63334	4
626	63335	4
626	63339	4
626	63342	4
626	71218	4
626	71328	4
626	71636	4
626	71732	4
626	71744	4
626	71907	4
626	72849	4
626	73010	4
626	74264	4
626	75653	4
626	75878	4
626	75879	4
626	75882	4
626	75883	4
626	75884	4
626	75886	4
626	75887	4
626	75889	4
626	75891	4
626	75892	4
626	75893	4
626	75894	4
626	75895	4
626	75896	4
627	439	4
627	1831	4
627	1837	4
627	1839	4
627	19282	4
627	19774	4
627	25965	4
627	26717	4
627	27067	4
627	30857	4
627	31199	4
627	33065	4
627	34127	4
627	34135	4
627	34138	4
627	34139	4
627	46782	4
627	48211	4
627	48230	4
627	48427	4
627	49155	4
627	49996	4
627	50918	4
627	50920	4
627	50927	4
627	50932	4
627	50970	4
627	51054	4
627	51410	4
627	51413	4
627	51424	4
627	52379	4
627	52453	4
627	53955	4
627	54762	4
627	55077	4
627	56948	4
627	57499	4
627	57502	4
627	57865	4
627	57964	4
627	57974	4
627	63356	4
627	63365	4
627	63366	4
627	63373	4
627	63381	4
627	63382	4
627	63383	4
627	63388	4
627	63389	4
627	63397	4
627	63400	4
627	63404	4
627	63405	4
627	63408	4
627	63419	4
627	63422	4
627	63424	4
627	63425	4
627	63427	4
627	63429	4
627	63431	4
627	63432	4
627	63434	4
627	63435	4
627	63436	4
627	63440	4
627	63441	4
627	63442	4
627	63445	4
627	63449	4
627	71677	4
627	74507	4
627	75453	4
627	75899	4
627	75908	4
627	75909	4
627	75912	4
628	682	4
628	24981	4
628	34145	4
628	34146	4
628	34147	4
628	34149	4
628	49908	4
628	54121	4
628	63469	4
628	63472	4
628	63474	4
628	63475	4
628	63480	4
628	63484	4
628	63487	4
628	75915	4
629	1568	4
629	1840	4
629	1842	4
629	9188	4
629	16153	4
629	19422	4
629	19900	4
629	19954	4
629	19956	4
629	19957	4
629	25959	4
629	26376	4
629	26836	4
629	28388	4
629	28734	4
629	28752	4
629	29228	4
629	29470	4
629	32555	4
629	33011	4
629	34153	4
629	34157	4
629	44932	4
629	44940	4
629	49506	4
629	50227	4
629	53114	4
629	53130	4
629	53155	4
629	55286	4
629	56415	4
629	56919	4
629	59468	4
629	59917	4
629	60471	4
629	61285	4
629	61334	4
629	61681	4
629	62649	4
629	62650	4
629	62769	4
629	63495	4
629	63498	4
629	63499	4
629	63501	4
629	63503	4
629	63506	4
629	63507	4
629	71214	4
629	71867	4
629	74223	4
629	75003	4
629	75572	4
629	75917	4
629	75920	4
629	75922	4
629	75923	4
629	75925	4
629	75928	4
630	9293	4
630	30276	4
630	46472	4
630	49243	4
630	54652	4
630	63512	4
631	8398	4
631	16154	4
632	23915	4
632	27484	4
632	28652	4
632	34161	4
632	34163	4
632	46301	4
632	48275	4
632	48580	4
632	48581	4
632	51163	4
633	335	4
633	419	4
633	426	4
633	631	4
633	663	4
633	1203	4
633	1844	4
633	1846	4
633	8557	4
633	8748	4
633	8922	4
633	9052	4
633	9297	4
633	18899	4
633	19005	4
633	19166	4
633	19959	4
633	23754	4
633	23900	4
633	23938	4
633	24306	4
633	24371	4
633	24378	4
633	24846	4
633	25046	4
633	25216	4
633	25449	4
633	25577	4
633	25590	4
633	25860	4
633	26296	4
633	26298	4
633	26351	4
633	26705	4
633	27222	4
633	28169	4
633	28962	4
633	30427	4
633	31704	4
633	31712	4
633	31723	4
633	31724	4
633	32666	4
633	33008	4
633	33108	4
633	33225	4
633	34172	4
633	34175	4
633	34176	4
633	34177	4
633	34178	4
633	46303	4
633	46337	4
633	46489	4
633	46572	4
633	46585	4
633	46597	4
633	46654	4
633	46943	4
633	46970	4
633	47341	4
633	47581	4
633	47822	4
633	47900	4
633	48707	4
633	48799	4
633	49301	4
633	49321	4
633	49322	4
633	49365	4
633	49505	4
633	49536	4
633	49776	4
633	50142	4
633	50143	4
633	50155	4
633	50235	4
633	50648	4
633	52073	4
633	52174	4
633	52393	4
633	53173	4
633	53282	4
633	53439	4
633	53446	4
633	53469	4
633	54096	4
633	54805	4
633	55169	4
633	55667	4
633	56043	4
633	56616	4
633	56794	4
633	58214	4
633	58251	4
633	58348	4
633	59208	4
633	60748	4
633	62609	4
633	63323	4
633	63528	4
633	63529	4
633	63531	4
633	63532	4
633	63536	4
633	63537	4
633	63538	4
633	63540	4
633	63542	4
633	63545	4
633	63547	4
633	63548	4
633	63550	4
633	63552	4
633	63554	4
633	63556	4
633	63559	4
633	63560	4
633	63563	4
633	63566	4
633	63567	4
633	63571	4
633	63574	4
633	63577	4
633	71984	4
633	75935	4
633	75937	4
633	75938	4
634	603	4
634	8448	4
634	16156	4
634	23690	4
634	23791	4
634	23936	4
634	24031	4
634	24075	4
634	24510	4
634	25204	4
634	25381	4
634	25443	4
634	25575	4
634	25873	4
634	25888	4
634	25956	4
634	26250	4
634	26252	4
634	26477	4
634	26686	4
634	27612	4
634	27787	4
634	29288	4
634	30640	4
634	30651	4
634	33072	4
634	34184	4
634	46626	4
634	47373	4
634	47462	4
634	48618	4
634	48832	4
634	50489	4
634	55149	4
634	60858	4
634	63581	4
634	63583	4
634	71754	4
634	75941	4
635	117	4
635	1854	4
635	18841	4
635	19935	4
635	19954	4
635	24874	4
635	25200	4
635	25312	4
635	25381	4
635	25600	4
635	25617	4
635	26124	4
635	26481	4
635	27023	4
635	30176	4
635	30270	4
635	31206	4
635	34186	4
635	34187	4
635	46301	4
635	46866	4
635	47110	4
635	47122	4
635	47151	4
635	47284	4
635	47623	4
635	49863	4
635	50324	4
635	50494	4
635	51210	4
635	51873	4
635	52986	4
635	55992	4
635	56303	4
635	57663	4
635	63584	4
635	63585	4
635	63588	4
635	63590	4
635	63598	4
635	63603	4
635	71214	4
635	71939	4
635	74780	4
635	75305	4
635	75944	4
636	1855	4
636	9299	4
636	9300	4
636	9301	4
636	19962	4
636	19963	4
636	24279	4
636	24563	4
636	25023	4
636	25067	4
636	26016	4
636	26171	4
636	27601	4
636	27709	4
636	31440	4
636	31603	4
636	31614	4
636	33913	4
636	34191	4
636	34193	4
636	47960	4
636	49352	4
636	52160	4
636	54089	4
636	54311	4
636	55622	4
636	55637	4
636	58389	4
636	58648	4
636	62109	4
636	62116	4
636	63605	4
636	63607	4
636	63609	4
636	72501	4
636	75947	4
637	54	4
637	7509	4
637	23824	4
637	23849	4
637	23865	4
637	23959	4
637	24064	4
637	24435	4
637	24552	4
637	25044	4
637	25046	4
637	26531	4
637	26542	4
637	27210	4
637	28476	4
637	28933	4
637	46484	4
637	46569	4
637	46705	4
637	46769	4
637	47112	4
637	47197	4
637	47355	4
637	47365	4
637	47403	4
637	47459	4
637	47971	4
637	48059	4
637	48662	4
637	48844	4
637	49004	4
637	49593	4
637	50270	4
637	51168	4
637	51316	4
637	52555	4
637	52587	4
637	53500	4
637	63614	4
637	71196	4
637	71316	4
637	71681	4
637	71819	4
637	71939	4
637	71990	4
637	72166	4
637	72475	4
637	72607	4
637	73771	4
637	75948	4
637	75949	4
637	75950	4
637	75952	4
638	6	4
638	228	4
638	444	4
638	497	4
638	576	4
638	1380	4
638	1392	4
638	1493	4
638	1504	4
638	1857	4
638	1858	4
638	1859	4
638	1861	4
638	1862	4
638	1863	4
638	1864	4
638	1865	4
638	1867	4
638	8433	4
638	9302	4
638	9305	4
638	9306	4
638	9307	4
638	9308	4
638	9309	4
638	15632	4
638	16157	4
638	18812	4
638	18830	4
638	18884	4
638	18963	4
638	18974	4
638	19026	4
638	19047	4
638	19093	4
638	19106	4
638	19723	4
638	19964	4
638	19965	4
638	19966	4
638	19967	4
638	19968	4
638	23698	4
638	23726	4
638	23803	4
638	23864	4
638	23891	4
638	23911	4
638	24027	4
638	24053	4
638	24072	4
638	24081	4
638	24283	4
638	24301	4
638	24331	4
638	24361	4
638	24440	4
638	24522	4
638	24629	4
638	24649	4
638	24666	4
638	24668	4
638	24757	4
638	24782	4
638	24862	4
638	25067	4
638	25121	4
638	25147	4
638	25194	4
638	25203	4
638	25210	4
638	25211	4
638	25448	4
638	25597	4
638	25610	4
638	25617	4
638	25623	4
638	25718	4
638	25994	4
638	26016	4
638	26058	4
638	26254	4
638	26448	4
638	26670	4
638	26689	4
638	26890	4
638	27065	4
638	27196	4
638	27291	4
638	27308	4
638	27327	4
638	27355	4
638	27544	4
638	27642	4
638	27665	4
638	27783	4
638	27855	4
638	27940	4
638	28020	4
638	28058	4
638	28548	4
638	28804	4
638	29007	4
638	29474	4
638	29536	4
638	29769	4
638	29952	4
638	30120	4
638	30335	4
638	30405	4
638	30608	4
638	30828	4
638	31062	4
638	31173	4
638	31204	4
638	31228	4
638	31349	4
638	31621	4
638	32287	4
638	32301	4
638	32308	4
638	32311	4
638	32313	4
638	32314	4
638	32640	4
638	32727	4
638	32789	4
638	32793	4
638	32794	4
638	32804	4
638	32943	4
638	32984	4
638	32987	4
638	33936	4
638	33979	4
638	34031	4
638	34033	4
638	34041	4
638	34108	4
638	34114	4
638	34115	4
638	34117	4
638	34122	4
638	34197	4
638	34200	4
638	34202	4
638	34205	4
638	34207	4
638	34209	4
638	34210	4
638	34215	4
638	34218	4
638	34220	4
638	34221	4
638	34224	4
638	34226	4
638	34227	4
638	34228	4
638	34229	4
638	34230	4
638	34231	4
638	34235	4
638	34236	4
638	34239	4
638	34242	4
638	34243	4
638	34245	4
638	34247	4
638	34249	4
638	34250	4
638	34251	4
638	34253	4
638	34254	4
638	34259	4
638	34261	4
638	34262	4
638	34263	4
638	34266	4
638	34267	4
638	34269	4
638	34273	4
638	34274	4
638	34275	4
638	34277	4
638	34278	4
638	34279	4
638	34280	4
638	34282	4
638	34284	4
638	34285	4
638	34287	4
638	34289	4
638	34291	4
638	34292	4
638	34293	4
638	34294	4
638	34295	4
638	34296	4
638	34298	4
638	34299	4
638	34300	4
638	34304	4
638	34305	4
638	34307	4
638	34310	4
638	44992	4
638	44993	4
638	46298	4
638	46301	4
638	46308	4
638	46345	4
638	46354	4
638	46377	4
638	46436	4
638	46454	4
638	46468	4
638	46472	4
638	46617	4
638	46634	4
638	46703	4
638	46756	4
638	46772	4
638	46822	4
638	46865	4
638	46904	4
638	46915	4
638	46954	4
638	47068	4
638	47187	4
638	47188	4
638	47197	4
638	47200	4
638	47219	4
638	47273	4
638	47287	4
638	47411	4
638	47438	4
638	47560	4
638	47657	4
638	47671	4
638	47809	4
638	47836	4
638	47900	4
638	48088	4
638	48154	4
638	48469	4
638	48635	4
638	48836	4
638	48874	4
638	49178	4
638	49183	4
638	49788	4
638	49920	4
638	50025	4
638	50308	4
638	50423	4
638	50464	4
638	50848	4
638	51082	4
638	51493	4
638	51783	4
638	51786	4
638	51799	4
638	51824	4
638	52004	4
638	52083	4
638	52097	4
638	53023	4
638	53092	4
638	53093	4
638	53095	4
638	53098	4
638	53362	4
638	53870	4
638	54475	4
638	54631	4
638	54827	4
638	54848	4
638	55307	4
638	55327	4
638	55511	4
638	56782	4
638	56869	4
638	56933	4
638	57452	4
638	57786	4
638	58601	4
638	58703	4
638	59565	4
638	60047	4
638	60048	4
638	60056	4
638	60058	4
638	60065	4
638	60429	4
638	60561	4
638	60903	4
638	60950	4
638	61232	4
638	61264	4
638	61337	4
638	61557	4
638	62265	4
638	62386	4
638	63195	4
638	63197	4
638	63204	4
638	63205	4
638	63210	4
638	63212	4
638	63241	4
638	63251	4
638	63347	4
638	63615	4
638	63617	4
638	63620	4
638	63622	4
638	63624	4
638	63625	4
638	63631	4
638	63635	4
638	63637	4
638	63640	4
638	63641	4
638	63643	4
638	63645	4
638	63646	4
638	63647	4
638	63648	4
638	63650	4
638	63652	4
638	63654	4
638	63655	4
638	63658	4
638	63659	4
638	63664	4
638	63666	4
638	63667	4
638	63674	4
638	63675	4
638	63677	4
638	63682	4
638	63687	4
638	63690	4
638	63691	4
638	63692	4
638	63697	4
638	63698	4
638	63699	4
638	63700	4
638	63707	4
638	63709	4
638	63710	4
638	63713	4
638	63714	4
638	63718	4
638	63719	4
638	63721	4
638	63722	4
638	63723	4
638	63724	4
638	63725	4
638	63727	4
638	63729	4
638	63731	4
638	63734	4
638	63735	4
638	63736	4
638	63737	4
638	63739	4
638	63740	4
638	63743	4
638	63744	4
638	63745	4
638	63746	4
638	63747	4
638	63749	4
638	63750	4
638	63751	4
638	63752	4
638	63759	4
638	63762	4
638	63763	4
638	63764	4
638	63765	4
638	63767	4
638	63770	4
638	63772	4
638	63774	4
638	63778	4
638	63780	4
638	63783	4
638	63784	4
638	71359	4
638	71636	4
638	72106	4
638	72212	4
638	72667	4
638	72687	4
638	73817	4
638	74699	4
638	75868	4
638	75956	4
638	75957	4
638	75960	4
638	75961	4
638	75962	4
638	75963	4
638	75966	4
638	75967	4
638	75969	4
638	75971	4
638	75972	4
639	277	4
639	786	4
639	1058	4
639	1066	4
639	1700	4
639	1703	4
639	1868	4
639	1869	4
639	1870	4
639	9313	4
639	9314	4
639	9317	4
639	19929	4
639	19974	4
639	19975	4
639	27832	4
639	27967	4
639	30668	4
639	30679	4
639	31002	4
639	31074	4
639	31077	4
639	31081	4
639	33569	4
639	33590	4
639	34333	4
639	34340	4
639	34341	4
639	34342	4
639	34344	4
639	34346	4
639	34347	4
639	34350	4
639	34352	4
639	34353	4
639	34354	4
639	34355	4
639	34356	4
639	34357	4
639	34358	4
639	34359	4
639	46787	4
639	47187	4
639	47723	4
639	48082	4
639	48108	4
639	48219	4
639	50419	4
639	51073	4
639	52380	4
639	52802	4
639	52808	4
639	52810	4
639	52813	4
639	52821	4
639	52823	4
639	53532	4
639	53535	4
639	53538	4
639	53545	4
639	53548	4
639	53786	4
639	54554	4
639	55667	4
639	57555	4
639	57811	4
639	57812	4
639	57827	4
639	58550	4
639	58923	4
639	59339	4
639	59694	4
639	61101	4
639	62025	4
639	62660	4
639	62678	4
639	63467	4
639	63847	4
639	63848	4
639	63850	4
639	63856	4
639	63857	4
639	63858	4
639	63860	4
639	63862	4
639	63863	4
639	63871	4
639	63872	4
639	63876	4
639	63878	4
639	63885	4
639	63887	4
639	63888	4
639	63893	4
639	63894	4
639	63895	4
639	63897	4
639	63898	4
639	63900	4
639	63901	4
639	63902	4
639	63904	4
639	63905	4
639	63909	4
639	63913	4
639	63914	4
639	63915	4
639	63916	4
639	63917	4
639	63918	4
639	63919	4
639	63921	4
639	63923	4
639	63929	4
639	63930	4
639	63936	4
639	63937	4
639	63938	4
639	63939	4
639	63940	4
639	72895	4
639	73961	4
639	74901	4
639	75440	4
639	75771	4
639	75980	4
639	75981	4
639	75984	4
639	75985	4
639	75988	4
639	75989	4
639	75991	4
640	9041	4
640	16163	4
640	28739	4
640	28944	4
640	29487	4
640	30195	4
640	32482	4
640	34153	4
640	34361	4
640	34362	4
640	51144	4
640	54278	4
640	54909	4
640	56403	4
640	59022	4
641	30256	4
641	46928	4
641	49708	4
642	34371	4
643	1875	4
643	1876	4
643	9036	4
643	9321	4
643	9323	4
643	19978	4
643	28938	4
643	49503	4
643	53815	4
643	54284	4
643	55278	4
643	56079	4
643	56896	4
643	59790	4
643	60599	4
643	60659	4
643	63972	4
643	63973	4
643	63978	4
644	18889	4
644	24062	4
644	24364	4
644	24650	4
644	24675	4
644	25072	4
644	25382	4
644	26923	4
644	30212	4
644	30944	4
644	34375	4
644	46343	4
644	46936	4
644	47446	4
644	48575	4
644	53044	4
644	63583	4
644	63984	4
645	15952	4
645	18917	4
645	18921	4
645	19980	4
645	23807	4
645	23816	4
645	23824	4
645	23832	4
645	23837	4
645	24092	4
645	24094	4
645	24132	4
645	24202	4
645	24451	4
645	24531	4
645	24542	4
645	25673	4
645	26041	4
645	26364	4
645	26599	4
645	27220	4
645	27274	4
645	27590	4
645	27593	4
645	29962	4
645	30176	4
645	30242	4
645	30791	4
645	31841	4
645	33094	4
645	33694	4
645	34379	4
645	34380	4
645	34382	4
645	34384	4
645	34386	4
645	46484	4
645	46592	4
645	46643	4
645	47489	4
645	47558	4
645	47560	4
645	47614	4
645	48099	4
645	48134	4
645	48316	4
645	48495	4
645	48567	4
645	48651	4
645	48886	4
645	48923	4
645	49149	4
645	49191	4
645	49572	4
645	49845	4
645	50445	4
645	50464	4
645	50599	4
645	50709	4
645	51884	4
645	52149	4
645	52240	4
645	52302	4
645	52672	4
645	53294	4
645	53518	4
645	53570	4
645	54046	4
645	55401	4
645	56479	4
645	59127	4
645	61015	4
645	61610	4
645	63985	4
645	63986	4
645	63990	4
645	63995	4
645	63996	4
645	71228	4
645	71345	4
645	71452	4
645	74977	4
645	75407	4
645	76001	4
646	1879	4
646	18934	4
646	25640	4
646	28473	4
646	29984	4
646	34388	4
646	34390	4
646	56454	4
646	57763	4
646	63998	4
646	63999	4
646	64000	4
647	19981	4
647	23880	4
647	24499	4
647	25841	4
647	27359	4
647	30238	4
647	34394	4
647	34395	4
647	34399	4
647	50016	4
647	64005	4
647	64006	4
647	64011	4
647	64014	4
647	64016	4
647	64019	4
647	71214	4
647	73513	4
647	74656	4
647	76003	4
647	76006	4
648	1882	4
648	9325	4
648	18872	4
648	19607	4
648	19984	4
648	19985	4
648	28548	4
648	32289	4
648	32812	4
648	34205	4
648	34413	4
648	34414	4
648	34415	4
648	34417	4
648	34419	4
648	49271	4
648	60063	4
648	63668	4
648	63759	4
648	64040	4
650	1886	4
650	9326	4
650	9330	4
650	9331	4
650	9335	4
650	16166	4
650	16170	4
650	16171	4
650	19422	4
650	19987	4
650	19988	4
650	19989	4
650	24262	4
650	24697	4
650	25105	4
650	25504	4
650	26008	4
650	26010	4
650	26399	4
650	26431	4
650	27558	4
650	27992	4
650	28597	4
650	28650	4
650	28776	4
650	30084	4
650	32142	4
650	32148	4
650	32150	4
650	32738	4
650	32742	4
650	32748	4
650	32844	4
650	33308	4
650	33612	4
650	33615	4
650	34142	4
650	34423	4
650	34424	4
650	34426	4
650	34427	4
650	34428	4
650	34432	4
650	34435	4
650	34438	4
650	34439	4
650	34440	4
650	34443	4
650	34444	4
650	34445	4
650	34446	4
650	34448	4
650	34453	4
650	34454	4
650	34456	4
650	34461	4
650	34463	4
650	34464	4
650	34466	4
650	34468	4
650	44999	4
650	45002	4
650	47736	4
650	48092	4
650	48555	4
650	49548	4
650	50370	4
650	50473	4
650	52748	4
650	53082	4
650	54149	4
650	54155	4
650	54252	4
650	54317	4
650	54367	4
650	57036	4
650	57645	4
650	59814	4
650	61267	4
650	62402	4
650	62595	4
650	63525	4
650	64047	4
650	64050	4
650	64053	4
650	64057	4
650	64058	4
650	64060	4
650	64061	4
650	64065	4
650	64068	4
650	64070	4
650	64071	4
650	64075	4
650	64076	4
650	64082	4
650	64087	4
650	64089	4
650	64090	4
650	64091	4
650	64092	4
650	64093	4
650	64094	4
650	64095	4
650	64098	4
650	64102	4
650	64103	4
650	64104	4
650	64106	4
650	64107	4
650	64110	4
650	64112	4
650	64115	4
650	64118	4
650	64119	4
650	71929	4
650	74623	4
650	75334	4
650	76012	4
650	76013	4
650	76016	4
650	76018	4
650	76021	4
650	76024	4
650	76025	4
650	76026	4
650	76027	4
650	76029	4
650	76030	4
650	76033	4
650	76036	4
650	76037	4
650	76038	4
650	76039	4
650	76040	4
650	76042	4
650	76043	4
650	76044	4
650	76046	4
650	76048	4
650	76049	4
651	216	4
651	804	4
651	16172	4
651	16173	4
651	25332	4
651	29277	4
651	47033	4
651	48527	4
651	59634	4
651	64122	4
651	64123	4
651	71693	4
651	71965	4
651	76051	4
652	1028	4
652	9336	4
652	19991	4
652	24144	4
652	24149	4
652	24578	4
652	25056	4
652	25556	4
652	25562	4
652	25761	4
652	25837	4
652	27234	4
652	29058	4
652	29948	4
652	30239	4
652	30870	4
652	31156	4
652	34469	4
652	47042	4
652	47066	4
652	47403	4
652	48459	4
652	49513	4
652	50820	4
652	51055	4
652	51065	4
652	51411	4
652	51420	4
652	52713	4
652	53894	4
652	54465	4
652	55235	4
652	57094	4
652	57222	4
652	57928	4
652	60576	4
652	60889	4
652	61166	4
652	62272	4
652	71210	4
653	1889	4
653	23818	4
653	24165	4
653	24179	4
653	25360	4
653	25368	4
653	26017	4
653	27057	4
653	27099	4
653	29342	4
653	29399	4
653	30352	4
653	31794	4
653	34474	4
653	34476	4
653	34477	4
653	46618	4
653	47018	4
653	47053	4
653	47063	4
653	47397	4
653	47403	4
653	47407	4
653	47536	4
653	48994	4
653	49030	4
653	50084	4
653	50529	4
653	52608	4
653	60777	4
653	61557	4
653	64133	4
653	64134	4
653	64135	4
653	64136	4
653	64137	4
653	64138	4
653	64139	4
654	248	4
654	321	4
654	23822	4
654	25531	4
654	25657	4
654	26285	4
654	26306	4
654	26365	4
654	27047	4
654	27160	4
654	27546	4
654	28659	4
654	28663	4
654	29946	4
654	31435	4
654	31758	4
654	33231	4
654	34480	4
654	46499	4
654	46675	4
654	46765	4
654	46956	4
654	47052	4
654	47347	4
654	47348	4
654	47895	4
654	47972	4
654	48144	4
654	48347	4
654	48571	4
654	48572	4
654	48723	4
654	48757	4
654	48842	4
654	48852	4
654	48886	4
654	48936	4
654	49029	4
654	49071	4
654	49140	4
654	49274	4
654	49357	4
654	49500	4
654	49605	4
654	50058	4
654	50075	4
654	50134	4
654	50179	4
654	50407	4
654	50430	4
654	50956	4
654	51038	4
654	51295	4
654	51376	4
654	51415	4
654	51554	4
654	51628	4
654	51629	4
654	51634	4
654	51637	4
654	51668	4
654	51671	4
654	51676	4
654	51677	4
654	52226	4
654	52304	4
654	52599	4
654	53057	4
654	53305	4
654	53577	4
654	53584	4
654	53620	4
654	53707	4
654	53771	4
654	54058	4
654	54162	4
654	54187	4
654	55198	4
654	55201	4
654	55498	4
654	56775	4
654	56880	4
654	57381	4
654	58235	4
654	58238	4
654	58251	4
654	58379	4
654	58916	4
654	58933	4
654	58952	4
654	59056	4
654	59491	4
654	61182	4
654	61817	4
654	61897	4
654	62385	4
654	62617	4
654	63564	4
654	64142	4
654	64143	4
654	64144	4
654	64146	4
654	64153	4
654	64156	4
654	64157	4
654	64158	4
654	64161	4
654	64162	4
654	64164	4
654	64166	4
654	64171	4
654	64173	4
654	64175	4
654	71629	4
655	12	4
655	9343	4
655	19049	4
655	23980	4
655	28017	4
655	32289	4
655	32296	4
655	34413	4
655	34481	4
655	34482	4
655	55975	4
655	60064	4
655	63697	4
655	64179	4
655	64182	4
655	64186	4
655	64187	4
655	64190	4
655	64192	4
655	64193	4
655	64194	4
655	64197	4
655	64199	4
656	344	4
656	9256	4
656	9344	4
656	9346	4
656	15754	4
656	18825	4
656	18872	4
656	19247	4
656	23690	4
656	23698	4
656	23761	4
656	23926	4
656	24027	4
656	24319	4
656	24329	4
656	24644	4
656	24734	4
656	24735	4
656	24760	4
656	24865	4
656	24902	4
656	24954	4
656	25342	4
656	25776	4
656	26251	4
656	26265	4
656	27360	4
656	28489	4
656	29012	4
656	30116	4
656	31628	4
656	32315	4
656	32340	4
656	33327	4
656	33976	4
656	34487	4
656	34488	4
656	34489	4
656	34490	4
656	34494	4
656	46326	4
656	46603	4
656	46617	4
656	46618	4
656	46682	4
656	46700	4
656	46832	4
656	46839	4
656	46867	4
656	47139	4
656	47199	4
656	47288	4
656	47434	4
656	47438	4
656	47801	4
656	47824	4
656	48614	4
656	49098	4
656	49150	4
656	49243	4
656	49761	4
656	49769	4
656	50794	4
656	52129	4
656	52169	4
656	52232	4
656	53031	4
656	54669	4
656	55054	4
656	64202	4
656	64208	4
656	72592	4
656	74973	4
657	8932	4
657	23771	4
657	23783	4
657	23862	4
657	23866	4
657	23964	4
657	24437	4
657	24612	4
657	24692	4
657	25037	4
657	25145	4
657	25996	4
657	26337	4
657	27281	4
657	28310	4
657	34495	4
657	34496	4
657	46537	4
657	46579	4
657	50950	4
657	53507	4
657	63179	4
657	73784	4
658	1894	4
658	9350	4
658	9356	4
658	26391	4
658	28060	4
658	30343	4
658	32485	4
658	32859	4
658	34183	4
658	34500	4
658	34506	4
658	46828	4
658	48524	4
658	49885	4
658	51863	4
658	55272	4
658	56113	4
658	56116	4
658	58058	4
658	62138	4
658	64211	4
658	76061	4
659	9358	4
659	18827	4
659	23810	4
659	23816	4
659	23832	4
659	24227	4
659	24403	4
659	24412	4
659	24619	4
659	25001	4
659	25194	4
659	25491	4
659	26507	4
659	26603	4
659	26989	4
659	27336	4
659	27389	4
659	27588	4
659	27681	4
659	28261	4
659	28423	4
659	28435	4
659	28451	4
659	30543	4
659	31348	4
659	31719	4
659	31850	4
659	34510	4
659	34511	4
659	46495	4
659	46498	4
659	46502	4
659	46542	4
659	46556	4
659	46558	4
659	46568	4
659	46741	4
659	46759	4
659	46809	4
659	47368	4
659	47567	4
659	47588	4
659	47614	4
659	47708	4
659	47908	4
659	47983	4
659	47987	4
659	48318	4
659	50540	4
659	50682	4
659	50707	4
659	50726	4
659	51316	4
659	51322	4
659	51417	4
659	51754	4
659	51895	4
659	52076	4
659	52550	4
659	52672	4
659	53079	4
659	53504	4
659	53518	4
659	53612	4
659	53629	4
659	53658	4
659	54047	4
659	55928	4
659	56886	4
659	57360	4
659	59765	4
659	61328	4
659	62038	4
659	64222	4
659	64225	4
659	64230	4
659	64233	4
659	64237	4
660	1895	4
660	1897	4
660	27839	4
660	28070	4
660	28241	4
660	31080	4
660	31090	4
660	31110	4
660	31900	4
660	33574	4
660	33588	4
660	34516	4
660	34517	4
660	34519	4
660	34520	4
660	34523	4
660	48108	4
660	48112	4
660	57162	4
660	57179	4
660	62025	4
660	64242	4
660	64245	4
660	64248	4
660	64249	4
660	64250	4
660	64251	4
660	64252	4
660	64253	4
660	76063	4
660	76064	4
661	1903	4
661	1907	4
661	9050	4
661	9363	4
661	16177	4
661	16179	4
661	16181	4
661	16182	4
661	19996	4
661	24381	4
661	27218	4
661	27372	4
661	27759	4
661	27953	4
661	32283	4
661	34526	4
661	34527	4
661	34534	4
661	34536	4
661	34537	4
661	34538	4
661	34541	4
661	34542	4
661	34545	4
661	34547	4
661	34549	4
661	45006	4
661	45008	4
661	45009	4
661	47303	4
661	47309	4
661	51975	4
661	53016	4
661	53694	4
661	54094	4
661	54824	4
661	59019	4
661	59023	4
661	59029	4
661	59050	4
661	59051	4
661	59924	4
661	59930	4
661	62993	4
661	64260	4
661	64262	4
661	64264	4
661	64268	4
661	64271	4
661	64274	4
661	64280	4
661	64293	4
661	64294	4
661	64296	4
661	64298	4
661	64299	4
661	64301	4
661	64308	4
661	64309	4
661	64310	4
661	64313	4
661	64316	4
661	64318	4
661	64321	4
661	64323	4
661	64324	4
661	64325	4
661	64326	4
661	64327	4
661	64328	4
661	64331	4
661	64334	4
661	64338	4
661	64340	4
661	64341	4
661	64342	4
661	71327	4
661	72277	4
661	72282	4
661	76067	4
661	76069	4
661	76075	4
661	76076	4
661	76078	4
661	76080	4
661	76082	4
661	76085	4
661	76086	4
661	76088	4
661	76091	4
661	76092	4
661	76093	4
661	76095	4
661	76096	4
661	76099	4
661	76101	4
661	76102	4
661	76105	4
662	1741	4
662	9369	4
662	19998	4
662	19999	4
662	20001	4
662	25474	4
662	25976	4
662	27774	4
662	28054	4
662	29138	4
662	29182	4
662	29228	4
662	29231	4
662	31365	4
662	34406	4
662	34558	4
662	34559	4
662	34560	4
662	34562	4
662	34565	4
662	34567	4
662	46720	4
662	48645	4
662	49498	4
662	49506	4
662	49827	4
662	49878	4
662	49895	4
662	52756	4
662	53842	4
662	56037	4
662	56402	4
662	60676	4
662	61239	4
662	61681	4
662	61725	4
662	63539	4
662	63972	4
662	64348	4
662	64349	4
662	64351	4
662	64352	4
662	64353	4
662	64357	4
662	76107	4
662	76108	4
663	1910	4
663	1911	4
663	1913	4
663	26942	4
663	26947	4
663	26950	4
663	26963	4
663	34575	4
663	51273	4
663	64358	4
663	64360	4
663	72110	4
663	72120	4
664	8290	4
664	9371	4
664	9372	4
664	9374	4
664	16185	4
664	19150	4
664	20003	4
664	25805	4
664	29532	4
664	31338	4
664	34066	4
664	34586	4
664	34588	4
664	47743	4
664	48717	4
664	49099	4
664	50017	4
664	52008	4
664	53633	4
664	56420	4
664	64372	4
664	64374	4
664	64375	4
664	64376	4
664	64377	4
664	64384	4
664	72307	4
664	76116	4
664	76117	4
664	76120	4
665	9	4
665	9376	4
665	15855	4
665	23889	4
665	25006	4
665	26124	4
665	26798	4
665	27086	4
665	27210	4
665	31918	4
665	32020	4
665	33310	4
665	46490	4
665	46496	4
665	46497	4
665	46594	4
665	47352	4
665	47527	4
665	47602	4
665	48028	4
665	48649	4
665	49304	4
665	50076	4
665	50592	4
665	52513	4
665	52536	4
665	53588	4
665	59765	4
665	64385	4
665	64387	4
665	64388	4
665	64389	4
665	64390	4
666	1151	4
666	27772	4
666	27776	4
666	28038	4
666	29199	4
666	29473	4
666	29831	4
666	29998	4
666	30192	4
666	30450	4
666	30654	4
666	31109	4
666	31875	4
666	32905	4
666	33131	4
666	34598	4
666	34602	4
666	34604	4
666	34608	4
666	44873	4
666	50249	4
666	54289	4
666	54296	4
666	56397	4
666	56895	4
666	57168	4
666	57811	4
666	59346	4
666	64395	4
666	64402	4
666	64404	4
666	64405	4
666	76127	4
666	76128	4
666	76131	4
666	76132	4
667	844	4
667	1920	4
667	23727	4
667	24262	4
667	24276	4
667	25751	4
667	27564	4
667	27573	4
667	32359	4
667	34613	4
667	34614	4
667	47363	4
667	64406	4
667	64407	4
667	64408	4
667	64409	4
667	76133	4
668	19696	4
668	72925	4
669	9390	4
669	23846	4
669	23965	4
669	24178	4
669	24407	4
669	24506	4
669	24511	4
669	25144	4
669	25196	4
669	25487	4
669	25492	4
669	25625	4
669	25838	4
669	26515	4
669	28425	4
669	28932	4
669	29421	4
669	34622	4
669	34623	4
669	34625	4
669	34626	4
669	34629	4
669	46445	4
669	46496	4
669	46543	4
669	46548	4
669	46564	4
669	46574	4
669	47079	4
669	47399	4
669	47478	4
669	47581	4
669	47864	4
669	48040	4
669	48263	4
669	48483	4
669	48653	4
669	49773	4
669	50451	4
669	50547	4
669	52588	4
669	54369	4
669	55128	4
669	57015	4
669	59668	4
669	61487	4
669	64430	4
669	64431	4
669	64432	4
669	64433	4
669	64434	4
669	64437	4
669	64439	4
669	64441	4
669	64443	4
669	64444	4
669	64445	4
669	64446	4
669	64448	4
669	71337	4
669	71571	4
669	72413	4
669	72441	4
669	72889	4
669	73361	4
669	76136	4
669	76137	4
669	76138	4
670	1924	4
670	9393	4
670	19939	4
670	23711	4
670	26439	4
670	34638	4
670	34639	4
670	47372	4
670	48870	4
670	49874	4
670	51873	4
670	52191	4
670	52495	4
670	54050	4
670	63160	4
670	63161	4
670	64464	4
670	64465	4
670	71683	4
670	73505	4
670	75932	4
670	76140	4
670	76144	4
670	76148	4
670	76149	4
671	7720	4
671	9396	4
671	9397	4
671	16187	4
671	18899	4
671	18917	4
671	19020	4
671	19133	4
671	19492	4
671	20013	4
671	23771	4
671	23786	4
671	23810	4
671	23836	4
671	23866	4
671	23883	4
671	23895	4
671	23929	4
671	24093	4
671	24094	4
671	24334	4
671	24549	4
671	24556	4
671	25034	4
671	25204	4
671	25491	4
671	25499	4
671	25673	4
671	26281	4
671	26304	4
671	26569	4
671	27010	4
671	27525	4
671	27597	4
671	28262	4
671	28297	4
671	28407	4
671	28446	4
671	29956	4
671	31060	4
671	31839	4
671	32779	4
671	32865	4
671	34643	4
671	34646	4
671	34649	4
671	34651	4
671	34654	4
671	46441	4
671	46493	4
671	46522	4
671	46560	4
671	46955	4
671	47272	4
671	47415	4
671	47760	4
671	47949	4
671	48040	4
671	48635	4
671	48649	4
671	48653	4
671	48655	4
671	48803	4
671	49149	4
671	49206	4
671	49839	4
671	50664	4
671	51770	4
671	51990	4
671	52578	4
671	53611	4
671	55328	4
671	55797	4
671	61407	4
671	62257	4
671	64470	4
671	64472	4
671	64477	4
671	64480	4
671	64481	4
671	64482	4
671	64485	4
671	64489	4
671	64491	4
671	71388	4
671	72154	4
671	72249	4
671	72918	4
671	72968	4
671	73828	4
671	75188	4
671	75399	4
671	76151	4
671	76155	4
671	76159	4
671	76160	4
671	76162	4
672	144	4
672	1341	4
672	1933	4
672	1934	4
672	1935	4
672	1936	4
672	1939	4
672	1940	4
672	1943	4
672	1945	4
672	1946	4
672	9400	4
672	15668	4
672	18830	4
672	18945	4
672	19074	4
672	19100	4
672	19274	4
672	19296	4
672	23815	4
672	23837	4
672	25018	4
672	26800	4
672	27318	4
672	31339	4
672	34660	4
672	34662	4
672	34663	4
672	46567	4
672	48321	4
672	48722	4
672	50415	4
672	50425	4
672	50430	4
672	50540	4
672	50609	4
672	51648	4
672	51724	4
672	56124	4
672	56883	4
672	58192	4
672	58774	4
672	59613	4
672	64510	4
672	64512	4
672	64513	4
672	64514	4
672	64517	4
672	64521	4
672	64524	4
672	64525	4
672	64528	4
672	64530	4
673	1949	4
673	19201	4
673	23993	4
673	24832	4
673	25072	4
673	26531	4
673	27817	4
673	29007	4
673	29152	4
673	30261	4
673	49087	4
673	61227	4
673	71374	4
673	71957	4
673	72166	4
673	73516	4
673	76166	4
674	844	4
674	24163	4
674	27086	4
674	27624	4
674	28461	4
674	28903	4
674	29055	4
674	29441	4
674	29642	4
674	30598	4
674	32376	4
674	32385	4
674	32878	4
674	47066	4
674	48740	4
674	48857	4
674	48937	4
674	48975	4
674	50468	4
674	50968	4
674	51740	4
674	55709	4
674	60339	4
674	60546	4
674	62451	4
675	1954	4
675	1955	4
675	1958	4
675	9406	4
675	9408	4
675	16194	4
675	18812	4
675	18923	4
675	18945	4
675	19337	4
675	20021	4
675	20024	4
675	20025	4
675	24262	4
675	25566	4
675	26020	4
675	26371	4
675	28567	4
675	28650	4
675	29094	4
675	31113	4
675	31138	4
675	31930	4
675	32147	4
675	32746	4
675	32748	4
675	32751	4
675	32925	4
675	34290	4
675	34677	4
675	34678	4
675	34679	4
675	34680	4
675	34681	4
675	34686	4
675	34687	4
675	34691	4
675	34697	4
675	34701	4
675	46496	4
675	46551	4
675	46897	4
675	47284	4
675	47415	4
675	47822	4
675	48062	4
675	48088	4
675	48184	4
675	49548	4
675	50216	4
675	51534	4
675	51689	4
675	52144	4
675	52166	4
675	53420	4
675	53540	4
675	56016	4
675	56788	4
675	57147	4
675	57786	4
675	58100	4
675	58961	4
675	59822	4
675	60031	4
675	61026	4
675	61091	4
675	61102	4
675	61509	4
675	61557	4
675	62400	4
675	62614	4
675	64550	4
675	64553	4
675	64556	4
675	64562	4
675	64563	4
675	64566	4
675	64571	4
675	64573	4
675	64575	4
675	64577	4
675	64579	4
675	64580	4
675	64585	4
675	64586	4
675	64589	4
675	64592	4
675	64593	4
675	64595	4
675	64598	4
675	64599	4
675	64601	4
675	64602	4
675	64603	4
675	64612	4
675	64614	4
675	64619	4
675	71964	4
675	76172	4
675	76177	4
675	76178	4
675	76179	4
675	76182	4
675	76188	4
675	76190	4
675	76191	4
675	76192	4
675	76194	4
675	76195	4
676	411	4
676	1961	4
676	24023	4
676	24058	4
676	24666	4
676	27587	4
676	27888	4
676	34708	4
676	46344	4
676	46634	4
676	46915	4
676	47139	4
676	47200	4
676	47288	4
676	49657	4
676	51781	4
676	52109	4
676	52229	4
676	52319	4
676	52779	4
676	54085	4
676	54796	4
676	54803	4
676	55177	4
676	55797	4
676	60259	4
676	64454	4
676	64622	4
676	64623	4
676	64625	4
676	64626	4
676	64628	4
676	64629	4
676	64630	4
676	64632	4
677	1962	4
677	9410	4
677	24325	4
677	24655	4
677	25885	4
677	26910	4
677	26923	4
677	27133	4
677	27484	4
677	31355	4
677	33348	4
677	33992	4
677	34711	4
677	34713	4
677	46355	4
677	46393	4
677	46954	4
677	47760	4
677	48804	4
677	49407	4
677	49787	4
677	49788	4
677	51302	4
677	57072	4
677	64636	4
677	64639	4
677	64643	4
677	64645	4
677	64648	4
677	64649	4
677	72576	4
678	503	4
678	27614	4
678	33096	4
678	53064	4
678	64651	4
678	75170	4
679	1278	4
679	23985	4
679	34631	4
679	34719	4
679	34720	4
679	46703	4
679	64658	4
680	317	4
680	333	4
680	1966	4
680	1968	4
680	7814	4
680	8293	4
680	9416	4
680	19039	4
680	20028	4
680	20029	4
680	25104	4
680	26286	4
680	26377	4
680	26380	4
680	26391	4
680	27772	4
680	28414	4
680	28734	4
680	28736	4
680	30346	4
680	30497	4
680	32439	4
680	32628	4
680	32909	4
680	33139	4
680	33165	4
680	34159	4
680	34499	4
680	34727	4
680	34731	4
680	34732	4
680	34734	4
680	34737	4
680	44905	4
680	46349	4
680	49827	4
680	50222	4
680	50255	4
680	52171	4
680	53114	4
680	53134	4
680	53171	4
680	53475	4
680	54910	4
680	56023	4
680	56034	4
680	56905	4
680	56906	4
680	57669	4
680	60277	4
680	60297	4
680	60471	4
680	60615	4
680	61344	4
680	61677	4
680	63528	4
680	64666	4
680	64670	4
680	64672	4
680	64673	4
680	64676	4
680	64680	4
680	64684	4
680	72673	4
680	72992	4
680	73247	4
680	73773	4
680	74979	4
680	76205	4
680	76209	4
681	42	4
681	669	4
681	846	4
681	1970	4
681	18876	4
681	18942	4
681	23815	4
681	23837	4
681	23862	4
681	24093	4
681	24397	4
681	24541	4
681	25470	4
681	26594	4
681	27010	4
681	28314	4
681	32373	4
681	46490	4
681	46491	4
681	46548	4
681	47614	4
681	48757	4
681	51109	4
681	64705	4
681	72140	4
681	73404	4
681	74141	4
681	76217	4
682	18927	4
682	19006	4
682	19137	4
682	24122	4
682	25323	4
682	26683	4
682	28841	4
682	49004	4
682	56775	4
682	64710	4
682	64711	4
683	7871	4
683	25391	4
683	26081	4
683	26488	4
683	27329	4
683	46379	4
683	46620	4
683	47238	4
683	47675	4
683	47768	4
683	48582	4
683	51943	4
683	64736	4
683	71197	4
683	71939	4
683	76228	4
684	0	4
684	1973	4
684	24617	4
684	25489	4
684	26281	4
684	26843	4
684	29994	4
684	33234	4
684	34773	4
684	34774	4
684	34775	4
684	46740	4
684	47550	4
684	48572	4
684	49707	4
684	50551	4
684	54009	4
684	54182	4
684	58730	4
684	60706	4
684	60715	4
684	61539	4
684	61822	4
684	64737	4
684	64738	4
684	64740	4
684	64741	4
684	64742	4
684	64745	4
684	64748	4
684	64752	4
684	64753	4
684	76230	4
685	1974	4
685	1985	4
685	9429	4
685	16199	4
685	20036	4
685	20037	4
685	20041	4
685	20044	4
685	23970	4
685	23976	4
685	24363	4
685	24437	4
685	24476	4
685	25263	4
685	25299	4
685	25304	4
685	25601	4
685	25802	4
685	25970	4
685	26010	4
685	26808	4
685	27414	4
685	27535	4
685	28284	4
685	28300	4
685	28301	4
685	28309	4
685	28322	4
685	30087	4
685	32747	4
685	34067	4
685	34588	4
685	34780	4
685	34791	4
685	34796	4
685	34797	4
685	34799	4
685	34800	4
685	46680	4
685	46699	4
685	47187	4
685	47424	4
685	47941	4
685	49106	4
685	49109	4
685	49199	4
685	49204	4
685	49209	4
685	52051	4
685	53640	4
685	53644	4
685	55329	4
685	60826	4
685	60851	4
685	64755	4
685	64760	4
685	64763	4
685	64766	4
685	64771	4
685	71388	4
685	72299	4
685	72324	4
685	72976	4
685	76236	4
685	76241	4
685	76242	4
685	76244	4
686	16203	4
686	25855	4
686	30514	4
686	48892	4
686	57091	4
686	57886	4
686	60769	4
686	64792	4
686	64794	4
686	64796	4
686	64798	4
686	64800	4
686	64801	4
686	64804	4
686	64805	4
686	76254	4
687	34	4
687	7576	4
687	7760	4
687	7813	4
687	8165	4
687	19480	4
687	20045	4
687	20047	4
687	20049	4
687	24264	4
687	24748	4
687	24915	4
687	25101	4
687	25955	4
687	26160	4
687	26381	4
687	26744	4
687	28414	4
687	28738	4
687	28739	4
687	28743	4
687	29176	4
687	29196	4
687	29228	4
687	29964	4
687	30430	4
687	30439	4
687	30450	4
687	32209	4
687	32438	4
687	32976	4
687	33157	4
687	33300	4
687	33774	4
687	34807	4
687	34808	4
687	34809	4
687	34812	4
687	34814	4
687	34818	4
687	34819	4
687	46726	4
687	48114	4
687	50225	4
687	50238	4
687	50258	4
687	50260	4
687	51146	4
687	54898	4
687	54917	4
687	55275	4
687	55284	4
687	55476	4
687	56030	4
687	56403	4
687	56413	4
687	56798	4
687	57669	4
687	59022	4
687	59771	4
687	60605	4
687	61769	4
687	64807	4
687	64808	4
687	64811	4
687	64814	4
687	64818	4
687	64819	4
687	64820	4
687	64821	4
687	72123	4
687	73403	4
687	75213	4
687	75606	4
687	76259	4
687	76266	4
687	76269	4
687	76271	4
687	76272	4
688	43	4
688	1278	4
688	1989	4
688	23708	4
688	24082	4
688	24083	4
688	24245	4
688	27133	4
688	28416	4
688	29011	4
688	31631	4
688	46364	4
688	46713	4
688	47794	4
688	47850	4
688	49670	4
688	51188	4
688	52350	4
688	53434	4
688	54653	4
688	54657	4
688	55042	4
688	57985	4
688	61913	4
688	63790	4
688	64452	4
688	64822	4
688	64823	4
688	64824	4
688	64825	4
688	64826	4
688	64830	4
688	64831	4
688	64832	4
688	64833	4
688	64835	4
688	64842	4
688	74414	4
688	76273	4
688	76276	4
689	305	4
689	1152	4
689	1417	4
689	7546	4
689	23757	4
689	23766	4
689	23802	4
689	23996	4
689	24330	4
689	24364	4
689	25202	4
689	25276	4
689	26241	4
689	26492	4
689	29009	4
689	29314	4
689	31618	4
689	46342	4
689	46605	4
689	46623	4
689	46859	4
689	46933	4
689	46944	4
689	47115	4
689	47189	4
689	47211	4
689	47215	4
689	47289	4
689	47350	4
689	47373	4
689	49727	4
689	50648	4
689	53359	4
689	56176	4
689	62022	4
690	7756	4
690	9014	4
690	9446	4
690	9447	4
690	25468	4
690	28432	4
690	33066	4
690	56023	4
690	63553	4
690	64846	4
690	71220	4
691	871	4
691	23931	4
691	30482	4
691	34831	4
691	46301	4
691	46305	4
691	46467	4
691	46943	4
691	47200	4
691	47206	4
691	47228	4
691	47229	4
691	48622	4
691	49877	4
691	53933	4
691	55577	4
691	57529	4
691	60406	4
691	71636	4
691	72517	4
691	72520	4
691	72658	4
691	76281	4
692	9451	4
692	19220	4
692	25926	4
692	34837	4
692	47397	4
692	49621	4
692	50842	4
692	64876	4
692	64877	4
693	25765	4
693	25770	4
693	26457	4
693	29638	4
693	48321	4
693	48347	4
693	48495	4
693	49144	4
693	49158	4
693	49342	4
693	50417	4
693	51037	4
693	51072	4
693	58027	4
693	59234	4
693	62453	4
693	64881	4
693	64888	4
693	64889	4
693	64890	4
693	64891	4
693	64893	4
693	64896	4
694	1995	4
694	29416	4
694	30010	4
694	34844	4
694	34845	4
694	56182	4
694	64907	4
695	1998	4
695	8551	4
695	9454	4
695	9456	4
695	19929	4
695	20055	4
695	23857	4
695	23865	4
695	24062	4
695	24200	4
695	24531	4
695	24556	4
695	25227	4
695	25351	4
695	25462	4
695	25526	4
695	25562	4
695	25638	4
695	25747	4
695	25937	4
695	27058	4
695	27061	4
695	27234	4
695	29244	4
695	29658	4
695	31841	4
695	34662	4
695	34846	4
695	34849	4
695	46460	4
695	46616	4
695	47405	4
695	48352	4
695	48975	4
695	49122	4
695	49149	4
695	51393	4
695	51396	4
695	51399	4
695	51411	4
695	54683	4
695	55717	4
695	56816	4
695	59616	4
695	61617	4
695	62661	4
695	64909	4
695	64913	4
695	64914	4
695	64915	4
695	64916	4
695	64917	4
695	64918	4
695	71388	4
695	76286	4
696	137	4
696	287	4
696	592	4
696	628	4
696	9457	4
696	18879	4
696	19076	4
696	24940	4
696	31922	4
696	34854	4
696	46490	4
696	56246	4
696	56372	4
696	60839	4
696	64921	4
696	64922	4
696	64923	4
696	71253	4
696	71309	4
696	71773	4
697	8300	4
697	47745	4
697	49243	4
697	53434	4
698	19425	4
698	25356	4
698	25853	4
698	25948	4
698	26734	4
698	48742	4
698	49004	4
698	50009	4
698	51012	4
698	53926	4
698	54693	4
698	54932	4
698	55155	4
698	55226	4
698	60346	4
698	60477	4
698	61324	4
698	63024	4
698	64925	4
698	64927	4
698	64929	4
698	64932	4
698	71859	4
699	117	4
699	23791	4
699	24718	4
699	24745	4
699	29148	4
699	32436	4
699	33411	4
699	33690	4
699	33823	4
699	34859	4
699	34860	4
699	34865	4
699	34869	4
699	34873	4
699	46301	4
699	46357	4
699	46367	4
699	46377	4
699	46589	4
699	46850	4
699	47198	4
699	47438	4
699	47665	4
699	48817	4
699	49194	4
699	49869	4
699	51915	4
699	52015	4
699	57319	4
699	60073	4
699	64096	4
699	64939	4
699	64941	4
699	64949	4
699	64950	4
699	64953	4
699	64955	4
699	71470	4
699	75750	4
699	76294	4
700	8515	4
700	24060	4
700	30121	4
700	48828	4
700	60112	4
700	76299	4
701	47597	4
701	64978	4
701	64979	4
702	1	4
702	7	4
702	1765	4
702	2004	4
702	18876	4
702	19096	4
702	23782	4
702	23819	4
702	23874	4
702	24506	4
702	24541	4
702	25144	4
702	26335	4
702	28199	4
702	34888	4
702	47475	4
702	52590	4
702	53682	4
702	56589	4
702	64983	4
702	71356	4
702	76302	4
702	76304	4
702	76305	4
703	744	4
703	8631	4
703	9466	4
703	23819	4
703	25002	4
703	25467	4
703	25479	4
703	26591	4
703	27280	4
703	27555	4
703	28211	4
703	28434	4
703	30790	4
703	32614	4
703	34906	4
703	34907	4
703	46548	4
703	50950	4
703	53679	4
703	56501	4
703	59627	4
703	71357	4
703	71741	4
703	75950	4
704	9469	4
704	15632	4
704	20061	4
704	25842	4
704	28632	4
704	53072	4
704	55705	4
704	65011	4
704	65014	4
704	65016	4
704	71337	4
704	74126	4
704	74995	4
704	75808	4
704	76310	4
704	76317	4
704	76320	4
704	76321	4
704	76328	4
705	19903	4
705	28818	4
705	28821	4
705	28921	4
705	30061	4
705	30175	4
705	33880	4
705	34917	4
705	34918	4
705	34920	4
705	46836	4
705	46966	4
705	57907	4
705	62825	4
705	65030	4
705	65032	4
705	65033	4
705	74011	4
706	82	4
706	184	4
706	524	4
706	1602	4
706	2010	4
706	2012	4
706	18922	4
706	19383	4
706	23719	4
706	23735	4
706	23845	4
706	23913	4
706	24168	4
706	24170	4
706	24173	4
706	24532	4
706	25113	4
706	25155	4
706	25190	4
706	25329	4
706	25330	4
706	25333	4
706	25368	4
706	25526	4
706	25527	4
706	25556	4
706	25665	4
706	25776	4
706	25935	4
706	25953	4
706	26002	4
706	26585	4
706	26780	4
706	26785	4
706	27071	4
706	27072	4
706	27083	4
706	27457	4
706	27488	4
706	27912	4
706	28193	4
706	28468	4
706	28756	4
706	28865	4
706	29052	4
706	29381	4
706	29387	4
706	29399	4
706	29642	4
706	30726	4
706	30873	4
706	31458	4
706	32378	4
706	32616	4
706	33376	4
706	33527	4
706	33628	4
706	34922	4
706	34925	4
706	34927	4
706	34928	4
706	34930	4
706	34931	4
706	34933	4
706	34935	4
706	34936	4
706	34939	4
706	34941	4
706	34942	4
706	45024	4
706	47017	4
706	48463	4
706	48486	4
706	49012	4
706	49036	4
706	49040	4
706	49152	4
706	49582	4
706	50562	4
706	50835	4
706	51036	4
706	51061	4
706	51410	4
706	51454	4
706	52097	4
706	52365	4
706	52423	4
706	52475	4
706	52690	4
706	52741	4
706	52751	4
706	54344	4
706	54688	4
706	54892	4
706	54962	4
706	55068	4
706	55534	4
706	56816	4
706	56848	4
706	56987	4
706	57485	4
706	58058	4
706	60750	4
706	60777	4
706	62277	4
706	64210	4
706	65035	4
706	65037	4
706	65043	4
706	65046	4
706	65049	4
706	71723	4
706	73280	4
706	74998	4
706	75003	4
706	76334	4
706	76335	4
706	76337	4
706	76340	4
707	1547	4
707	28054	4
707	29148	4
707	65053	4
708	601	4
708	1589	4
708	2016	4
708	2018	4
708	2022	4
708	2023	4
708	7964	4
708	8927	4
708	9253	4
708	9476	4
708	9477	4
708	9478	4
708	9479	4
708	9480	4
708	9482	4
708	19920	4
708	20069	4
708	20070	4
708	20071	4
708	24404	4
708	24767	4
708	25363	4
708	25969	4
708	27934	4
708	28319	4
708	29228	4
708	29607	4
708	32438	4
708	33068	4
708	34947	4
708	34951	4
708	46618	4
708	46720	4
708	49700	4
708	50230	4
708	50258	4
708	50310	4
708	54496	4
708	54881	4
708	55048	4
708	57532	4
708	59952	4
708	60297	4
708	60454	4
708	65056	4
708	71484	4
708	73803	4
708	74812	4
708	74978	4
708	75085	4
708	75121	4
708	76343	4
708	76347	4
708	76348	4
709	2024	4
709	9483	4
709	20072	4
709	24163	4
709	25175	4
709	25323	4
709	25527	4
709	25556	4
709	25562	4
709	25706	4
709	25892	4
709	26230	4
709	26772	4
709	27067	4
709	28557	4
709	28649	4
709	29274	4
709	29432	4
709	29885	4
709	30424	4
709	32375	4
709	32378	4
709	34955	4
709	44687	4
709	45026	4
709	46793	4
709	47017	4
709	47040	4
709	50011	4
709	51085	4
709	53394	4
709	54229	4
709	54854	4
709	59519	4
709	60340	4
709	61604	4
709	65065	4
709	65068	4
709	65069	4
709	65073	4
709	65075	4
709	65080	4
709	76350	4
709	76351	4
710	501	4
710	2026	4
710	46334	4
710	46457	4
710	46472	4
710	47211	4
710	47284	4
710	52150	4
710	55144	4
711	1509	4
711	27913	4
711	28555	4
711	29032	4
711	34960	4
712	463	4
712	9485	4
712	9486	4
712	20073	4
712	20074	4
712	34964	4
712	34965	4
712	34968	4
712	46643	4
712	53260	4
712	56788	4
712	65095	4
712	65098	4
712	65099	4
712	65100	4
712	65101	4
712	65102	4
713	29010	4
713	51943	4
713	52410	4
714	9487	4
714	19979	4
714	20079	4
714	34977	4
714	34978	4
714	34981	4
714	45030	4
714	50450	4
714	53981	4
714	55401	4
714	65109	4
714	65112	4
714	65117	4
714	65119	4
714	65123	4
714	65126	4
714	65128	4
714	65134	4
714	65136	4
714	65137	4
714	65145	4
714	65149	4
715	10	4
715	19283	4
715	24553	4
715	30218	4
715	34994	4
715	34995	4
715	34996	4
715	34998	4
715	47023	4
715	49150	4
715	60221	4
715	61219	4
715	62975	4
715	65170	4
715	65173	4
715	76372	4
716	388	4
716	2035	4
716	2036	4
716	16216	4
716	23813	4
716	23885	4
716	24012	4
716	25469	4
716	25533	4
716	35000	4
716	35001	4
716	35002	4
716	35003	4
716	35007	4
716	46654	4
716	46813	4
716	47347	4
716	47545	4
716	47550	4
716	47558	4
716	47580	4
716	47599	4
716	48651	4
716	48679	4
716	49301	4
716	49309	4
716	49321	4
716	49343	4
716	49357	4
716	50067	4
716	50405	4
716	51288	4
716	51569	4
716	52191	4
716	53080	4
716	54015	4
716	57380	4
716	57940	4
716	58251	4
716	58348	4
716	61178	4
716	61186	4
716	62617	4
716	63894	4
716	65176	4
716	65178	4
716	65179	4
716	65184	4
716	65185	4
716	65188	4
716	65193	4
716	65195	4
716	65196	4
716	71218	4
716	72141	4
716	72377	4
716	72899	4
716	74795	4
716	76373	4
716	76374	4
717	2037	4
717	19366	4
717	20084	4
717	65203	4
717	65205	4
717	65206	4
717	65207	4
718	23759	4
718	23767	4
718	24334	4
718	24730	4
718	27520	4
718	51166	4
719	2042	4
719	2043	4
719	2044	4
719	9492	4
719	9493	4
719	19359	4
719	30688	4
719	31092	4
719	32834	4
719	33543	4
719	35015	4
719	53538	4
719	53777	4
719	57801	4
719	58980	4
719	58984	4
719	58985	4
719	58986	4
719	58998	4
719	61045	4
719	62195	4
719	62318	4
719	62320	4
719	62359	4
719	62362	4
719	62678	4
719	63035	4
719	63411	4
719	65211	4
719	65214	4
719	65215	4
719	65216	4
719	65218	4
719	65230	4
719	65233	4
719	65235	4
719	65238	4
719	65239	4
719	65240	4
719	65241	4
719	65245	4
719	65247	4
719	65249	4
719	65257	4
719	65258	4
719	65261	4
719	65262	4
719	65265	4
719	65268	4
719	65272	4
719	65288	4
719	65289	4
719	73942	4
719	73972	4
719	76128	4
719	76385	4
719	76390	4
719	76391	4
719	76393	4
719	76400	4
719	76401	4
720	1025	4
720	2045	4
720	7684	4
720	7928	4
720	9496	4
720	20088	4
720	23696	4
720	23740	4
720	24562	4
720	25112	4
720	25336	4
720	25464	4
720	25631	4
720	25842	4
720	25914	4
720	26232	4
720	26421	4
720	26465	4
720	26717	4
720	26719	4
720	26725	4
720	26730	4
720	27079	4
720	27098	4
720	28873	4
720	31199	4
720	32829	4
720	33700	4
720	34124	4
720	34137	4
720	34940	4
720	35025	4
720	35029	4
720	35031	4
720	35033	4
720	35034	4
720	35037	4
720	46743	4
720	46755	4
720	46765	4
720	47009	4
720	47017	4
720	47045	4
720	47052	4
720	47405	4
720	48723	4
720	48740	4
720	48859	4
720	48886	4
720	48896	4
720	49435	4
720	49618	4
720	50748	4
720	50937	4
720	50943	4
720	51410	4
720	51446	4
720	51478	4
720	51491	4
720	52458	4
720	52520	4
720	52870	4
720	54134	4
720	54389	4
720	55044	4
720	55133	4
720	55529	4
720	57013	4
720	58095	4
720	59280	4
720	61015	4
720	61196	4
720	63451	4
720	65299	4
720	65301	4
720	65312	4
720	65313	4
720	65314	4
720	65318	4
720	65324	4
720	65331	4
720	65332	4
720	65333	4
720	65334	4
720	65335	4
720	65336	4
720	65338	4
720	71555	4
720	71723	4
720	72792	4
720	75505	4
720	76406	4
721	25356	4
721	35045	4
722	1467	4
722	30689	4
722	32675	4
722	55146	4
722	65348	4
723	2048	4
723	18877	4
723	24566	4
723	27693	4
723	27696	4
723	29612	4
723	31339	4
723	31603	4
723	31605	4
723	33445	4
723	35048	4
723	35050	4
723	35052	4
723	35053	4
723	35054	4
723	48042	4
723	48722	4
723	49339	4
723	49902	4
723	49906	4
723	49980	4
723	52160	4
723	52636	4
723	55419	4
723	55420	4
723	55427	4
723	55430	4
723	55440	4
723	55443	4
723	55637	4
723	58418	4
723	58614	4
723	58662	4
723	61669	4
723	65352	4
723	65354	4
723	65357	4
723	65358	4
723	65361	4
723	76411	4
723	76412	4
724	32513	4
724	35055	4
724	35057	4
724	35062	4
724	35063	4
724	45037	4
724	45039	4
724	54283	4
724	61413	4
724	61415	4
724	61421	4
724	65366	4
724	65367	4
724	76417	4
725	2050	4
725	2051	4
725	2054	4
725	9505	4
725	20089	4
725	24088	4
725	28814	4
725	29755	4
725	29756	4
725	29763	4
725	31155	4
725	31159	4
725	33377	4
725	35065	4
725	35066	4
725	35067	4
725	35068	4
725	35071	4
725	35077	4
725	35079	4
725	35080	4
725	35081	4
725	35083	4
725	46966	4
725	55751	4
725	62011	4
725	62016	4
725	62819	4
725	65382	4
725	65383	4
725	65385	4
725	65386	4
725	65388	4
725	65391	4
725	65393	4
725	76421	4
725	76424	4
726	849	4
726	2055	4
726	2056	4
726	20091	4
726	23822	4
726	24122	4
726	24437	4
726	24724	4
726	24825	4
726	25522	4
726	25873	4
726	25880	4
726	29461	4
726	29562	4
726	35086	4
726	35087	4
726	35089	4
726	35090	4
726	46301	4
726	46574	4
726	46616	4
726	46851	4
726	46859	4
726	46932	4
726	47222	4
726	47289	4
726	47355	4
726	47653	4
726	47696	4
726	47838	4
726	48366	4
726	48603	4
726	48618	4
726	48814	4
726	49826	4
726	49956	4
726	50318	4
726	51873	4
726	52186	4
726	52248	4
726	52253	4
726	52300	4
726	52575	4
726	57118	4
726	57293	4
726	65394	4
726	65398	4
726	71647	4
726	71809	4
726	73572	4
727	7908	4
727	15859	4
728	8023	4
728	8433	4
728	9507	4
728	18815	4
728	19197	4
728	20093	4
728	20097	4
728	23802	4
728	23914	4
728	24245	4
728	24333	4
728	24777	4
728	24857	4
728	25208	4
728	25622	4
728	25885	4
728	26525	4
728	27196	4
728	27371	4
728	27964	4
728	28473	4
728	28804	4
728	29293	4
728	29310	4
728	29316	4
728	29626	4
728	30084	4
728	31685	4
728	32747	4
728	34425	4
728	34429	4
728	35094	4
728	35097	4
728	35099	4
728	35101	4
728	35103	4
728	35104	4
728	35105	4
728	35106	4
728	46420	4
728	46438	4
728	46634	4
728	46938	4
728	47194	4
728	47411	4
728	47439	4
728	47726	4
728	48523	4
728	48555	4
728	48832	4
728	49667	4
728	50799	4
728	53191	4
728	53248	4
728	54029	4
728	54317	4
728	54641	4
728	57118	4
728	57268	4
728	59386	4
728	60842	4
728	61260	4
728	62402	4
728	64621	4
728	65405	4
728	65406	4
728	65407	4
728	65408	4
728	65409	4
728	65411	4
728	65413	4
728	65414	4
728	65417	4
728	65418	4
728	65419	4
728	65420	4
728	65421	4
728	65423	4
728	65424	4
728	76436	4
728	76439	4
728	76440	4
729	73	4
729	119	4
729	670	4
729	9509	4
729	18968	4
729	19028	4
729	19442	4
729	20098	4
729	23772	4
729	23786	4
729	23819	4
729	23832	4
729	23839	4
729	23885	4
729	24385	4
729	24533	4
729	24540	4
729	24732	4
729	24782	4
729	25006	4
729	25034	4
729	25145	4
729	25218	4
729	25471	4
729	25497	4
729	25647	4
729	26358	4
729	26515	4
729	27117	4
729	27450	4
729	27724	4
729	28331	4
729	29845	4
729	29980	4
729	30304	4
729	31223	4
729	31843	4
729	35109	4
729	35114	4
729	35117	4
729	35121	4
729	35122	4
729	46349	4
729	46488	4
729	46495	4
729	46568	4
729	46571	4
729	46596	4
729	46750	4
729	46751	4
729	46758	4
729	46859	4
729	46980	4
729	47187	4
729	47596	4
729	47611	4
729	47896	4
729	47949	4
729	48027	4
729	48884	4
729	49679	4
729	50697	4
729	50705	4
729	50719	4
729	50723	4
729	50874	4
729	52573	4
729	53052	4
729	53564	4
729	53622	4
729	54007	4
729	54061	4
729	54089	4
729	55994	4
729	56432	4
729	56831	4
729	58017	4
729	58192	4
729	58243	4
729	61897	4
729	63652	4
729	65425	4
729	65426	4
729	65427	4
729	65430	4
729	65432	4
729	65434	4
729	65436	4
729	65438	4
729	65440	4
729	65442	4
729	65443	4
729	65445	4
729	71810	4
729	76443	4
730	2063	4
730	9510	4
730	25948	4
730	27160	4
730	35124	4
730	65450	4
730	71636	4
730	74708	4
730	76444	4
730	76448	4
730	76449	4
731	23828	4
731	25851	4
731	46981	4
731	48649	4
731	51168	4
731	65454	4
731	73002	4
732	430	4
732	459	4
732	1079	4
732	2065	4
732	19355	4
732	24177	4
732	24245	4
732	25891	4
732	29117	4
732	49293	4
732	50505	4
732	54095	4
732	54754	4
732	54770	4
732	64663	4
732	65461	4
732	76455	4
733	228	4
733	1563	4
733	1749	4
733	2069	4
733	2071	4
733	8060	4
733	8990	4
733	8998	4
733	8999	4
733	9512	4
733	9513	4
733	9514	4
733	16229	4
733	18917	4
733	18946	4
733	19876	4
733	20103	4
733	20105	4
733	20106	4
733	20107	4
733	30933	4
733	31127	4
733	32235	4
733	32283	4
733	32563	4
733	32948	4
733	33004	4
733	35129	4
733	35130	4
733	35131	4
733	35132	4
733	35133	4
733	35134	4
733	35135	4
733	35136	4
733	35137	4
733	35139	4
733	35140	4
733	35141	4
733	35144	4
733	45038	4
733	46643	4
733	48114	4
733	48129	4
733	49201	4
733	49505	4
733	52717	4
733	53311	4
733	53884	4
733	54252	4
733	54901	4
733	55278	4
733	55386	4
733	55396	4
733	57615	4
733	59022	4
733	59183	4
733	59774	4
733	60064	4
733	60270	4
733	60366	4
733	61222	4
733	61290	4
733	61394	4
733	61407	4
733	61413	4
733	61433	4
733	61439	4
733	61445	4
733	61716	4
733	61848	4
733	61849	4
733	62711	4
733	62714	4
733	63211	4
733	64611	4
733	65481	4
733	65483	4
733	65485	4
733	65486	4
733	65487	4
733	65488	4
733	65490	4
733	65491	4
733	65493	4
733	65494	4
733	65495	4
733	65497	4
733	65499	4
733	65500	4
733	65501	4
733	65502	4
733	65503	4
733	65504	4
733	65507	4
733	65508	4
733	65509	4
733	65510	4
733	65512	4
733	65514	4
733	65515	4
733	65516	4
733	65517	4
733	65518	4
733	72992	4
733	73864	4
733	73880	4
733	74690	4
733	75078	4
733	75100	4
733	75120	4
733	76459	4
733	76460	4
733	76461	4
733	76462	4
733	76463	4
733	76466	4
733	76467	4
733	76469	4
733	76471	4
733	76472	4
734	20108	4
734	23784	4
734	23865	4
734	23874	4
734	25490	4
734	25497	4
734	47286	4
734	59131	4
734	59806	4
734	64706	4
735	23978	4
735	24885	4
735	27123	4
735	47841	4
736	7537	4
736	9522	4
736	9523	4
736	18946	4
736	18991	4
736	19365	4
736	23740	4
736	24144	4
736	25325	4
736	25331	4
736	25355	4
736	25563	4
736	25665	4
736	25939	4
736	27067	4
736	27069	4
736	27071	4
736	27100	4
736	29433	4
736	30596	4
736	31990	4
736	33228	4
736	35149	4
736	35159	4
736	35161	4
736	35167	4
736	35168	4
736	46298	4
736	46478	4
736	46755	4
736	46785	4
736	46859	4
736	46975	4
736	46986	4
736	47014	4
736	47033	4
736	47072	4
736	47388	4
736	47399	4
736	47403	4
736	48100	4
736	48134	4
736	48140	4
736	48218	4
736	48230	4
736	48487	4
736	48528	4
736	48592	4
736	48606	4
736	48728	4
736	48744	4
736	48935	4
736	49010	4
736	49107	4
736	49172	4
736	49487	4
736	49497	4
736	49644	4
736	50319	4
736	50415	4
736	50556	4
736	50746	4
736	50994	4
736	51044	4
736	51049	4
736	51091	4
736	51365	4
736	51398	4
736	51403	4
736	51420	4
736	51427	4
736	51442	4
736	51759	4
736	52369	4
736	52373	4
736	52408	4
736	52462	4
736	52877	4
736	54724	4
736	55011	4
736	55220	4
736	55514	4
736	55715	4
736	55722	4
736	56002	4
736	56540	4
736	56843	4
736	57090	4
736	57101	4
736	57102	4
736	59616	4
736	60024	4
736	60348	4
736	60482	4
736	60528	4
736	60569	4
736	60856	4
736	63090	4
736	65020	4
736	65523	4
736	65524	4
736	65526	4
736	65529	4
736	65531	4
736	65535	4
736	65540	4
736	65544	4
736	65549	4
736	65550	4
736	65552	4
736	65557	4
736	65559	4
736	65564	4
736	65565	4
736	65567	4
736	65574	4
736	65578	4
736	65580	4
736	65581	4
736	65582	4
736	65583	4
736	65590	4
736	74997	4
736	76481	4
736	76488	4
736	76489	4
736	76491	4
737	2075	4
737	2077	4
737	2078	4
737	2079	4
737	2080	4
737	2082	4
737	20111	4
737	28642	4
737	33048	4
737	35175	4
737	35178	4
737	35179	4
737	35181	4
737	35187	4
737	35189	4
737	35191	4
737	45042	4
737	56501	4
737	61519	4
737	65592	4
737	65594	4
737	65597	4
737	65604	4
737	65606	4
737	65607	4
737	65608	4
737	76493	4
737	76495	4
737	76496	4
737	76497	4
737	76498	4
738	359	4
738	1417	4
738	1852	4
738	2083	4
738	2084	4
738	7594	4
738	9524	4
738	24075	4
738	24711	4
738	24864	4
738	25380	4
738	25610	4
738	26243	4
738	27802	4
738	30237	4
738	32071	4
738	46367	4
738	46379	4
738	46380	4
738	46896	4
738	47282	4
738	47474	4
738	47623	4
738	47809	4
738	48530	4
738	49727	4
738	49751	4
738	50377	4
738	50495	4
738	52142	4
738	63252	4
738	64968	4
738	65611	4
738	65613	4
738	65614	4
738	73084	4
739	7605	4
739	9426	4
739	24643	4
739	25611	4
739	46828	4
739	48669	4
739	50272	4
739	50533	4
739	50534	4
739	65619	4
739	65621	4
739	71214	4
739	71972	4
739	72579	4
739	72644	4
739	73817	4
739	76508	4
739	76509	4
739	76510	4
739	76511	4
739	76514	4
740	990	4
740	2088	4
740	7768	4
740	8031	4
740	8079	4
740	8590	4
740	8675	4
740	9526	4
740	9527	4
740	9528	4
740	18840	4
740	23748	4
740	24006	4
740	24533	4
740	28113	4
740	30021	4
740	30026	4
740	46542	4
740	46756	4
740	51880	4
740	52305	4
740	53072	4
740	53610	4
740	53692	4
740	59248	4
740	63002	4
740	71255	4
740	73126	4
740	74591	4
741	82	4
741	2090	4
741	24163	4
741	49068	4
741	52077	4
741	52413	4
741	55717	4
742	2095	4
742	9530	4
742	16232	4
742	19022	4
742	24689	4
742	25604	4
742	26669	4
742	28005	4
742	28011	4
742	28058	4
742	29522	4
742	32289	4
742	32300	4
742	32302	4
742	32308	4
742	32805	4
742	32810	4
742	32983	4
742	34037	4
742	34045	4
742	34108	4
742	34115	4
742	34118	4
742	34122	4
742	34235	4
742	35199	4
742	35202	4
742	35204	4
742	35208	4
742	35209	4
742	35211	4
742	35213	4
742	35215	4
742	35216	4
742	35217	4
742	35219	4
742	35220	4
742	35222	4
742	35226	4
742	35228	4
742	35232	4
742	35233	4
742	35234	4
742	35236	4
742	35237	4
742	48594	4
742	48625	4
742	51825	4
742	51829	4
742	51905	4
742	53093	4
742	53350	4
742	54827	4
742	63688	4
742	63713	4
742	65628	4
742	65639	4
742	65644	4
742	65649	4
742	65653	4
742	65659	4
742	65660	4
742	74927	4
742	76520	4
742	76521	4
742	76523	4
742	76525	4
742	76527	4
742	76528	4
743	185	4
743	24245	4
743	24675	4
743	24763	4
743	25719	4
743	27133	4
743	27467	4
743	28759	4
743	29713	4
743	33023	4
743	33259	4
743	33992	4
743	35238	4
743	35240	4
743	35246	4
743	35249	4
743	46349	4
743	46719	4
743	47194	4
743	47338	4
743	48598	4
743	48813	4
743	49411	4
743	52865	4
743	53370	4
743	57678	4
743	57994	4
743	65668	4
743	65671	4
743	65676	4
743	65682	4
744	1067	4
744	2098	4
744	2099	4
744	2100	4
744	2101	4
744	25607	4
744	27829	4
744	27969	4
744	28217	4
744	28236	4
744	31113	4
744	31483	4
744	33545	4
744	33701	4
744	33781	4
744	35250	4
744	35252	4
744	35254	4
744	35255	4
744	35257	4
744	35258	4
744	35262	4
744	35264	4
744	35265	4
744	35266	4
744	35267	4
744	35268	4
744	35269	4
744	35270	4
744	46883	4
744	47322	4
744	48592	4
744	50312	4
744	50400	4
744	51095	4
744	51170	4
744	51855	4
744	51937	4
744	52498	4
744	52817	4
744	53547	4
744	53790	4
744	57171	4
744	57811	4
744	58995	4
744	65683	4
744	65685	4
744	65687	4
744	65691	4
744	65692	4
744	65694	4
744	65696	4
744	65702	4
744	74509	4
744	76532	4
744	76534	4
744	76537	4
744	76538	4
744	76544	4
744	76545	4
744	76546	4
745	18826	4
745	48284	4
745	53849	4
745	55283	4
745	56415	4
745	60472	4
745	63553	4
745	65706	4
745	65708	4
745	65709	4
746	94	4
746	9536	4
746	23806	4
746	23832	4
746	23899	4
746	24016	4
746	25996	4
746	26542	4
746	26599	4
746	28954	4
746	29698	4
746	30128	4
746	31976	4
746	32542	4
746	34169	4
746	46436	4
746	46558	4
746	46904	4
746	47109	4
746	47899	4
746	48153	4
746	48707	4
746	49174	4
746	49279	4
746	50121	4
746	50176	4
746	50178	4
746	50706	4
746	51579	4
746	51915	4
746	58369	4
746	58379	4
746	59057	4
746	59735	4
746	65723	4
746	65724	4
746	71924	4
746	72376	4
746	72442	4
748	600	4
748	2070	4
748	9062	4
748	19898	4
748	23927	4
748	23977	4
748	24094	4
748	24105	4
748	24697	4
748	25014	4
748	25047	4
748	25771	4
748	25871	4
748	25955	4
748	25959	4
748	25969	4
748	26162	4
748	26391	4
748	26564	4
748	27627	4
748	28343	4
748	29038	4
748	29491	4
748	30014	4
748	30194	4
748	30651	4
748	31253	4
748	31469	4
748	32557	4
748	35280	4
748	35286	4
748	46472	4
748	46732	4
748	46877	4
748	46951	4
748	47079	4
748	47233	4
748	47479	4
748	49195	4
748	49235	4
748	49894	4
748	50245	4
748	50247	4
748	50254	4
748	50293	4
748	50367	4
748	52687	4
748	52712	4
748	52756	4
748	53662	4
748	53847	4
748	54529	4
748	55286	4
748	55726	4
748	56030	4
748	56086	4
748	56102	4
748	56820	4
748	58049	4
748	59773	4
748	61753	4
748	65708	4
748	65728	4
748	65730	4
748	65734	4
748	65737	4
748	65738	4
748	65740	4
748	65745	4
748	65747	4
748	65749	4
748	65750	4
748	65751	4
748	71867	4
748	72675	4
748	72679	4
748	72763	4
748	73224	4
748	73270	4
748	74014	4
748	75071	4
748	75589	4
748	75861	4
748	75918	4
748	76209	4
748	76551	4
748	76559	4
748	76561	4
748	76562	4
748	76563	4
748	76570	4
748	76571	4
749	2108	4
749	16235	4
749	16236	4
749	18945	4
749	19283	4
749	20120	4
749	35297	4
749	56071	4
749	61231	4
749	65760	4
749	65762	4
749	65765	4
749	65766	4
749	65768	4
749	65773	4
749	65777	4
749	65780	4
749	65783	4
749	76580	4
749	76582	4
749	76583	4
750	2110	4
750	15814	4
750	20121	4
750	23947	4
750	24997	4
750	25003	4
750	25241	4
750	45050	4
750	50903	4
750	65794	4
750	65795	4
750	71255	4
751	500	4
751	1264	4
751	16238	4
751	23877	4
751	24506	4
751	24541	4
751	25007	4
751	25046	4
751	25144	4
751	25487	4
751	26591	4
751	26854	4
751	28956	4
751	30242	4
751	31852	4
751	32093	4
751	33040	4
751	35307	4
751	35308	4
751	35309	4
751	46486	4
751	46491	4
751	46527	4
751	46547	4
751	46557	4
751	46571	4
751	46654	4
751	46759	4
751	46803	4
751	46806	4
751	46980	4
751	47396	4
751	47457	4
751	47477	4
751	47486	4
751	47554	4
751	47573	4
751	47582	4
751	47612	4
751	47708	4
751	47894	4
751	47911	4
751	47921	4
751	48641	4
751	48707	4
751	49305	4
751	49593	4
751	50053	4
751	50058	4
751	50443	4
751	50617	4
751	50665	4
751	50691	4
751	50699	4
751	50726	4
751	50730	4
751	50906	4
751	51168	4
751	51318	4
751	51883	4
751	51886	4
751	52698	4
751	53502	4
751	53518	4
751	53594	4
751	53620	4
751	53625	4
751	53897	4
751	54023	4
751	54048	4
751	54061	4
751	54526	4
751	55589	4
751	55838	4
751	55994	4
751	56486	4
751	57285	4
751	57370	4
751	57390	4
751	57395	4
751	57402	4
751	57408	4
751	57412	4
751	57781	4
751	57794	4
751	59201	4
751	59256	4
751	59628	4
751	62883	4
751	63995	4
751	64220	4
751	65454	4
751	65803	4
751	65804	4
751	65806	4
751	65808	4
751	65811	4
751	65812	4
751	65813	4
751	65814	4
751	65815	4
751	65817	4
751	65818	4
751	65819	4
751	65822	4
751	65823	4
751	65827	4
751	65830	4
751	65831	4
751	65832	4
751	65837	4
751	65841	4
751	65844	4
751	65846	4
751	65847	4
751	65848	4
751	65849	4
751	65850	4
751	65858	4
751	65860	4
751	65863	4
751	65866	4
751	65867	4
751	65869	4
751	65870	4
751	65871	4
751	65874	4
751	65875	4
751	65881	4
751	65883	4
751	65887	4
751	65888	4
751	65889	4
751	65890	4
751	65891	4
751	65893	4
751	65895	4
751	65904	4
751	65907	4
751	71541	4
751	71731	4
751	71977	4
751	71985	4
751	72767	4
751	75951	4
751	76596	4
751	76597	4
752	20124	4
752	25072	4
752	29110	4
752	31662	4
752	35315	4
752	35319	4
752	35321	4
752	35322	4
752	35323	4
752	45053	4
752	47567	4
752	54267	4
752	55074	4
752	55277	4
752	58185	4
752	63469	4
752	63475	4
752	65911	4
752	65913	4
752	65914	4
752	65916	4
752	65917	4
752	65921	4
752	65924	4
752	76603	4
753	54	4
753	16240	4
753	24456	4
753	46381	4
753	46612	4
753	48355	4
754	2114	4
754	24477	4
754	25012	4
754	25255	4
754	25301	4
754	25784	4
754	26268	4
754	28270	4
754	32827	4
754	34315	4
754	35327	4
754	35328	4
754	46345	4
754	46678	4
754	46680	4
754	47285	4
754	47426	4
754	47730	4
754	48376	4
754	48382	4
754	49236	4
754	49239	4
754	50279	4
754	50280	4
754	51127	4
754	53667	4
754	54033	4
754	61915	4
754	63225	4
754	65932	4
754	65937	4
754	65939	4
754	65940	4
755	9542	4
755	15689	4
755	65941	4
755	65943	4
755	65944	4
755	65945	4
755	75406	4
756	18830	4
756	18932	4
756	19019	4
756	19020	4
756	19218	4
756	19283	4
756	24012	4
756	24020	4
756	24982	4
756	24984	4
756	24990	4
756	25054	4
756	25056	4
756	25073	4
756	25082	4
756	25100	4
756	26781	4
756	27133	4
756	28512	4
756	28517	4
756	28527	4
756	29422	4
756	31356	4
756	32920	4
756	35342	4
756	35346	4
756	35348	4
756	35351	4
756	35352	4
756	35355	4
756	35359	4
756	45056	4
756	46858	4
756	47211	4
756	47856	4
756	47857	4
756	48060	4
756	48064	4
756	48071	4
756	48099	4
756	48103	4
756	48197	4
756	48325	4
756	48452	4
756	49150	4
756	49575	4
756	51739	4
756	51859	4
756	51947	4
756	51961	4
756	51965	4
756	52761	4
756	53472	4
756	53960	4
756	53980	4
756	53997	4
756	53999	4
756	54002	4
756	56987	4
756	58109	4
756	58115	4
756	58146	4
756	58803	4
756	58960	4
756	60221	4
756	62994	4
756	63488	4
756	65948	4
756	65949	4
756	65951	4
756	65952	4
756	65953	4
756	65954	4
756	65956	4
756	65957	4
756	65962	4
756	65964	4
756	65966	4
756	65968	4
756	65972	4
756	65974	4
756	65983	4
756	65984	4
756	65988	4
756	65989	4
756	65990	4
756	65991	4
756	65994	4
756	65995	4
756	65996	4
756	65997	4
756	66002	4
756	66004	4
756	72393	4
757	18945	4
757	19026	4
757	20129	4
757	20130	4
757	24845	4
757	28364	4
757	30972	4
757	31502	4
757	31566	4
757	32653	4
757	35363	4
757	35364	4
757	35365	4
757	35369	4
757	35372	4
757	47471	4
757	49744	4
757	55322	4
757	56558	4
757	58496	4
757	58506	4
757	58511	4
757	66005	4
757	66006	4
757	66007	4
757	66008	4
757	66009	4
757	66011	4
757	66013	4
757	66016	4
757	66018	4
757	66021	4
757	66022	4
757	66024	4
757	66025	4
757	66027	4
757	66029	4
757	74350	4
757	76609	4
757	76610	4
757	76611	4
757	76612	4
757	76615	4
758	2119	4
758	25182	4
758	35375	4
758	48141	4
758	48740	4
758	54134	4
758	55985	4
758	62516	4
758	65568	4
758	66030	4
758	66031	4
758	66039	4
758	66045	4
758	66046	4
758	66054	4
758	74406	4
758	76292	4
758	76626	4
758	76630	4
758	76631	4
759	194	4
759	385	4
759	1510	4
759	9508	4
759	19301	4
759	26515	4
759	35379	4
759	46579	4
759	50658	4
759	50697	4
759	66055	4
759	66057	4
759	71228	4
759	71629	4
759	71990	4
759	72479	4
759	72786	4
759	76633	4
759	76636	4
760	1659	4
760	9550	4
761	9551	4
761	24364	4
761	25642	4
761	25941	4
761	27067	4
761	27086	4
761	29642	4
761	35382	4
761	35383	4
761	46379	4
761	46493	4
761	47067	4
761	48538	4
761	48582	4
761	48981	4
761	49513	4
761	50746	4
761	51364	4
761	51461	4
761	51476	4
761	51477	4
761	51483	4
761	51941	4
761	52220	4
761	53096	4
761	56851	4
761	60988	4
761	64895	4
761	66059	4
761	66060	4
761	66063	4
761	66067	4
761	66069	4
761	76355	4
762	11	4
762	855	4
762	23856	4
762	24122	4
762	24569	4
762	25146	4
762	25480	4
762	26523	4
762	26677	4
762	27907	4
762	29951	4
762	32366	4
762	46544	4
762	47286	4
762	47461	4
762	50804	4
762	52534	4
762	54006	4
762	54373	4
762	54774	4
762	72487	4
762	76640	4
763	9133	4
763	9402	4
763	23701	4
763	24032	4
763	24096	4
763	24345	4
763	24636	4
763	24827	4
763	24865	4
763	24936	4
763	25399	4
763	25417	4
763	26097	4
763	27530	4
763	27784	4
763	29284	4
763	32749	4
763	34370	4
763	34752	4
763	35388	4
763	46373	4
763	46625	4
763	47113	4
763	47157	4
763	47238	4
763	47879	4
763	48540	4
763	48553	4
763	48560	4
763	48564	4
763	50523	4
763	50805	4
763	52995	4
763	54459	4
763	56304	4
763	56813	4
763	57264	4
763	62521	4
763	64598	4
763	66080	4
763	66081	4
763	66085	4
763	73829	4
764	1245	4
764	9554	4
764	9555	4
764	16245	4
764	20135	4
764	23695	4
764	24569	4
764	24573	4
764	24581	4
764	24585	4
764	24594	4
764	25056	4
764	25363	4
764	26424	4
764	26644	4
764	26660	4
764	26683	4
764	26689	4
764	27049	4
764	27053	4
764	28533	4
764	28779	4
764	28956	4
764	28979	4
764	28980	4
764	29106	4
764	29125	4
764	29349	4
764	29355	4
764	30310	4
764	30315	4
764	31337	4
764	33683	4
764	35389	4
764	35390	4
764	35395	4
764	45060	4
764	45061	4
764	45062	4
764	47511	4
764	47513	4
764	47531	4
764	50805	4
764	50818	4
764	50866	4
764	51085	4
764	54760	4
764	54762	4
764	54945	4
764	56952	4
764	57073	4
764	63538	4
764	66086	4
764	66087	4
764	66092	4
764	66094	4
764	66097	4
764	72002	4
764	76641	4
764	76643	4
765	635	4
765	2127	4
765	2128	4
765	8075	4
765	8431	4
765	8860	4
765	9121	4
765	16247	4
765	19027	4
765	19414	4
765	20137	4
765	23782	4
765	23786	4
765	23807	4
765	23815	4
765	23817	4
765	23830	4
765	23832	4
765	23868	4
765	23892	4
765	23893	4
765	23939	4
765	23944	4
765	23959	4
765	24421	4
765	24507	4
765	24541	4
765	24549	4
765	24602	4
765	24684	4
765	25006	4
765	25545	4
765	26335	4
765	26585	4
765	27341	4
765	28118	4
765	28262	4
765	28306	4
765	29411	4
765	30636	4
765	31266	4
765	31825	4
765	35400	4
765	35402	4
765	35403	4
765	35404	4
765	35405	4
765	46493	4
765	46497	4
765	46510	4
765	46515	4
765	46543	4
765	46561	4
765	47392	4
765	47467	4
765	47494	4
765	47536	4
765	47967	4
765	48651	4
765	49735	4
765	49754	4
765	51030	4
765	51286	4
765	51885	4
765	52687	4
765	53658	4
765	53668	4
765	54481	4
765	58597	4
765	58813	4
765	59775	4
765	60149	4
765	60227	4
765	60709	4
765	64364	4
765	66103	4
765	66104	4
765	66105	4
765	66106	4
765	66107	4
765	66108	4
765	66111	4
765	71243	4
765	71390	4
765	72526	4
765	76647	4
767	2133	4
767	19257	4
767	24766	4
767	24912	4
767	25206	4
767	27291	4
767	32260	4
767	32340	4
767	33516	4
767	35414	4
767	35418	4
767	46616	4
767	47211	4
767	48814	4
767	52667	4
767	66119	4
767	66120	4
768	2135	4
768	9504	4
768	9560	4
768	24026	4
768	24246	4
768	28082	4
768	28818	4
768	33905	4
768	35420	4
768	35421	4
768	35424	4
768	35428	4
768	35429	4
768	35433	4
768	46847	4
768	49806	4
768	55907	4
768	57909	4
768	62792	4
768	62812	4
768	62830	4
768	66122	4
768	66123	4
768	66125	4
768	66131	4
768	66132	4
768	66136	4
768	66138	4
768	76657	4
769	13	4
769	14	4
769	488	4
769	1510	4
769	1660	4
769	2139	4
769	2141	4
769	2143	4
769	7714	4
769	7829	4
769	8752	4
769	16252	4
769	23780	4
769	23894	4
769	24090	4
769	24130	4
769	24378	4
769	24403	4
769	24412	4
769	24537	4
769	24540	4
769	24610	4
769	24628	4
769	25046	4
769	25144	4
769	25146	4
769	25476	4
769	25480	4
769	25531	4
769	25544	4
769	25860	4
769	26043	4
769	26591	4
769	26596	4
769	26760	4
769	27003	4
769	27007	4
769	27117	4
769	27674	4
769	28137	4
769	28297	4
769	28596	4
769	28933	4
769	29375	4
769	30185	4
769	30730	4
769	31279	4
769	31417	4
769	32199	4
769	32369	4
769	33287	4
769	34887	4
769	35440	4
769	35441	4
769	35442	4
769	44679	4
769	46517	4
769	46567	4
769	46573	4
769	46590	4
769	46675	4
769	46803	4
769	47347	4
769	47348	4
769	47536	4
769	47578	4
769	47579	4
769	47602	4
769	47612	4
769	47618	4
769	47789	4
769	47914	4
769	47961	4
769	47976	4
769	48648	4
769	48890	4
769	49338	4
769	49339	4
769	49582	4
769	49846	4
769	49848	4
769	50404	4
769	50559	4
769	50709	4
769	50726	4
769	50730	4
769	50906	4
769	51316	4
769	51331	4
769	51516	4
769	52590	4
769	52629	4
769	52645	4
769	53573	4
769	54015	4
769	54487	4
769	55236	4
769	55266	4
769	55360	4
769	57362	4
769	57372	4
769	57790	4
769	58636	4
769	59620	4
769	59903	4
769	64217	4
769	65160	4
769	65808	4
769	65830	4
769	66143	4
769	66148	4
769	73534	4
769	76658	4
769	76661	4
769	76664	4
769	76665	4
769	76667	4
770	2145	4
770	23736	4
770	24203	4
770	26786	4
770	29786	4
770	30602	4
770	46335	4
770	47732	4
770	48769	4
770	48954	4
770	49283	4
770	51056	4
770	51394	4
770	55140	4
770	60071	4
770	60866	4
770	66152	4
770	66153	4
771	2125	4
771	19395	4
771	24031	4
771	24044	4
771	24095	4
771	25205	4
771	25417	4
771	25437	4
771	27032	4
771	27494	4
771	27521	4
771	34982	4
771	35445	4
771	35448	4
771	46637	4
771	46873	4
771	47657	4
771	47768	4
771	48422	4
771	48541	4
771	50271	4
771	50418	4
771	55332	4
771	55574	4
771	60309	4
771	66157	4
771	66158	4
771	66159	4
771	66160	4
772	23757	4
772	23802	4
772	24023	4
772	24027	4
772	24465	4
772	24857	4
772	25439	4
772	26125	4
772	30134	4
772	31633	4
772	32210	4
772	32222	4
772	32510	4
772	35449	4
772	35451	4
772	35452	4
772	35453	4
772	35455	4
772	46597	4
772	46620	4
772	46637	4
772	46867	4
772	46944	4
772	47186	4
772	47193	4
772	47841	4
772	48425	4
772	49485	4
772	51936	4
772	52726	4
772	53427	4
772	53709	4
772	57923	4
772	59016	4
772	59031	4
772	59036	4
772	59937	4
772	62974	4
772	64312	4
772	66076	4
772	66163	4
772	66164	4
772	66165	4
772	66169	4
772	66171	4
772	66174	4
772	76671	4
773	7993	4
773	8964	4
773	23690	4
773	23898	4
773	23929	4
773	24290	4
773	24319	4
773	24721	4
773	27364	4
773	28031	4
773	28679	4
773	29462	4
773	35464	4
773	46301	4
773	46308	4
773	46352	4
773	46355	4
773	46472	4
773	46604	4
773	46616	4
773	46618	4
773	46634	4
773	46683	4
773	46838	4
773	46866	4
773	46944	4
773	47199	4
773	47206	4
773	47215	4
773	47222	4
773	47239	4
773	47280	4
773	47665	4
773	47673	4
773	47679	4
773	47767	4
773	48426	4
773	48540	4
773	48581	4
773	48582	4
773	48604	4
773	49670	4
773	49788	4
773	50029	4
773	50044	4
773	50300	4
773	50488	4
773	51184	4
773	51943	4
773	52169	4
773	52227	4
773	54103	4
773	55571	4
773	57124	4
773	58162	4
773	61227	4
773	64866	4
773	66197	4
773	71368	4
773	76679	4
774	680	4
774	2153	4
774	2154	4
774	2156	4
774	9584	4
774	9586	4
774	18973	4
774	28681	4
774	28682	4
774	31614	4
774	35471	4
774	49910	4
774	52610	4
774	55425	4
774	55633	4
774	59351	4
774	66204	4
774	66205	4
774	66206	4
774	72496	4
774	72498	4
774	76687	4
775	767	4
775	2157	4
775	35474	4
775	51398	4
775	55478	4
775	60596	4
775	62471	4
775	71965	4
775	73560	4
776	23698	4
776	23754	4
776	31308	4
776	35476	4
776	35477	4
776	48548	4
776	48596	4
776	63590	4
777	18894	4
777	23701	4
777	23910	4
777	23996	4
777	24027	4
777	24876	4
777	25202	4
777	25249	4
777	25391	4
777	25600	4
777	26438	4
777	27368	4
777	28106	4
777	46301	4
777	46439	4
777	46616	4
777	46859	4
777	46868	4
777	46925	4
777	47164	4
777	47208	4
777	47254	4
777	47289	4
777	48606	4
777	49753	4
777	54117	4
777	55800	4
777	58162	4
777	66214	4
777	71374	4
777	76688	4
778	45	4
778	2160	4
778	7937	4
778	9456	4
778	9589	4
778	9590	4
778	9592	4
778	16255	4
778	18829	4
778	18917	4
778	18943	4
778	19095	4
778	20149	4
778	20150	4
778	20151	4
778	23747	4
778	24030	4
778	24122	4
778	24144	4
778	24462	4
778	25169	4
778	25326	4
778	25337	4
778	25527	4
778	25748	4
778	25761	4
778	25942	4
778	25963	4
778	27067	4
778	27629	4
778	27907	4
778	28175	4
778	29063	4
778	29276	4
778	30429	4
778	30516	4
778	31829	4
778	33099	4
778	33632	4
778	35107	4
778	35161	4
778	35483	4
778	35487	4
778	35488	4
778	35491	4
778	35493	4
778	45065	4
778	47189	4
778	48100	4
778	48262	4
778	48458	4
778	48742	4
778	49022	4
778	49142	4
778	49411	4
778	49996	4
778	50009	4
778	50424	4
778	51054	4
778	51402	4
778	51842	4
778	52291	4
778	52425	4
778	52459	4
778	52933	4
778	54515	4
778	55090	4
778	57272	4
778	57307	4
778	59857	4
778	61248	4
778	61609	4
778	62477	4
778	65477	4
778	65912	4
778	66216	4
778	66221	4
778	66223	4
778	66224	4
778	66226	4
778	66227	4
778	66228	4
778	66229	4
778	66230	4
778	66233	4
778	66234	4
778	66238	4
778	66242	4
778	73020	4
778	75495	4
778	75524	4
778	76292	4
778	76690	4
778	76693	4
778	76696	4
778	76697	4
778	76699	4
778	76701	4
778	76703	4
779	1630	4
779	2167	4
779	2168	4
779	9595	4
779	20152	4
779	23693	4
779	24572	4
779	25194	4
779	29322	4
779	29362	4
779	30288	4
779	30315	4
779	31328	4
779	31841	4
779	35498	4
779	35499	4
779	47567	4
779	50418	4
779	50809	4
779	50816	4
779	51739	4
779	51833	4
779	52083	4
779	54577	4
779	55153	4
779	56984	4
779	64663	4
779	66245	4
779	66246	4
779	66248	4
779	66251	4
779	76707	4
779	76709	4
780	399	4
780	1024	4
780	8543	4
780	9596	4
780	18830	4
780	19296	4
780	19347	4
780	19832	4
780	20155	4
780	25360	4
780	25387	4
780	25948	4
780	26726	4
780	26774	4
780	29674	4
780	31978	4
780	35500	4
780	35501	4
780	35502	4
780	35503	4
780	45066	4
780	47969	4
780	49174	4
780	49494	4
780	50431	4
780	51861	4
780	54447	4
780	54988	4
780	56655	4
780	56943	4
780	56954	4
780	56989	4
780	61000	4
780	64855	4
780	66254	4
780	66255	4
780	66260	4
780	66261	4
780	72361	4
780	73123	4
780	73892	4
780	76714	4
781	489	4
781	2171	4
781	2173	4
781	2176	4
781	23957	4
781	23962	4
781	25487	4
781	27027	4
781	27450	4
781	28132	4
781	33047	4
781	46795	4
781	46804	4
781	58814	4
781	66263	4
781	66264	4
781	66265	4
781	66267	4
781	66269	4
781	66272	4
781	71254	4
781	76717	4
781	76723	4
782	20156	4
782	28739	4
782	35516	4
782	35517	4
782	35519	4
782	35521	4
782	35522	4
782	35523	4
782	35524	4
782	35525	4
782	35526	4
782	56003	4
782	66286	4
783	2182	4
783	9605	4
783	24485	4
783	24697	4
783	24800	4
783	25366	4
783	26564	4
783	26817	4
783	27429	4
783	29529	4
783	33459	4
783	35528	4
783	35529	4
783	35532	4
783	35535	4
783	48368	4
783	48413	4
783	49970	4
783	53665	4
783	53667	4
783	57533	4
783	58264	4
783	61913	4
783	61970	4
783	62145	4
783	63265	4
783	66290	4
783	66291	4
783	66294	4
783	66296	4
783	66297	4
783	66302	4
783	66303	4
783	66304	4
783	66307	4
783	76726	4
783	76729	4
784	1320	4
784	23704	4
784	23896	4
784	23904	4
784	24028	4
784	24082	4
784	24108	4
784	24288	4
784	24471	4
784	25241	4
784	25380	4
784	25382	4
784	25391	4
784	25440	4
784	26094	4
784	26273	4
784	27374	4
784	27783	4
784	30557	4
784	32432	4
784	46312	4
784	46367	4
784	46379	4
784	46638	4
784	46876	4
784	46919	4
784	48356	4
784	48580	4
784	48608	4
784	49178	4
784	50023	4
784	50571	4
784	50793	4
784	51736	4
784	52177	4
784	53031	4
784	53041	4
784	54368	4
784	54801	4
784	56504	4
784	57662	4
784	59620	4
784	62656	4
784	63775	4
784	65008	4
784	66312	4
784	66315	4
784	66316	4
784	66318	4
784	66319	4
784	66320	4
784	76732	4
785	2184	4
785	9609	4
785	24307	4
785	26661	4
785	27533	4
785	35542	4
785	46366	4
785	46467	4
785	48356	4
785	51525	4
786	2186	4
786	23942	4
786	24292	4
786	31687	4
786	35545	4
786	35547	4
786	35549	4
786	35550	4
786	46700	4
786	49721	4
786	52978	4
787	35	4
787	36	4
787	39	4
787	72	4
787	92	4
787	385	4
787	8057	4
787	9610	4
787	9612	4
787	9613	4
787	9616	4
787	16258	4
787	19131	4
787	23772	4
787	23775	4
787	23813	4
787	23822	4
787	23831	4
787	23846	4
787	23860	4
787	23862	4
787	23954	4
787	24131	4
787	24405	4
787	24419	4
787	24543	4
787	24618	4
787	24732	4
787	24746	4
787	24843	4
787	24877	4
787	25002	4
787	25144	4
787	25487	4
787	25650	4
787	25846	4
787	25862	4
787	26527	4
787	26547	4
787	27211	4
787	27687	4
787	27991	4
787	28259	4
787	28260	4
787	28262	4
787	28292	4
787	28294	4
787	28296	4
787	32252	4
787	32335	4
787	33454	4
787	35556	4
787	35557	4
787	35559	4
787	46500	4
787	46990	4
787	47491	4
787	47495	4
787	47617	4
787	50402	4
787	50547	4
787	50659	4
787	50676	4
787	50730	4
787	50744	4
787	51337	4
787	53501	4
787	53563	4
787	53568	4
787	53584	4
787	53602	4
787	53626	4
787	53681	4
787	53885	4
787	60094	4
787	64947	4
787	66147	4
787	66335	4
787	66336	4
787	66344	4
787	66345	4
787	66348	4
787	66349	4
787	66350	4
787	71348	4
787	71388	4
787	71542	4
787	71742	4
787	72791	4
787	72813	4
787	73714	4
787	74380	4
787	76305	4
787	76750	4
787	76751	4
787	76752	4
788	2190	4
788	2191	4
788	24579	4
788	24580	4
788	25835	4
788	25907	4
788	26668	4
788	26677	4
788	26683	4
788	27228	4
788	28985	4
788	30313	4
788	30852	4
788	31933	4
788	32406	4
788	35567	4
788	47531	4
788	47567	4
788	49273	4
788	50643	4
788	51854	4
788	52126	4
788	54769	4
788	56581	4
788	59793	4
788	59804	4
788	61671	4
788	65549	4
788	66252	4
788	66352	4
788	66362	4
788	66365	4
788	66367	4
788	66368	4
788	66374	4
788	76756	4
788	76768	4
789	18927	4
789	19828	4
789	24540	4
789	26052	4
789	27006	4
789	28433	4
789	31634	4
789	31648	4
789	31654	4
789	31660	4
789	32989	4
789	51577	4
789	56145	4
789	57381	4
789	62550	4
789	66379	4
789	66383	4
789	66384	4
789	71245	4
790	913	4
790	2194	4
790	25892	4
790	27613	4
790	46298	4
790	48310	4
790	48911	4
790	48965	4
790	49122	4
790	49426	4
790	49986	4
790	51409	4
790	54949	4
790	54989	4
790	58057	4
790	58175	4
790	60475	4
790	62437	4
790	66385	4
790	66388	4
790	66390	4
790	66393	4
791	7	4
791	78	4
791	189	4
791	15996	4
791	18819	4
791	19133	4
791	23779	4
791	23781	4
791	23805	4
791	23811	4
791	23815	4
791	23828	4
791	23857	4
791	23869	4
791	23883	4
791	23891	4
791	23894	4
791	23895	4
791	23959	4
791	24093	4
791	24131	4
791	24423	4
791	24429	4
791	24435	4
791	24443	4
791	24468	4
791	24554	4
791	25002	4
791	25034	4
791	25472	4
791	25491	4
791	25492	4
791	25500	4
791	25871	4
791	26302	4
791	26342	4
791	26348	4
791	26542	4
791	26596	4
791	26998	4
791	27010	4
791	27014	4
791	27022	4
791	27117	4
791	27261	4
791	27342	4
791	27588	4
791	27674	4
791	27727	4
791	28118	4
791	28120	4
791	28131	4
791	28262	4
791	28330	4
791	28429	4
791	28436	4
791	28446	4
791	28584	4
791	28670	4
791	29445	4
791	29957	4
791	30644	4
791	31017	4
791	32035	4
791	32199	4
791	32814	4
791	34509	4
791	34602	4
791	35579	4
791	46483	4
791	46485	4
791	46516	4
791	46538	4
791	46554	4
791	46580	4
791	46643	4
791	46739	4
791	46812	4
791	47347	4
791	47374	4
791	47392	4
791	47455	4
791	47472	4
791	47606	4
791	47708	4
791	47849	4
791	47894	4
791	47925	4
791	48009	4
791	48011	4
791	48646	4
791	48660	4
791	48662	4
791	48757	4
791	50110	4
791	50133	4
791	50171	4
791	50603	4
791	50605	4
791	50625	4
791	50669	4
791	50735	4
791	51509	4
791	51710	4
791	51884	4
791	52300	4
791	53297	4
791	53611	4
791	54011	4
791	54548	4
791	54603	4
791	57142	4
791	57358	4
791	58473	4
791	61606	4
791	62261	4
791	62545	4
791	62559	4
791	64251	4
791	65454	4
791	66143	4
791	66401	4
791	66403	4
791	66407	4
791	66408	4
791	71232	4
791	71383	4
791	71401	4
791	71542	4
791	71554	4
791	71626	4
791	71857	4
791	71990	4
791	72430	4
791	72473	4
791	72482	4
791	72767	4
791	72791	4
791	72899	4
791	72904	4
791	72913	4
791	72914	4
791	73173	4
791	73459	4
791	75950	4
791	76221	4
791	76777	4
791	76780	4
791	76788	4
791	76791	4
791	76798	4
791	76799	4
792	2196	4
792	23858	4
792	30544	4
792	35597	4
792	35598	4
792	35603	4
792	46301	4
792	46472	4
792	46627	4
792	46687	4
792	46838	4
792	46859	4
792	47199	4
792	47227	4
792	49243	4
792	52114	4
792	54674	4
792	57416	4
792	60106	4
792	66418	4
792	66421	4
792	66422	4
792	66424	4
792	66426	4
792	66429	4
792	66430	4
792	66432	4
792	66435	4
792	66436	4
792	66439	4
792	66442	4
792	66447	4
792	66448	4
792	66452	4
792	76804	4
793	567	4
793	707	4
793	1042	4
793	1063	4
793	15677	4
793	20164	4
793	23706	4
793	23763	4
793	23911	4
793	24079	4
793	24323	4
793	24710	4
793	24715	4
793	24719	4
793	24881	4
793	25202	4
793	25249	4
793	25256	4
793	25276	4
793	25380	4
793	25433	4
793	25437	4
793	26122	4
793	26770	4
793	27974	4
793	28442	4
793	28809	4
793	29786	4
793	30053	4
793	31201	4
793	32639	4
793	32943	4
793	35231	4
793	35607	4
793	35609	4
793	35611	4
793	46308	4
793	46334	4
793	46348	4
793	46433	4
793	46589	4
793	46842	4
793	46925	4
793	46929	4
793	46951	4
793	46988	4
793	47151	4
793	47187	4
793	47378	4
793	47665	4
793	47666	4
793	47838	4
793	48150	4
793	48439	4
793	48441	4
793	48604	4
793	48765	4
793	48768	4
793	48790	4
793	48797	4
793	49194	4
793	49248	4
793	49877	4
793	51543	4
793	51776	4
793	51829	4
793	51939	4
793	51941	4
793	53898	4
793	54928	4
793	59398	4
793	59688	4
793	62945	4
793	63195	4
793	63209	4
793	65398	4
793	65752	4
793	66454	4
793	66455	4
793	66457	4
793	66460	4
793	66464	4
793	66466	4
793	66467	4
793	71296	4
793	71636	4
793	73817	4
793	74699	4
793	74947	4
793	76144	4
793	76345	4
794	567	4
794	23769	4
794	24096	4
794	24745	4
794	24885	4
794	25199	4
794	25551	4
794	25600	4
794	26242	4
794	26254	4
794	27477	4
794	29088	4
794	32456	4
794	35612	4
794	47760	4
794	49229	4
794	49559	4
794	49659	4
794	52175	4
794	75793	4
794	76593	4
794	76810	4
794	76811	4
794	76812	4
795	411	4
795	2197	4
795	2202	4
795	2205	4
795	2206	4
795	9629	4
795	9633	4
795	9634	4
795	9635	4
795	9638	4
795	9639	4
795	9643	4
795	9646	4
795	16269	4
795	26086	4
795	34493	4
795	35616	4
795	35618	4
795	45069	4
795	46417	4
795	47217	4
795	49721	4
795	49766	4
795	50279	4
795	52249	4
795	57111	4
795	58705	4
795	60870	4
795	61873	4
795	66469	4
795	66473	4
795	66474	4
795	66475	4
795	66476	4
795	66477	4
795	66478	4
795	66496	4
795	66503	4
795	76813	4
795	76814	4
795	76817	4
795	76820	4
795	76822	4
795	76829	4
795	76831	4
796	225	4
796	2207	4
796	7752	4
796	9647	4
796	9648	4
796	16273	4
796	16275	4
796	16277	4
796	19121	4
796	20167	4
796	24056	4
796	24285	4
796	24854	4
796	25730	4
796	26111	4
796	26438	4
796	30258	4
796	35469	4
796	35623	4
796	35624	4
796	35625	4
796	35626	4
796	35629	4
796	46367	4
796	46382	4
796	46413	4
796	46601	4
796	46683	4
796	46699	4
796	46920	4
796	46923	4
796	46926	4
796	46940	4
796	46946	4
796	46948	4
796	47240	4
796	47284	4
796	47758	4
796	47802	4
796	48273	4
796	48284	4
796	48580	4
796	49728	4
796	52330	4
796	53644	4
796	53669	4
796	54461	4
796	54507	4
796	55268	4
796	56855	4
796	57922	4
796	58979	4
796	62949	4
796	66506	4
796	66507	4
796	66511	4
796	66515	4
796	66516	4
796	66518	4
796	66520	4
796	66521	4
796	66522	4
796	66523	4
796	66524	4
796	71196	4
796	75273	4
796	76832	4
796	76833	4
796	76835	4
796	76836	4
796	76837	4
796	76838	4
796	76839	4
796	76840	4
796	76841	4
796	76843	4
797	2186	4
797	2209	4
797	8115	4
797	46454	4
797	63785	4
797	73041	4
798	576	4
798	1073	4
798	2210	4
798	2213	4
798	2214	4
798	8155	4
798	9139	4
798	9145	4
798	9650	4
798	9655	4
798	16278	4
798	16279	4
798	19151	4
798	20170	4
798	25250	4
798	27580	4
798	27825	4
798	27841	4
798	28082	4
798	28219	4
798	28244	4
798	28250	4
798	30468	4
798	30630	4
798	30671	4
798	30683	4
798	30684	4
798	31019	4
798	31110	4
798	31280	4
798	31742	4
798	31744	4
798	31891	4
798	33039	4
798	33544	4
798	33567	4
798	33569	4
798	33570	4
798	33577	4
798	33589	4
798	34353	4
798	35631	4
798	35633	4
798	35639	4
798	46303	4
798	46345	4
798	46349	4
798	46782	4
798	46787	4
798	47193	4
798	47415	4
798	47498	4
798	47504	4
798	47723	4
798	48219	4
798	48284	4
798	48886	4
798	48983	4
798	49743	4
798	50019	4
798	50740	4
798	52794	4
798	52967	4
798	53548	4
798	53789	4
798	54529	4
798	54552	4
798	56984	4
798	57147	4
798	57184	4
798	57735	4
798	58410	4
798	58803	4
798	59365	4
798	59507	4
798	61065	4
798	62286	4
798	62670	4
798	63467	4
798	63875	4
798	63942	4
798	64398	4
798	65278	4
798	66528	4
798	66529	4
798	66530	4
798	66536	4
798	66538	4
798	66541	4
798	66542	4
798	66545	4
798	66547	4
798	66549	4
798	66553	4
798	66555	4
798	66556	4
798	66557	4
798	66558	4
798	66560	4
798	74412	4
798	75423	4
798	76848	4
798	76849	4
798	76851	4
798	76852	4
798	76853	4
798	76855	4
799	9657	4
799	19006	4
799	19232	4
799	19393	4
799	20171	4
799	23854	4
799	24488	4
799	27038	4
799	28288	4
799	30852	4
799	31383	4
799	32205	4
799	34344	4
799	34443	4
799	35143	4
799	35645	4
799	35646	4
799	35647	4
799	35648	4
799	35651	4
799	35653	4
799	35654	4
799	35655	4
799	35659	4
799	35661	4
799	35662	4
799	35664	4
799	35665	4
799	48168	4
799	50349	4
799	50437	4
799	54262	4
799	56132	4
799	64954	4
799	66561	4
799	66566	4
799	66568	4
799	66569	4
799	66570	4
799	66573	4
799	66575	4
799	66580	4
799	66582	4
799	66587	4
799	66588	4
799	71429	4
799	76857	4
800	2220	4
800	33980	4
801	982	4
801	30835	4
801	32754	4
801	33745	4
801	35668	4
801	35671	4
801	35672	4
801	64053	4
801	66590	4
801	66592	4
801	76860	4
802	30177	4
802	46932	4
802	47627	4
803	185	4
803	24062	4
803	24332	4
803	24480	4
803	24495	4
803	24689	4
803	24690	4
803	25205	4
803	25388	4
803	25437	4
803	25508	4
803	25965	4
803	26496	4
803	26627	4
803	29462	4
803	32264	4
803	46445	4
803	46452	4
803	46719	4
803	46756	4
803	47672	4
803	48407	4
803	48590	4
803	49248	4
803	50369	4
803	59438	4
803	71673	4
803	71788	4
803	72292	4
803	72383	4
803	72447	4
804	23690	4
804	23767	4
804	23907	4
804	24291	4
804	24721	4
804	25880	4
804	25888	4
804	26439	4
804	27329	4
804	27360	4
804	30176	4
804	30703	4
804	35673	4
804	46844	4
804	46921	4
804	47447	4
804	47710	4
804	49237	4
804	52232	4
804	58679	4
806	123	4
806	125	4
806	2224	4
806	2227	4
806	25090	4
806	29087	4
806	29140	4
806	32727	4
806	35675	4
806	35676	4
806	35678	4
806	35679	4
806	35681	4
806	48165	4
806	48380	4
806	56720	4
806	57904	4
806	60939	4
806	66613	4
806	66616	4
806	66617	4
806	66619	4
806	66620	4
806	66621	4
806	66623	4
806	66625	4
806	71450	4
806	76869	4
807	658	4
807	20175	4
807	26180	4
807	31452	4
807	35051	4
807	35684	4
807	46582	4
807	47577	4
807	48880	4
807	49907	4
807	52616	4
807	52636	4
807	53706	4
807	54210	4
807	55426	4
807	55622	4
807	55644	4
807	58015	4
807	58604	4
807	58619	4
807	58622	4
807	58625	4
807	66628	4
807	66631	4
807	66633	4
807	66634	4
807	66635	4
807	66636	4
807	66637	4
807	66638	4
807	66640	4
807	66641	4
807	76870	4
808	2231	4
808	8371	4
808	8751	4
808	16285	4
808	19864	4
808	23784	4
808	23804	4
808	23959	4
808	24094	4
808	24125	4
808	25886	4
808	26281	4
808	26461	4
808	27059	4
808	27907	4
808	28269	4
808	28278	4
808	28294	4
808	29792	4
808	31252	4
808	31275	4
808	34383	4
808	35689	4
808	35690	4
808	35692	4
808	46526	4
808	46542	4
808	47300	4
808	47372	4
808	47461	4
808	48057	4
808	48100	4
808	48603	4
808	48605	4
808	49162	4
808	52189	4
808	52574	4
808	53610	4
808	53682	4
808	56387	4
808	56715	4
808	61802	4
808	66647	4
808	72413	4
808	72753	4
808	76874	4
808	76875	4
809	1401	4
809	2233	4
809	23978	4
809	24754	4
809	24876	4
809	24934	4
809	24937	4
809	25295	4
809	25745	4
809	26416	4
809	26533	4
809	26540	4
809	28284	4
809	28342	4
809	29541	4
809	30115	4
809	30772	4
809	33291	4
809	35698	4
809	35699	4
809	47187	4
809	48786	4
809	49205	4
809	55460	4
809	59108	4
809	61005	4
809	64121	4
809	65734	4
809	66651	4
809	66652	4
809	66653	4
809	66656	4
809	66660	4
810	24768	4
810	27486	4
810	27500	4
810	27610	4
811	2238	4
811	2240	4
811	18949	4
811	23822	4
811	24438	4
811	26515	4
811	27003	4
811	27369	4
811	27667	4
811	27987	4
811	28262	4
811	28936	4
811	30684	4
811	31052	4
811	31890	4
811	33283	4
811	35703	4
811	35708	4
811	35710	4
811	46303	4
811	46441	4
811	46516	4
811	46534	4
811	46596	4
811	47292	4
811	47467	4
811	47924	4
811	47947	4
811	47987	4
811	48057	4
811	49706	4
811	50328	4
811	50694	4
811	50722	4
811	51255	4
811	51315	4
811	52245	4
811	52573	4
811	53381	4
811	53507	4
811	54561	4
811	55351	4
811	59256	4
811	59829	4
811	60084	4
811	60190	4
811	61948	4
811	62129	4
811	62892	4
811	65692	4
811	66395	4
811	66665	4
811	66667	4
811	66669	4
811	66672	4
811	66674	4
811	66677	4
811	66679	4
811	71383	4
812	35	4
812	72	4
812	1860	4
812	2243	4
812	2244	4
812	9664	4
812	18840	4
812	18948	4
812	19078	4
812	19425	4
812	19442	4
812	19837	4
812	23954	4
812	24540	4
812	24575	4
812	25860	4
812	26343	4
812	26593	4
812	27976	4
812	29326	4
812	31843	4
812	32196	4
812	35711	4
812	35712	4
812	46485	4
812	46495	4
812	46542	4
812	46749	4
812	46792	4
812	47341	4
812	47560	4
812	47581	4
812	47769	4
812	47914	4
812	48572	4
812	49357	4
812	49593	4
812	50697	4
812	50808	4
812	50906	4
812	51288	4
812	51568	4
812	53746	4
812	53982	4
812	54015	4
812	54035	4
812	54160	4
812	54545	4
812	54555	4
812	57291	4
812	59401	4
812	65309	4
812	66680	4
812	66681	4
812	66683	4
812	66684	4
812	66686	4
812	71359	4
812	71594	4
812	71742	4
812	71743	4
812	71986	4
812	72032	4
812	72471	4
813	460	4
813	2245	4
813	2246	4
813	2247	4
813	9666	4
813	9667	4
813	9668	4
813	9671	4
813	19094	4
813	25578	4
813	27313	4
813	32299	4
813	32358	4
813	32445	4
813	34043	4
813	34051	4
813	34271	4
813	34486	4
813	35715	4
813	35717	4
813	35719	4
813	35720	4
813	35721	4
813	44991	4
813	49583	4
813	53093	4
813	54810	4
813	60931	4
813	66689	4
813	66690	4
813	66694	4
813	66696	4
813	66697	4
813	66700	4
813	66703	4
813	66706	4
813	66708	4
813	66709	4
813	71452	4
813	75028	4
813	76887	4
813	76889	4
813	76895	4
813	76897	4
813	76899	4
813	76905	4
813	76907	4
813	76909	4
813	76910	4
813	76913	4
813	76916	4
814	28	4
814	1055	4
814	1063	4
814	1132	4
814	1347	4
814	2250	4
814	7509	4
814	8013	4
814	9674	4
814	9675	4
814	9677	4
814	20178	4
814	20179	4
814	20180	4
814	25110	4
814	28217	4
814	30693	4
814	30825	4
814	31019	4
814	31082	4
814	31914	4
814	33382	4
814	33918	4
814	35734	4
814	35735	4
814	35736	4
814	35737	4
814	35739	4
814	35740	4
814	35741	4
814	35742	4
814	35745	4
814	35746	4
814	35749	4
814	35753	4
814	46880	4
814	47944	4
814	48108	4
814	52822	4
814	55519	4
814	56054	4
814	57189	4
814	57193	4
814	57201	4
814	62195	4
814	62299	4
814	63874	4
814	63875	4
814	66719	4
814	66720	4
814	66723	4
814	66725	4
814	66731	4
814	66734	4
814	66737	4
814	66738	4
814	66739	4
814	66740	4
814	66743	4
814	66748	4
814	66750	4
814	66751	4
814	66754	4
814	66757	4
814	72791	4
814	73927	4
814	73932	4
814	73948	4
814	75701	4
814	76919	4
814	76920	4
814	76924	4
814	76925	4
814	76926	4
814	76927	4
814	76931	4
814	76932	4
814	76936	4
814	76938	4
815	65	4
815	1550	4
815	2253	4
815	20182	4
815	24035	4
815	24058	4
815	24072	4
815	24294	4
815	24295	4
815	25117	4
815	28006	4
815	29510	4
815	29525	4
815	32287	4
815	32300	4
815	32793	4
815	32802	4
815	32929	4
815	33990	4
815	34052	4
815	34202	4
815	34250	4
815	34413	4
815	35206	4
815	35221	4
815	35758	4
815	35760	4
815	46929	4
815	48155	4
815	48590	4
815	51799	4
815	53094	4
815	54356	4
815	54810	4
815	55306	4
815	60904	4
815	62697	4
815	63460	4
815	64039	4
815	65634	4
815	65647	4
815	66758	4
815	66759	4
815	66760	4
815	66762	4
815	66763	4
815	66768	4
815	66771	4
815	66775	4
815	71265	4
815	76942	4
815	76943	4
815	76945	4
816	26115	4
816	26500	4
816	47638	4
816	51994	4
816	54655	4
816	55163	4
816	56537	4
816	56543	4
816	66779	4
816	76946	4
817	2254	4
817	18813	4
817	18818	4
817	47253	4
817	52769	4
818	204	4
818	1151	4
818	2251	4
818	2256	4
818	2258	4
818	2259	4
818	7890	4
818	9264	4
818	9680	4
818	9682	4
818	9684	4
818	9685	4
818	18884	4
818	18927	4
818	18949	4
818	19106	4
818	19140	4
818	19250	4
818	23800	4
818	23802	4
818	23920	4
818	24193	4
818	24326	4
818	24370	4
818	24654	4
818	24666	4
818	24669	4
818	24720	4
818	24757	4
818	24820	4
818	24865	4
818	24893	4
818	24977	4
818	24999	4
818	25205	4
818	25448	4
818	25617	4
818	25721	4
818	25771	4
818	26084	4
818	26672	4
818	27845	4
818	27936	4
818	28244	4
818	28421	4
818	28606	4
818	29377	4
818	29989	4
818	29993	4
818	30176	4
818	30608	4
818	30646	4
818	30660	4
818	30668	4
818	30801	4
818	31068	4
818	31113	4
818	31737	4
818	31873	4
818	31875	4
818	31895	4
818	32470	4
818	33326	4
818	33367	4
818	33778	4
818	33785	4
818	33967	4
818	34354	4
818	35736	4
818	35767	4
818	35769	4
818	35770	4
818	35771	4
818	35773	4
818	35777	4
818	35778	4
818	35779	4
818	35782	4
818	35784	4
818	46301	4
818	46305	4
818	46420	4
818	46634	4
818	46709	4
818	46747	4
818	46859	4
818	46881	4
818	46886	4
818	47017	4
818	47068	4
818	47197	4
818	47216	4
818	47273	4
818	47534	4
818	47535	4
818	47626	4
818	47633	4
818	47681	4
818	47722	4
818	47726	4
818	47798	4
818	48550	4
818	48599	4
818	48613	4
818	48740	4
818	48768	4
818	49089	4
818	49736	4
818	49788	4
818	50045	4
818	50393	4
818	50530	4
818	50793	4
818	51250	4
818	51416	4
818	51506	4
818	51873	4
818	52217	4
818	52819	4
818	53049	4
818	54044	4
818	54056	4
818	54217	4
818	54802	4
818	55251	4
818	55303	4
818	56300	4
818	57011	4
818	57177	4
818	57179	4
818	60161	4
818	60186	4
818	60302	4
818	60313	4
818	60314	4
818	60925	4
818	61864	4
818	63006	4
818	64124	4
818	64976	4
818	66270	4
818	66782	4
818	66783	4
818	66786	4
818	66787	4
818	66788	4
818	66789	4
818	66790	4
818	66791	4
818	66794	4
818	66797	4
818	66801	4
818	66804	4
818	66810	4
818	66812	4
818	66815	4
818	66817	4
818	66821	4
818	71214	4
818	71216	4
818	71354	4
818	71447	4
818	71473	4
818	71688	4
818	72897	4
818	73213	4
818	73817	4
818	73957	4
818	74182	4
818	75438	4
818	75738	4
818	75988	4
818	76549	4
818	76937	4
818	76950	4
818	76951	4
818	76956	4
818	76957	4
818	76958	4
818	76960	4
818	76963	4
818	76968	4
818	76971	4
818	76972	4
818	76973	4
818	76976	4
818	76990	4
818	76995	4
818	76996	4
819	409	4
819	766	4
819	918	4
819	7577	4
819	7829	4
819	9686	4
819	18946	4
819	23822	4
819	23832	4
819	24405	4
819	24406	4
819	24979	4
819	24997	4
819	27271	4
819	46980	4
819	47312	4
819	47489	4
819	50404	4
819	52245	4
819	53682	4
819	57364	4
819	66830	4
819	66832	4
819	66833	4
819	77002	4
820	9687	4
820	27831	4
820	28217	4
820	28221	4
820	30015	4
820	30652	4
820	30667	4
820	30678	4
820	31110	4
820	31113	4
820	31730	4
820	31733	4
820	31736	4
820	31742	4
820	31744	4
820	33589	4
820	33597	4
820	33796	4
820	34518	4
820	34519	4
820	34607	4
820	35640	4
820	35736	4
820	35787	4
820	35789	4
820	35790	4
820	35791	4
820	35792	4
820	35794	4
820	35795	4
820	35797	4
820	35800	4
820	46782	4
820	46886	4
820	48219	4
820	54568	4
820	56054	4
820	57148	4
820	57184	4
820	57812	4
820	59331	4
820	59365	4
820	60320	4
820	60754	4
820	62195	4
820	62352	4
820	62353	4
820	62360	4
820	63034	4
820	63485	4
820	63905	4
820	64395	4
820	66559	4
820	66840	4
820	66841	4
820	66843	4
820	66846	4
820	72586	4
820	75738	4
820	76549	4
820	76962	4
820	77003	4
820	77004	4
820	77005	4
820	77008	4
820	77010	4
820	77011	4
820	77012	4
820	77013	4
820	77015	4
820	77016	4
821	94	4
821	606	4
821	7956	4
821	9690	4
821	9691	4
821	18818	4
821	19005	4
821	20185	4
821	23782	4
821	23822	4
821	23832	4
821	23865	4
821	23899	4
821	23913	4
821	23963	4
821	24011	4
821	24031	4
821	24092	4
821	24094	4
821	24386	4
821	24602	4
821	24621	4
821	24732	4
821	25037	4
821	25056	4
821	25144	4
821	25467	4
821	25531	4
821	25996	4
821	26154	4
821	26359	4
821	27027	4
821	27593	4
821	30787	4
821	31279	4
821	35801	4
821	44907	4
821	46303	4
821	46417	4
821	46436	4
821	46520	4
821	46529	4
821	46558	4
821	46603	4
821	46616	4
821	46637	4
821	46660	4
821	46764	4
821	46904	4
821	47341	4
821	47347	4
821	47348	4
821	47461	4
821	47475	4
821	47554	4
821	47593	4
821	47602	4
821	47606	4
821	47618	4
821	47899	4
821	47900	4
821	47983	4
821	49174	4
821	49403	4
821	49585	4
821	49591	4
821	50129	4
821	50197	4
821	50697	4
821	50707	4
821	50916	4
821	51031	4
821	51361	4
821	51399	4
821	51403	4
821	51415	4
821	51681	4
821	51697	4
821	52308	4
821	52530	4
821	52562	4
821	52608	4
821	52686	4
821	52689	4
821	53064	4
821	53614	4
821	53618	4
821	53628	4
821	54043	4
821	54848	4
821	55356	4
821	55928	4
821	56135	4
821	56320	4
821	56482	4
821	58235	4
821	58381	4
821	58745	4
821	58822	4
821	59201	4
821	59232	4
821	60750	4
821	61186	4
821	62615	4
821	65895	4
821	66853	4
821	66854	4
821	66858	4
821	66859	4
821	66861	4
821	66863	4
821	66865	4
821	71222	4
821	71329	4
821	71410	4
821	72078	4
821	72154	4
821	72169	4
821	72241	4
821	72482	4
821	72787	4
821	73215	4
821	74141	4
821	74708	4
821	76754	4
821	77020	4
821	77024	4
821	77027	4
822	24497	4
822	47745	4
822	52181	4
822	53415	4
822	57238	4
823	31	4
823	117	4
823	2263	4
823	2264	4
823	2265	4
823	19631	4
823	19823	4
823	20186	4
823	20188	4
823	24992	4
823	27102	4
823	27289	4
823	28574	4
823	29128	4
823	29574	4
823	30245	4
823	31699	4
823	32441	4
823	32740	4
823	33932	4
823	34283	4
823	35544	4
823	35549	4
823	35806	4
823	35811	4
823	35813	4
823	35814	4
823	35817	4
823	35819	4
823	35820	4
823	35825	4
823	35833	4
823	35838	4
823	35840	4
823	35842	4
823	35844	4
823	35849	4
823	35850	4
823	35851	4
823	35858	4
823	35860	4
823	35861	4
823	35862	4
823	35871	4
823	46817	4
823	47151	4
823	49729	4
823	52947	4
823	52948	4
823	53147	4
823	56313	4
823	56686	4
823	57566	4
823	60106	4
823	64202	4
823	64204	4
823	64636	4
823	66868	4
823	66870	4
823	66871	4
823	66872	4
823	66875	4
823	66876	4
823	66877	4
823	66879	4
823	66882	4
823	66885	4
823	66886	4
823	66905	4
823	66906	4
823	66909	4
823	66920	4
823	66922	4
823	66929	4
823	66932	4
823	66939	4
823	66944	4
823	66946	4
823	66948	4
823	66950	4
823	71298	4
824	202	4
824	23760	4
824	24046	4
824	24062	4
824	24634	4
824	24760	4
824	25053	4
824	29007	4
824	30313	4
824	35878	4
824	46718	4
824	47151	4
824	47836	4
824	50044	4
824	55712	4
824	57986	4
824	66971	4
824	71433	4
826	25385	4
826	35888	4
827	2270	4
827	23804	4
827	25536	4
827	30128	4
827	30675	4
827	45078	4
827	46496	4
827	52302	4
827	53023	4
827	66980	4
828	2272	4
828	2275	4
828	2280	4
828	9707	4
828	20192	4
828	25575	4
828	30113	4
828	31725	4
828	32769	4
828	35892	4
828	35893	4
828	35895	4
828	35896	4
828	35898	4
828	35903	4
828	35908	4
828	35909	4
828	35911	4
828	35918	4
828	35919	4
828	35921	4
828	35924	4
828	35929	4
828	35931	4
828	35934	4
828	35936	4
828	35940	4
828	35942	4
828	35945	4
828	35947	4
828	35950	4
828	35951	4
828	52990	4
828	53224	4
828	53246	4
828	53251	4
828	54277	4
828	55199	4
828	57066	4
828	65405	4
828	66983	4
828	66985	4
828	66986	4
828	66987	4
828	66988	4
828	66989	4
828	66995	4
828	66997	4
828	66998	4
828	67002	4
828	67004	4
828	67008	4
828	67009	4
828	67017	4
828	67020	4
828	67021	4
828	67028	4
828	67029	4
828	67033	4
828	67038	4
828	67039	4
828	67041	4
828	67044	4
828	72697	4
828	77039	4
828	77041	4
828	77043	4
828	77046	4
829	7	4
829	321	4
829	473	4
829	1368	4
829	2281	4
829	9711	4
829	23780	4
829	23781	4
829	23782	4
829	23786	4
829	23862	4
829	24531	4
829	25476	4
829	26362	4
829	26592	4
829	26996	4
829	28120	4
829	28262	4
829	35960	4
829	46441	4
829	46493	4
829	46542	4
829	47363	4
829	47491	4
829	47949	4
829	48651	4
829	48660	4
829	50590	4
829	50594	4
829	50664	4
829	51990	4
829	52194	4
829	52594	4
829	53507	4
829	57458	4
829	59239	4
829	63894	4
829	67052	4
829	67054	4
829	67057	4
829	67058	4
829	71244	4
829	71386	4
829	71388	4
829	72081	4
829	72475	4
829	72482	4
829	72899	4
829	72908	4
829	73007	4
829	73404	4
829	73539	4
829	74432	4
829	75269	4
829	75724	4
829	76636	4
829	77050	4
829	77051	4
829	77054	4
829	77056	4
829	77060	4
829	77061	4
829	77062	4
830	1307	4
830	29064	4
831	755	4
831	9715	4
831	18923	4
831	19624	4
831	25648	4
831	27067	4
831	27093	4
831	28419	4
831	29742	4
831	35964	4
831	46436	4
831	46787	4
831	47029	4
831	47042	4
831	47053	4
831	47073	4
831	47511	4
831	48055	4
831	48215	4
831	48225	4
831	48242	4
831	48726	4
831	48852	4
831	48946	4
831	49621	4
831	50397	4
831	50885	4
831	51001	4
831	51021	4
831	51049	4
831	51486	4
831	52440	4
831	52888	4
831	55529	4
831	56778	4
831	56976	4
831	57000	4
831	62499	4
831	64753	4
831	65796	4
831	67064	4
831	67067	4
831	67068	4
831	67070	4
831	67071	4
831	67075	4
831	71741	4
832	54	4
832	137	4
832	205	4
832	580	4
832	2275	4
832	2284	4
832	2287	4
832	2289	4
832	2290	4
832	2291	4
832	2292	4
832	2293	4
832	2294	4
832	2297	4
832	2298	4
832	2299	4
832	2300	4
832	2304	4
832	2305	4
832	9718	4
832	18872	4
832	19034	4
832	19106	4
832	19201	4
832	19240	4
832	19378	4
832	19712	4
832	20172	4
832	20193	4
832	20195	4
832	20197	4
832	20201	4
832	20202	4
832	23793	4
832	24012	4
832	25201	4
832	25857	4
832	27157	4
832	27382	4
832	27425	4
832	27590	4
832	28091	4
832	28092	4
832	29055	4
832	29760	4
832	32160	4
832	33195	4
832	35671	4
832	35903	4
832	35970	4
832	35971	4
832	35973	4
832	35974	4
832	35975	4
832	35979	4
832	35982	4
832	35984	4
832	35986	4
832	35988	4
832	35990	4
832	35991	4
832	35993	4
832	35995	4
832	35996	4
832	35998	4
832	36000	4
832	36003	4
832	36005	4
832	36006	4
832	36007	4
832	36009	4
832	36010	4
832	36011	4
832	36012	4
832	36015	4
832	36018	4
832	46481	4
832	46740	4
832	48184	4
832	53237	4
832	57911	4
832	59718	4
832	64867	4
832	65956	4
832	67085	4
832	67086	4
832	67088	4
832	67089	4
832	67090	4
832	67092	4
832	67093	4
832	67094	4
832	67095	4
832	67099	4
832	67100	4
832	67104	4
832	67105	4
832	67106	4
832	67107	4
832	67108	4
832	67109	4
832	67110	4
832	67111	4
832	67112	4
832	67113	4
832	67116	4
832	67118	4
832	67119	4
832	67120	4
832	67121	4
832	67124	4
832	67125	4
832	67127	4
832	67128	4
832	67129	4
832	67131	4
832	67139	4
832	67141	4
832	67143	4
832	67147	4
832	71723	4
832	72211	4
832	74011	4
832	76426	4
832	77067	4
832	77068	4
832	77070	4
832	77072	4
832	77074	4
832	77075	4
832	77076	4
832	77080	4
832	77081	4
832	77082	4
832	77084	4
833	26474	4
833	48603	4
833	77086	4
834	9596	4
834	19098	4
834	25323	4
834	29543	4
834	34181	4
834	35785	4
834	46993	4
834	48238	4
834	48284	4
834	53983	4
835	9722	4
835	24887	4
835	24976	4
835	25098	4
835	25713	4
835	27795	4
835	30245	4
835	36025	4
835	46363	4
835	46422	4
835	46923	4
835	46946	4
835	47283	4
835	47289	4
835	47436	4
835	50303	4
835	52170	4
835	52606	4
835	56511	4
835	58671	4
835	58672	4
835	67162	4
836	870	4
836	8016	4
836	8257	4
836	9442	4
836	23697	4
836	23801	4
836	23877	4
836	23905	4
836	24031	4
836	24098	4
836	24354	4
836	24367	4
836	24511	4
836	25123	4
836	25472	4
836	25692	4
836	26125	4
836	26923	4
836	27007	4
836	28932	4
836	29686	4
836	30553	4
836	31716	4
836	32595	4
836	46305	4
836	46308	4
836	46416	4
836	46472	4
836	46515	4
836	46593	4
836	46598	4
836	46841	4
836	46925	4
836	46988	4
836	47018	4
836	47066	4
836	47186	4
836	47248	4
836	47289	4
836	48141	4
836	48525	4
836	48582	4
836	48596	4
836	48605	4
836	48618	4
836	48828	4
836	48844	4
836	48876	4
836	48973	4
836	49567	4
836	49714	4
836	49773	4
836	49861	4
836	50270	4
836	50617	4
836	50793	4
836	51255	4
836	54533	4
836	56482	4
836	61477	4
836	61777	4
836	64364	4
836	67189	4
836	67193	4
836	71386	4
836	72515	4
836	75793	4
836	76956	4
836	77100	4
836	77101	4
836	77102	4
836	77103	4
837	1668	4
837	2308	4
837	2312	4
837	8177	4
837	20204	4
837	24087	4
837	25487	4
837	27406	4
837	27805	4
837	28819	4
837	29763	4
837	29764	4
837	31158	4
837	31160	4
837	31166	4
837	33374	4
837	33375	4
837	33859	4
837	33877	4
837	35425	4
837	36049	4
837	36050	4
837	36055	4
837	36062	4
837	36069	4
837	36070	4
837	36071	4
837	36072	4
837	36073	4
837	48522	4
837	48802	4
837	49818	4
837	54382	4
837	55742	4
837	55762	4
837	55768	4
837	55780	4
837	56370	4
837	57909	4
837	62839	4
837	62870	4
837	62878	4
837	62879	4
837	62891	4
837	67195	4
837	67196	4
837	67198	4
837	67199	4
837	67200	4
837	67205	4
837	67206	4
837	67207	4
837	67209	4
837	67211	4
837	67212	4
837	67213	4
837	67214	4
837	74158	4
837	75660	4
837	77105	4
838	52	4
838	7503	4
838	23991	4
838	32265	4
838	36079	4
838	46467	4
838	46638	4
838	47228	4
838	48821	4
838	60104	4
838	67224	4
838	67228	4
838	67230	4
838	67231	4
839	990	4
839	1312	4
839	2314	4
839	2316	4
839	7526	4
839	9735	4
839	9737	4
839	9740	4
839	16301	4
839	18923	4
839	18945	4
839	18949	4
839	18959	4
839	19098	4
839	19205	4
839	19809	4
839	20210	4
839	20212	4
839	20213	4
839	20214	4
839	23817	4
839	23845	4
839	23884	4
839	24898	4
839	26545	4
839	26589	4
839	26994	4
839	27226	4
839	27550	4
839	28047	4
839	28114	4
839	31635	4
839	31648	4
839	32195	4
839	32725	4
839	35584	4
839	36088	4
839	36092	4
839	36094	4
839	36096	4
839	46499	4
839	46504	4
839	46515	4
839	46520	4
839	46549	4
839	46562	4
839	46568	4
839	46590	4
839	46663	4
839	46749	4
839	46790	4
839	47555	4
839	47583	4
839	47967	4
839	48644	4
839	48869	4
839	48889	4
839	49295	4
839	49401	4
839	49457	4
839	49773	4
839	50176	4
839	50574	4
839	50628	4
839	50771	4
839	51517	4
839	51518	4
839	51726	4
839	51991	4
839	52266	4
839	52460	4
839	52552	4
839	55689	4
839	55962	4
839	56136	4
839	56137	4
839	57972	4
839	58374	4
839	58745	4
839	58753	4
839	58762	4
839	58763	4
839	58810	4
839	58815	4
839	58817	4
839	58845	4
839	59269	4
839	59766	4
839	59885	4
839	61354	4
839	61796	4
839	64430	4
839	64875	4
839	67236	4
839	67237	4
839	67244	4
839	67245	4
839	67248	4
839	67254	4
839	67260	4
839	67265	4
839	67267	4
839	67271	4
839	67274	4
839	67283	4
839	67294	4
839	71220	4
839	71255	4
839	72014	4
839	72376	4
839	74008	4
839	74375	4
839	74377	4
839	74393	4
839	74397	4
839	75732	4
839	76782	4
839	77110	4
839	77112	4
839	77117	4
839	77119	4
839	77122	4
839	77123	4
839	77129	4
839	77134	4
839	77135	4
839	77136	4
839	77138	4
839	77142	4
839	77144	4
839	77146	4
839	77147	4
840	250	4
840	655	4
840	2319	4
840	7509	4
840	7954	4
840	7956	4
840	9748	4
840	18823	4
840	19034	4
840	19948	4
840	23793	4
840	23813	4
840	23882	4
840	23889	4
840	24031	4
840	24095	4
840	24545	4
840	24997	4
840	25381	4
840	26105	4
840	26324	4
840	26517	4
840	27597	4
840	27890	4
840	28169	4
840	28422	4
840	30186	4
840	31279	4
840	33763	4
840	34887	4
840	35245	4
840	36100	4
840	36102	4
840	36106	4
840	46490	4
840	46515	4
840	46572	4
840	46758	4
840	47628	4
840	48057	4
840	48059	4
840	48646	4
840	49285	4
840	49341	4
840	50669	4
840	50691	4
840	50722	4
840	51280	4
840	51314	4
840	51344	4
840	51991	4
840	52157	4
840	53600	4
840	53888	4
840	54025	4
840	54030	4
840	54480	4
840	56070	4
840	61217	4
840	61814	4
840	62256	4
840	64459	4
840	64947	4
840	67298	4
840	67307	4
840	67308	4
840	67310	4
840	71219	4
840	71222	4
840	71383	4
840	71564	4
840	71986	4
840	71987	4
840	72471	4
840	73770	4
840	74804	4
840	76660	4
840	77153	4
840	77160	4
840	77162	4
841	23996	4
841	30598	4
841	33997	4
841	46941	4
841	51401	4
841	67330	4
841	72056	4
842	8317	4
842	9751	4
842	24203	4
842	25356	4
842	25751	4
842	25761	4
842	25899	4
842	25937	4
842	27067	4
842	29656	4
842	30726	4
842	34931	4
842	36113	4
842	47053	4
842	48630	4
842	49010	4
842	49455	4
842	52218	4
842	52468	4
842	54117	4
842	54134	4
842	57519	4
842	57523	4
842	67331	4
842	75514	4
842	77163	4
843	9754	4
843	24357	4
843	26540	4
843	26828	4
843	27424	4
843	27430	4
843	28315	4
843	28338	4
843	34072	4
843	47941	4
843	49209	4
843	52053	4
843	52055	4
843	53661	4
843	53923	4
843	55573	4
843	58264	4
843	64497	4
843	64900	4
843	67338	4
843	67342	4
843	67345	4
843	72324	4
843	72947	4
843	76942	4
843	77165	4
843	77166	4
843	77168	4
843	77174	4
843	77179	4
844	2326	4
844	50393	4
844	54435	4
844	67350	4
844	67351	4
844	77183	4
845	379	4
845	2327	4
845	9768	4
845	9769	4
845	9770	4
845	9771	4
845	9773	4
845	19074	4
845	20223	4
845	20224	4
845	23732	4
845	23851	4
845	23954	4
845	24293	4
845	24430	4
845	25084	4
845	26301	4
845	26309	4
845	26322	4
845	26467	4
845	26759	4
845	26967	4
845	26986	4
845	27143	4
845	27152	4
845	27166	4
845	27281	4
845	27329	4
845	28156	4
845	28426	4
845	28598	4
845	29591	4
845	31494	4
845	31852	4
845	32976	4
845	34477	4
845	36125	4
845	36126	4
845	36127	4
845	36129	4
845	36130	4
845	36132	4
845	45083	4
845	46401	4
845	49132	4
845	49341	4
845	49386	4
845	50167	4
845	50178	4
845	50902	4
845	51322	4
845	51668	4
845	52298	4
845	54562	4
845	55147	4
845	58540	4
845	58562	4
845	60041	4
845	61814	4
845	63001	4
845	63008	4
845	66953	4
845	67356	4
845	67360	4
845	67365	4
845	67366	4
845	67371	4
845	67373	4
845	67375	4
845	67377	4
845	67378	4
845	71498	4
845	74339	4
845	75322	4
845	76548	4
845	77188	4
845	77190	4
845	77194	4
846	1380	4
846	9774	4
846	18844	4
846	19218	4
846	20180	4
846	23759	4
846	24503	4
846	24707	4
846	24720	4
846	25378	4
846	26477	4
846	27642	4
846	30168	4
846	35603	4
846	36133	4
846	36136	4
846	58544	4
846	66425	4
846	67380	4
846	67383	4
846	67386	4
846	77196	4
847	1548	4
847	8111	4
847	9775	4
847	18819	4
847	19307	4
847	23775	4
847	23780	4
847	23782	4
847	23786	4
847	23803	4
847	23804	4
847	23805	4
847	23865	4
847	24114	4
847	24511	4
847	24545	4
847	24551	4
847	25034	4
847	25476	4
847	25494	4
847	26531	4
847	26534	4
847	26714	4
847	27007	4
847	27014	4
847	27727	4
847	28259	4
847	28294	4
847	28435	4
847	28933	4
847	31417	4
847	32027	4
847	32028	4
847	34924	4
847	36138	4
847	36141	4
847	46524	4
847	46541	4
847	46565	4
847	46593	4
847	46756	4
847	47392	4
847	47417	4
847	47475	4
847	47558	4
847	47574	4
847	47606	4
847	47612	4
847	47708	4
847	47770	4
847	47897	4
847	47924	4
847	48020	4
847	48316	4
847	48604	4
847	49343	4
847	49839	4
847	50590	4
847	50950	4
847	52302	4
847	52534	4
847	52552	4
847	52997	4
847	53509	4
847	53888	4
847	53925	4
847	59369	4
847	59752	4
847	61115	4
847	71228	4
847	71977	4
847	71987	4
847	71990	4
847	72957	4
847	73183	4
847	73689	4
847	74575	4
847	76752	4
847	77198	4
848	1033	4
848	2328	4
848	2331	4
848	2332	4
848	8153	4
848	9393	4
848	18996	4
848	19756	4
848	20227	4
848	23765	4
848	25023	4
848	25480	4
848	26171	4
848	26180	4
848	27447	4
848	27701	4
848	31615	4
848	36143	4
848	36144	4
848	36145	4
848	36146	4
848	47498	4
848	48722	4
848	53628	4
848	55621	4
848	64468	4
848	65876	4
848	67396	4
848	67397	4
848	71987	4
848	73543	4
848	73546	4
848	75947	4
848	76411	4
848	76738	4
848	77205	4
848	77208	4
848	77209	4
848	77210	4
848	77211	4
848	77213	4
848	77215	4
849	75	4
849	351	4
849	402	4
849	435	4
849	438	4
849	1063	4
849	2091	4
849	2334	4
849	2335	4
849	2336	4
849	2338	4
849	2339	4
849	19798	4
849	20232	4
849	23728	4
849	23737	4
849	24112	4
849	24144	4
849	24201	4
849	24381	4
849	24461	4
849	24529	4
849	25034	4
849	25162	4
849	25180	4
849	25182	4
849	25183	4
849	25190	4
849	25198	4
849	25210	4
849	25235	4
849	25328	4
849	25329	4
849	25336	4
849	25344	4
849	25656	4
849	25761	4
849	25837	4
849	25843	4
849	25965	4
849	26661	4
849	26665	4
849	26769	4
849	27033	4
849	27080	4
849	27273	4
849	28319	4
849	28403	4
849	28414	4
849	28615	4
849	28865	4
849	29132	4
849	30208	4
849	30242	4
849	30416	4
849	30591	4
849	30726	4
849	32870	4
849	33442	4
849	33704	4
849	34923	4
849	34952	4
849	36148	4
849	36151	4
849	36152	4
849	36153	4
849	36155	4
849	36156	4
849	36164	4
849	36166	4
849	36167	4
849	36174	4
849	36176	4
849	36179	4
849	36180	4
849	36182	4
849	46298	4
849	46299	4
849	47053	4
849	47072	4
849	47397	4
849	47518	4
849	48099	4
849	48205	4
849	48215	4
849	48230	4
849	48347	4
849	48508	4
849	49020	4
849	49275	4
849	49497	4
849	50451	4
849	50812	4
849	51049	4
849	51365	4
849	51394	4
849	51407	4
849	51419	4
849	51496	4
849	52092	4
849	52094	4
849	52217	4
849	52379	4
849	52491	4
849	52726	4
849	52909	4
849	52936	4
849	53342	4
849	53903	4
849	54137	4
849	54393	4
849	54424	4
849	54688	4
849	54755	4
849	54872	4
849	54876	4
849	54923	4
849	55005	4
849	55156	4
849	55529	4
849	55552	4
849	55704	4
849	59917	4
849	60158	4
849	60166	4
849	60174	4
849	60349	4
849	60550	4
849	60579	4
849	61246	4
849	61373	4
849	62493	4
849	62968	4
849	63130	4
849	64877	4
849	65534	4
849	65554	4
849	67399	4
849	67403	4
849	67404	4
849	67405	4
849	67414	4
849	67417	4
849	67419	4
849	67421	4
849	67422	4
849	67425	4
849	67428	4
849	67430	4
849	67432	4
849	67436	4
849	67438	4
849	67440	4
849	67442	4
849	67443	4
849	67444	4
849	67447	4
849	67448	4
849	67450	4
849	72061	4
849	73211	4
849	73233	4
849	75455	4
849	77219	4
849	77222	4
849	77223	4
849	77225	4
849	77226	4
849	77228	4
849	77229	4
849	77231	4
849	77232	4
850	80	4
850	7509	4
850	7850	4
850	19142	4
850	23786	4
850	23811	4
850	24098	4
850	24551	4
850	28296	4
850	28298	4
850	28429	4
850	46349	4
850	46484	4
850	46592	4
850	46987	4
850	47005	4
850	47374	4
850	47494	4
850	47953	4
850	48316	4
850	48863	4
850	49269	4
850	51332	4
850	52534	4
850	52570	4
850	52594	4
850	58624	4
850	62905	4
850	71914	4
850	71990	4
850	72487	4
850	72770	4
850	73478	4
850	73598	4
850	75171	4
850	76216	4
850	76773	4
850	76779	4
850	77236	4
851	26484	4
851	46635	4
851	48550	4
851	57684	4
852	743	4
852	1274	4
852	8104	4
852	8826	4
852	9786	4
852	9792	4
852	18899	4
852	23704	4
852	23803	4
852	23842	4
852	23893	4
852	23927	4
852	23963	4
852	24094	4
852	24103	4
852	24361	4
852	24430	4
852	24435	4
852	24793	4
852	25482	4
852	25487	4
852	25495	4
852	25997	4
852	26005	4
852	26364	4
852	26451	4
852	26469	4
852	26854	4
852	27686	4
852	28172	4
852	28274	4
852	28642	4
852	29416	4
852	29418	4
852	29654	4
852	30326	4
852	30557	4
852	30790	4
852	32133	4
852	32472	4
852	32936	4
852	33059	4
852	33285	4
852	36191	4
852	36192	4
852	36194	4
852	36200	4
852	36201	4
852	36203	4
852	36204	4
852	36205	4
852	36206	4
852	46485	4
852	46493	4
852	46542	4
852	46544	4
852	46574	4
852	46763	4
852	46804	4
852	46809	4
852	46860	4
852	46975	4
852	46982	4
852	46984	4
852	47111	4
852	47123	4
852	47384	4
852	47481	4
852	47568	4
852	47574	4
852	47708	4
852	48043	4
852	48186	4
852	48188	4
852	48318	4
852	48319	4
852	48424	4
852	48647	4
852	48653	4
852	48656	4
852	48844	4
852	48874	4
852	48889	4
852	49342	4
852	49544	4
852	49773	4
852	50628	4
852	50742	4
852	51499	4
852	52102	4
852	52240	4
852	52243	4
852	52293	4
852	52600	4
852	52672	4
852	52689	4
852	52726	4
852	53072	4
852	53504	4
852	53531	4
852	53564	4
852	53651	4
852	54317	4
852	54518	4
852	54519	4
852	54579	4
852	54689	4
852	55210	4
852	56096	4
852	56311	4
852	57396	4
852	57407	4
852	57794	4
852	58164	4
852	58180	4
852	58773	4
852	59529	4
852	60239	4
852	60703	4
852	61519	4
852	61897	4
852	62038	4
852	62400	4
852	62946	4
852	64235	4
852	64265	4
852	65008	4
852	65895	4
852	65916	4
852	66112	4
852	66852	4
852	66861	4
852	67460	4
852	67462	4
852	67463	4
852	67464	4
852	67470	4
852	67477	4
852	67478	4
852	67480	4
852	67483	4
852	67485	4
852	67486	4
852	67487	4
852	71218	4
852	71647	4
852	77247	4
852	77249	4
852	77252	4
852	77256	4
853	65	4
853	125	4
853	24245	4
853	24698	4
853	25256	4
853	25618	4
853	25731	4
853	27397	4
853	27961	4
853	35608	4
853	44996	4
853	46603	4
853	47192	4
853	47203	4
853	47660	4
853	47883	4
853	49411	4
853	51184	4
853	62265	4
853	62266	4
853	67517	4
853	73817	4
853	75305	4
853	77261	4
853	77262	4
854	8044	4
854	23706	4
854	23923	4
854	24026	4
854	25888	4
854	46301	4
854	46850	4
854	46896	4
854	47149	4
854	47772	4
854	47841	4
854	50296	4
854	51199	4
854	52792	4
854	53483	4
854	53800	4
854	57350	4
854	67519	4
854	67521	4
854	67524	4
854	67525	4
854	71447	4
855	2345	4
855	2346	4
855	7509	4
855	18974	4
855	19980	4
855	23772	4
855	23777	4
855	23805	4
855	23872	4
855	23942	4
855	23954	4
855	24407	4
855	24430	4
855	24443	4
855	24553	4
855	24610	4
855	24843	4
855	24987	4
855	25471	4
855	25479	4
855	25836	4
855	26531	4
855	26591	4
855	27014	4
855	28447	4
855	28584	4
855	28933	4
855	31252	4
855	31279	4
855	33285	4
855	34662	4
855	36221	4
855	36229	4
855	46542	4
855	46554	4
855	47495	4
855	48660	4
855	49331	4
855	50058	4
855	50061	4
855	50537	4
855	50718	4
855	51318	4
855	52588	4
855	53455	4
855	53749	4
855	54601	4
855	56043	4
855	63611	4
855	66058	4
855	66143	4
855	66395	4
855	67531	4
855	71355	4
855	71626	4
855	73518	4
855	76591	4
855	77155	4
855	77263	4
855	77272	4
855	77273	4
856	2351	4
856	25169	4
856	25656	4
856	25958	4
856	48241	4
856	54319	4
856	54687	4
856	60158	4
856	65554	4
856	67539	4
857	189	4
857	1405	4
857	24554	4
857	25482	4
857	28642	4
857	31638	4
857	36233	4
857	36235	4
857	46564	4
857	47775	4
857	48649	4
857	48651	4
857	49393	4
857	51335	4
857	55814	4
857	56146	4
857	67542	4
857	67543	4
857	77274	4
858	23690	4
858	23757	4
858	23914	4
858	24661	4
858	24833	4
858	24967	4
858	26451	4
858	26627	4
858	27496	4
858	27959	4
858	30261	4
858	35242	4
858	46301	4
858	46839	4
858	46859	4
858	47192	4
858	47679	4
858	47844	4
858	48581	4
858	48607	4
858	49772	4
858	49778	4
858	50023	4
858	67545	4
858	67549	4
858	72394	4
859	1247	4
859	19796	4
859	23895	4
859	25477	4
859	25485	4
859	26524	4
859	28120	4
859	46519	4
859	46538	4
859	46547	4
859	46593	4
859	46594	4
859	47496	4
859	47987	4
859	48009	4
859	48354	4
859	48640	4
859	48654	4
859	51884	4
859	57469	4
859	57688	4
859	59127	4
859	59828	4
859	61279	4
859	62261	4
859	77277	4
860	2360	4
860	2361	4
860	2362	4
860	2363	4
860	2364	4
860	9796	4
860	19360	4
860	19374	4
860	19723	4
860	20238	4
860	20240	4
860	20241	4
860	23978	4
860	24357	4
860	24384	4
860	24847	4
860	25291	4
860	25295	4
860	25299	4
860	25300	4
860	27421	4
860	27441	4
860	27719	4
860	27986	4
860	28277	4
860	28454	4
860	29416	4
860	29466	4
860	30754	4
860	30760	4
860	31862	4
860	32051	4
860	34059	4
860	34799	4
860	36241	4
860	36244	4
860	36245	4
860	36247	4
860	36249	4
860	36250	4
860	36257	4
860	36259	4
860	49177	4
860	49204	4
860	51131	4
860	55261	4
860	58381	4
860	63804	4
860	65869	4
860	67557	4
860	67558	4
860	67561	4
860	67563	4
860	67565	4
860	67567	4
860	77280	4
860	77281	4
861	23734	4
861	23740	4
861	24245	4
861	25331	4
861	25656	4
861	25837	4
861	26121	4
861	26752	4
861	26772	4
861	27642	4
861	28107	4
861	29055	4
861	29071	4
861	29074	4
861	30471	4
861	36266	4
861	46979	4
861	48550	4
861	48904	4
861	49414	4
861	50980	4
861	52229	4
861	52406	4
861	53427	4
861	54801	4
861	54954	4
861	59288	4
861	60484	4
861	62511	4
861	63844	4
861	67568	4
861	67569	4
862	2366	4
862	18974	4
862	27158	4
862	27271	4
862	27624	4
862	28899	4
862	30416	4
862	36268	4
862	48226	4
862	51003	4
862	51061	4
862	51885	4
862	52472	4
862	54447	4
862	56852	4
862	56954	4
862	57487	4
862	60703	4
862	60778	4
862	64855	4
862	67193	4
862	67575	4
862	67576	4
862	67577	4
862	67578	4
862	77283	4
863	24182	4
863	24203	4
863	25115	4
863	25210	4
863	25555	4
863	25563	4
863	25681	4
863	25697	4
863	26002	4
863	26230	4
863	29380	4
863	30420	4
863	31990	4
863	32817	4
863	33700	4
863	36275	4
863	46298	4
863	46979	4
863	46986	4
863	47053	4
863	47081	4
863	47336	4
863	47397	4
863	47401	4
863	47404	4
863	48144	4
863	48225	4
863	48735	4
863	48857	4
863	48973	4
863	48981	4
863	48984	4
863	49036	4
863	49042	4
863	49068	4
863	50468	4
863	50740	4
863	50752	4
863	51447	4
863	52440	4
863	52645	4
863	52915	4
863	53000	4
863	54089	4
863	54104	4
863	54135	4
863	54366	4
863	54954	4
863	55016	4
863	55077	4
863	55704	4
863	58037	4
863	58871	4
863	60568	4
863	62896	4
863	62972	4
863	63228	4
863	67583	4
863	67584	4
863	67585	4
863	67588	4
863	67591	4
863	67592	4
863	67594	4
863	67595	4
863	67596	4
863	67597	4
863	71668	4
864	668	4
864	8286	4
864	9799	4
864	23906	4
864	24049	4
864	24702	4
864	24760	4
864	24945	4
864	25098	4
864	25506	4
864	25508	4
864	25575	4
864	25828	4
864	26260	4
864	26270	4
864	27788	4
864	29012	4
864	32544	4
864	36276	4
864	36277	4
864	36280	4
864	46329	4
864	46589	4
864	46635	4
864	47113	4
864	47216	4
864	47222	4
864	47411	4
864	47753	4
864	49166	4
864	49567	4
864	49864	4
864	51048	4
864	52142	4
864	57065	4
864	57081	4
864	63250	4
864	65398	4
864	66663	4
864	67601	4
864	67602	4
864	67608	4
864	67609	4
864	67610	4
865	7701	4
865	36283	4
865	55219	4
865	58191	4
865	61363	4
865	67611	4
866	9800	4
866	23832	4
866	23890	4
866	23899	4
866	24094	4
866	24511	4
866	25189	4
866	25477	4
866	25871	4
866	26298	4
866	26322	4
866	26696	4
866	27250	4
866	28202	4
866	28274	4
866	46516	4
866	46544	4
866	46554	4
866	47308	4
866	47459	4
866	47554	4
866	47919	4
866	48064	4
866	48100	4
866	48130	4
866	48284	4
866	49373	4
866	50150	4
866	50166	4
866	51295	4
866	51637	4
866	52242	4
866	52295	4
866	56321	4
866	58356	4
866	58369	4
866	58912	4
866	59756	4
866	60320	4
866	77288	4
866	77289	4
867	9801	4
867	9802	4
867	23736	4
867	24122	4
867	24140	4
867	24198	4
867	24506	4
867	25480	4
867	25749	4
867	29071	4
867	29686	4
867	33635	4
867	36285	4
867	36287	4
867	47017	4
867	49024	4
867	52876	4
867	54940	4
867	57098	4
867	66600	4
868	8546	4
868	23897	4
868	52187	4
868	53501	4
869	742	4
869	23922	4
869	23996	4
869	24665	4
869	25258	4
869	25363	4
869	26489	4
869	34951	4
869	46950	4
869	47434	4
869	47638	4
869	49700	4
869	57669	4
869	66599	4
869	67619	4
869	67621	4
869	73717	4
869	76343	4
869	77295	4
870	496	4
870	576	4
870	23765	4
870	24274	4
870	24822	4
870	24918	4
870	25731	4
870	29250	4
870	46301	4
870	47350	4
870	47741	4
870	56502	4
870	71214	4
871	65	4
871	185	4
871	287	4
871	2369	4
871	7987	4
871	8009	4
871	8113	4
871	9181	4
871	9257	4
871	9435	4
871	9806	4
871	9807	4
871	9808	4
871	9810	4
871	18884	4
871	19040	4
871	23690	4
871	23698	4
871	23700	4
871	23704	4
871	23858	4
871	23921	4
871	23937	4
871	23938	4
871	23991	4
871	23996	4
871	24027	4
871	24032	4
871	24057	4
871	24062	4
871	24288	4
871	24293	4
871	24316	4
871	24322	4
871	24329	4
871	24364	4
871	24388	4
871	24441	4
871	24444	4
871	24465	4
871	24503	4
871	24546	4
871	24721	4
871	24736	4
871	24813	4
871	24865	4
871	24871	4
871	24902	4
871	24954	4
871	25095	4
871	25123	4
871	25200	4
871	25207	4
871	25317	4
871	25382	4
871	25459	4
871	25508	4
871	25511	4
871	25548	4
871	25621	4
871	25713	4
871	25878	4
871	25994	4
871	26016	4
871	26063	4
871	26115	4
871	26205	4
871	26255	4
871	26265	4
871	26768	4
871	26890	4
871	27329	4
871	27352	4
871	27368	4
871	27467	4
871	27487	4
871	27544	4
871	27612	4
871	27942	4
871	28106	4
871	28184	4
871	28478	4
871	29012	4
871	29288	4
871	30053	4
871	30103	4
871	30256	4
871	30718	4
871	31173	4
871	31176	4
871	32434	4
871	32469	4
871	32892	4
871	34618	4
871	35576	4
871	36298	4
871	36299	4
871	36300	4
871	36302	4
871	45085	4
871	46301	4
871	46308	4
871	46326	4
871	46329	4
871	46336	4
871	46343	4
871	46348	4
871	46354	4
871	46368	4
871	46417	4
871	46454	4
871	46457	4
871	46460	4
871	46469	4
871	46551	4
871	46614	4
871	46615	4
871	46618	4
871	46638	4
871	46714	4
871	46824	4
871	46843	4
871	46922	4
871	46954	4
871	46955	4
871	46988	4
871	47123	4
871	47151	4
871	47154	4
871	47186	4
871	47187	4
871	47199	4
871	47200	4
871	47207	4
871	47228	4
871	47259	4
871	47276	4
871	47283	4
871	47288	4
871	47627	4
871	47659	4
871	47660	4
871	47665	4
871	47712	4
871	47722	4
871	47811	4
871	47939	4
871	48228	4
871	48354	4
871	48432	4
871	48437	4
871	48447	4
871	48575	4
871	48580	4
871	48581	4
871	48584	4
871	48652	4
871	48668	4
871	48770	4
871	49178	4
871	49663	4
871	49780	4
871	49864	4
871	50023	4
871	50025	4
871	50308	4
871	51911	4
871	52177	4
871	52230	4
871	52263	4
871	52691	4
871	53031	4
871	53108	4
871	54457	4
871	54501	4
871	54666	4
871	54801	4
871	54832	4
871	54848	4
871	55061	4
871	55140	4
871	55141	4
871	55210	4
871	55342	4
871	56311	4
871	56314	4
871	56521	4
871	56584	4
871	56869	4
871	56895	4
871	57019	4
871	57356	4
871	58632	4
871	58683	4
871	58712	4
871	58979	4
871	59720	4
871	60068	4
871	60619	4
871	60899	4
871	62658	4
871	63595	4
871	64200	4
871	64417	4
871	65752	4
871	67229	4
871	67625	4
871	67627	4
871	67628	4
871	67629	4
871	67631	4
871	67632	4
871	67633	4
871	67634	4
871	67637	4
871	67638	4
871	67640	4
871	67642	4
871	67644	4
871	67645	4
871	67647	4
871	67648	4
871	67649	4
871	67650	4
871	71214	4
871	71265	4
871	71452	4
871	71553	4
871	72579	4
871	72666	4
871	77296	4
871	77299	4
871	77300	4
872	369	4
872	436	4
872	9812	4
872	19288	4
872	20248	4
872	24600	4
872	24621	4
872	24957	4
872	25194	4
872	26628	4
872	26637	4
872	26642	4
872	26660	4
872	26677	4
872	27053	4
872	27231	4
872	27907	4
872	28021	4
872	29337	4
872	29362	4
872	30304	4
872	30313	4
872	31328	4
872	31937	4
872	35395	4
872	35572	4
872	36306	4
872	36309	4
872	36311	4
872	36313	4
872	47001	4
872	47511	4
872	47531	4
872	49273	4
872	50209	4
872	50290	4
872	50640	4
872	50895	4
872	51840	4
872	52126	4
872	54095	4
872	54812	4
872	56563	4
872	58185	4
872	59439	4
872	61838	4
872	64706	4
872	66086	4
872	66160	4
872	66372	4
872	67655	4
872	67657	4
872	67659	4
872	67660	4
872	67661	4
872	74760	4
872	77301	4
872	77302	4
873	359	4
873	411	4
873	1802	4
873	2371	4
873	8305	4
873	9814	4
873	9815	4
873	18838	4
873	18865	4
873	23820	4
873	23902	4
873	23926	4
873	23929	4
873	24027	4
873	24032	4
873	24065	4
873	24079	4
873	24275	4
873	24276	4
873	24323	4
873	24340	4
873	24655	4
873	24719	4
873	24721	4
873	24763	4
873	24782	4
873	24817	4
873	24899	4
873	24949	4
873	25053	4
873	25249	4
873	25375	4
873	25378	4
873	25400	4
873	25434	4
873	25435	4
873	25437	4
873	25439	4
873	25508	4
873	25607	4
873	25612	4
873	25723	4
873	25880	4
873	25961	4
873	26061	4
873	26108	4
873	26329	4
873	26438	4
873	26450	4
873	26467	4
873	26484	4
873	26510	4
873	26563	4
873	26872	4
873	26931	4
873	27333	4
873	27484	4
873	27489	4
873	27510	4
873	27527	4
873	27528	4
873	27934	4
873	28078	4
873	28488	4
873	28602	4
873	29392	4
873	29940	4
873	30053	4
873	30118	4
873	30169	4
873	30212	4
873	30245	4
873	30841	4
873	31181	4
873	31308	4
873	32325	4
873	33883	4
873	33988	4
873	34210	4
873	34378	4
873	34876	4
873	34878	4
873	36290	4
873	36316	4
873	36318	4
873	36319	4
873	36326	4
873	36327	4
873	36330	4
873	36335	4
873	36336	4
873	36338	4
873	46309	4
873	46323	4
873	46341	4
873	46345	4
873	46382	4
873	46393	4
873	46431	4
873	46439	4
873	46452	4
873	46478	4
873	46603	4
873	46620	4
873	46682	4
873	46926	4
873	47157	4
873	47207	4
873	47211	4
873	47283	4
873	47646	4
873	47655	4
873	47659	4
873	47672	4
873	47674	4
873	47696	4
873	47726	4
873	47828	4
873	48163	4
873	48541	4
873	48581	4
873	49657	4
873	50067	4
873	50776	4
873	51044	4
873	52135	4
873	55338	4
873	56309	4
873	56634	4
873	57981	4
873	59467	4
873	60746	4
873	62214	4
873	64966	4
873	67229	4
873	67673	4
873	67674	4
873	67675	4
873	67677	4
873	67684	4
873	67687	4
873	67688	4
873	67690	4
873	74100	4
873	77304	4
874	2376	4
874	8292	4
874	19619	4
874	20255	4
874	20257	4
874	25109	4
874	26394	4
874	26744	4
874	28414	4
874	29206	4
874	29210	4
874	29595	4
874	33184	4
874	34172	4
874	34769	4
874	36355	4
874	36356	4
874	36358	4
874	36368	4
874	36369	4
874	36371	4
874	45089	4
874	45092	4
874	50222	4
874	50252	4
874	53120	4
874	53145	4
874	53475	4
874	54284	4
874	54286	4
874	56806	4
874	56906	4
874	61239	4
874	61404	4
874	61676	4
874	62758	4
874	63503	4
874	64350	4
874	64351	4
874	64514	4
874	64666	4
874	67707	4
874	67709	4
874	67711	4
874	67714	4
874	67715	4
874	67716	4
874	67718	4
874	67721	4
874	67729	4
874	67736	4
874	71560	4
874	75106	4
874	75617	4
874	76414	4
874	77315	4
874	77316	4
874	77317	4
874	77319	4
874	77322	4
875	292	4
875	595	4
875	614	4
875	618	4
875	903	4
875	904	4
875	1761	4
875	2283	4
875	2383	4
875	2386	4
875	2389	4
875	2390	4
875	2391	4
875	9819	4
875	16321	4
875	20258	4
875	20260	4
875	24741	4
875	24809	4
875	24941	4
875	27805	4
875	28082	4
875	28096	4
875	28417	4
875	28823	4
875	28825	4
875	29764	4
875	31196	4
875	31513	4
875	33383	4
875	33862	4
875	33864	4
875	33868	4
875	33871	4
875	33873	4
875	33895	4
875	33910	4
875	35075	4
875	35417	4
875	35425	4
875	35433	4
875	36066	4
875	36070	4
875	36378	4
875	36381	4
875	36382	4
875	36385	4
875	36389	4
875	36390	4
875	36391	4
875	36393	4
875	36396	4
875	36397	4
875	36399	4
875	36403	4
875	36405	4
875	36406	4
875	36409	4
875	36413	4
875	36416	4
875	36417	4
875	36418	4
875	36420	4
875	36421	4
875	36422	4
875	36423	4
875	36425	4
875	36426	4
875	46481	4
875	46565	4
875	46840	4
875	46845	4
875	46863	4
875	46963	4
875	46966	4
875	47194	4
875	47280	4
875	47744	4
875	48037	4
875	48314	4
875	48831	4
875	48844	4
875	49161	4
875	49183	4
875	49744	4
875	52239	4
875	54379	4
875	54840	4
875	55598	4
875	55730	4
875	55737	4
875	55748	4
875	55752	4
875	55755	4
875	55768	4
875	55790	4
875	56189	4
875	56205	4
875	56873	4
875	56996	4
875	57644	4
875	57912	4
875	57913	4
875	57973	4
875	58525	4
875	58529	4
875	58530	4
875	61210	4
875	62014	4
875	62826	4
875	62835	4
875	62850	4
875	62879	4
875	62891	4
875	63765	4
875	63936	4
875	65030	4
875	65389	4
875	66018	4
875	66132	4
875	66136	4
875	67089	4
875	67151	4
875	67199	4
875	67201	4
875	67737	4
875	67738	4
875	67740	4
875	67747	4
875	67748	4
875	67753	4
875	67754	4
875	67755	4
875	67756	4
875	67757	4
875	67759	4
875	67760	4
875	67761	4
875	67764	4
875	67766	4
875	67767	4
875	67769	4
875	67772	4
875	67778	4
875	67779	4
875	67782	4
875	67783	4
875	67785	4
875	67786	4
875	67787	4
875	67789	4
875	67792	4
875	67793	4
875	67795	4
875	67797	4
875	67799	4
875	67803	4
875	67804	4
875	67805	4
875	67809	4
875	67812	4
875	67815	4
875	67816	4
875	67824	4
875	67827	4
875	67830	4
875	67831	4
875	67833	4
875	67834	4
875	67839	4
875	67842	4
875	67845	4
875	67846	4
875	67848	4
875	67850	4
875	67851	4
875	67855	4
875	67856	4
875	67857	4
875	67860	4
875	67864	4
875	67865	4
875	67867	4
875	67868	4
875	67869	4
875	67871	4
875	67872	4
875	67873	4
875	67875	4
875	67876	4
875	67877	4
875	67878	4
875	67880	4
875	67881	4
875	67882	4
875	67883	4
875	67884	4
875	67885	4
875	67886	4
875	67887	4
875	67890	4
875	67894	4
875	67897	4
875	67898	4
875	67901	4
875	67902	4
875	67904	4
875	67905	4
875	67908	4
875	67909	4
875	67910	4
875	71309	4
875	72211	4
875	72717	4
875	75467	4
875	75659	4
875	75670	4
875	75685	4
875	75704	4
875	75715	4
875	76427	4
875	77325	4
875	77326	4
875	77328	4
875	77329	4
875	77333	4
875	77334	4
875	77335	4
875	77336	4
875	77337	4
875	77345	4
875	77346	4
876	2393	4
876	9728	4
876	15632	4
876	23876	4
876	24104	4
876	24334	4
876	24386	4
876	25095	4
876	25626	4
876	26256	4
876	27597	4
876	36427	4
876	36429	4
876	46535	4
876	46556	4
876	47605	4
876	49779	4
876	51615	4
876	55928	4
876	67919	4
876	67924	4
876	67925	4
876	74100	4
876	77348	4
877	1418	4
877	9832	4
877	9833	4
877	24331	4
877	24904	4
877	36432	4
877	58344	4
877	67934	4
877	67936	4
877	77352	4
877	77353	4
878	9835	4
878	23901	4
878	23924	4
878	24318	4
878	24641	4
878	25207	4
878	25451	4
878	27584	4
878	28072	4
878	30176	4
878	36270	4
878	36435	4
878	46309	4
878	46432	4
878	46927	4
878	49789	4
878	52170	4
878	52826	4
878	67940	4
879	7	4
879	7752	4
879	9837	4
879	15682	4
879	20263	4
879	23872	4
879	23891	4
879	23895	4
879	24632	4
879	24777	4
879	25145	4
879	25451	4
879	25647	4
879	26103	4
879	26107	4
879	26617	4
879	26998	4
879	27369	4
879	27522	4
879	27565	4
879	27803	4
879	28434	4
879	28629	4
879	29554	4
879	30303	4
879	35087	4
879	46838	4
879	47281	4
879	47336	4
879	47942	4
879	48567	4
879	50314	4
879	50575	4
879	50625	4
879	51199	4
879	51416	4
879	51515	4
879	51747	4
879	52279	4
879	53611	4
879	59823	4
879	59829	4
879	62567	4
879	67321	4
879	67941	4
879	67942	4
879	67943	4
879	67944	4
879	71453	4
879	71466	4
879	74439	4
879	77355	4
879	77356	4
880	522	4
880	1121	4
880	2396	4
880	2397	4
880	2398	4
880	2399	4
880	9841	4
880	9844	4
880	29916	4
880	36439	4
880	36444	4
880	45094	4
880	50803	4
880	52448	4
880	54904	4
880	57559	4
880	58031	4
880	58458	4
880	67948	4
880	67950	4
880	67951	4
880	67953	4
880	67954	4
880	67955	4
880	67957	4
880	74078	4
880	77357	4
880	77358	4
880	77359	4
881	19346	4
881	24386	4
881	25420	4
881	25423	4
881	26308	4
881	27136	4
881	27147	4
881	27160	4
881	27173	4
881	27198	4
881	28663	4
881	28951	4
881	28954	4
881	31349	4
881	31354	4
881	31418	4
881	31429	4
881	31435	4
881	31598	4
881	35124	4
881	36448	4
881	36452	4
881	36453	4
881	46740	4
881	47005	4
881	47087	4
881	47245	4
881	47899	4
881	47906	4
881	47909	4
881	49356	4
881	49469	4
881	50105	4
881	50720	4
881	51338	4
881	51546	4
881	51547	4
881	51630	4
881	51706	4
881	52304	4
881	52755	4
881	54585	4
881	56442	4
881	58952	4
881	64148	4
881	64164	4
881	65446	4
881	67967	4
881	67968	4
881	67970	4
881	67971	4
881	67976	4
881	67982	4
881	73631	4
881	77361	4
881	77364	4
881	77365	4
882	23931	4
882	46949	4
882	56511	4
882	71624	4
883	18930	4
883	27963	4
883	48336	4
883	48346	4
883	49603	4
883	50427	4
883	50463	4
883	50472	4
883	52690	4
883	52918	4
883	59554	4
883	67996	4
883	67998	4
883	67999	4
883	68003	4
883	68008	4
884	73	4
884	7798	4
884	9854	4
884	9856	4
884	9857	4
884	20266	4
884	23877	4
884	24262	4
884	25102	4
884	26020	4
884	26172	4
884	26182	4
884	26364	4
884	28572	4
884	36459	4
884	36460	4
884	46493	4
884	47300	4
884	47491	4
884	47574	4
884	50293	4
884	51255	4
884	51710	4
884	52201	4
884	53558	4
884	54089	4
884	59374	4
884	62612	4
884	65821	4
884	68010	4
884	68011	4
884	71383	4
884	73769	4
884	77369	4
885	80	4
885	19465	4
885	23777	4
885	23806	4
885	23824	4
885	23856	4
885	23899	4
885	24412	4
885	24511	4
885	24519	4
885	24540	4
885	25015	4
885	25492	4
885	28425	4
885	30790	4
885	35994	4
885	46501	4
885	46534	4
885	46552	4
885	46990	4
885	47612	4
885	48316	4
885	48354	4
885	50950	4
885	52573	4
885	53580	4
885	53600	4
885	64435	4
885	66399	4
885	67052	4
886	25471	4
886	26692	4
886	31291	4
886	31625	4
886	32120	4
886	45097	4
886	47248	4
886	48572	4
886	50179	4
886	51630	4
886	53597	4
886	58088	4
886	68018	4
886	75191	4
887	242	4
887	762	4
887	1151	4
887	1321	4
887	2405	4
887	7757	4
887	9862	4
887	9866	4
887	9868	4
887	15890	4
887	16326	4
887	16327	4
887	16333	4
887	16335	4
887	18980	4
887	19106	4
887	19159	4
887	20015	4
887	20275	4
887	20276	4
887	25113	4
887	25348	4
887	26392	4
887	26415	4
887	26780	4
887	27737	4
887	28239	4
887	28319	4
887	28402	4
887	28414	4
887	28508	4
887	28665	4
887	28732	4
887	29187	4
887	29191	4
887	29232	4
887	29416	4
887	29475	4
887	29699	4
887	29969	4
887	30496	4
887	30660	4
887	30678	4
887	32558	4
887	32905	4
887	33700	4
887	34357	4
887	34623	4
887	35617	4
887	36196	4
887	36357	4
887	36477	4
887	36479	4
887	36485	4
887	36486	4
887	36489	4
887	36495	4
887	36498	4
887	36502	4
887	36503	4
887	36507	4
887	36510	4
887	36512	4
887	36515	4
887	36517	4
887	36519	4
887	46723	4
887	46793	4
887	47108	4
887	47518	4
887	47521	4
887	47530	4
887	48537	4
887	48867	4
887	49465	4
887	49948	4
887	50241	4
887	50262	4
887	50814	4
887	50816	4
887	52097	4
887	52468	4
887	52821	4
887	53058	4
887	53159	4
887	53336	4
887	53786	4
887	54262	4
887	54278	4
887	54635	4
887	54715	4
887	54758	4
887	54922	4
887	55066	4
887	55203	4
887	55266	4
887	55273	4
887	56027	4
887	56087	4
887	56617	4
887	56895	4
887	56915	4
887	56934	4
887	58899	4
887	59450	4
887	59464	4
887	59529	4
887	59569	4
887	59645	4
887	59673	4
887	60297	4
887	60677	4
887	61071	4
887	61234	4
887	61407	4
887	61437	4
887	61443	4
887	61446	4
887	61755	4
887	62359	4
887	63467	4
887	63891	4
887	65223	4
887	65286	4
887	66088	4
887	66413	4
887	66671	4
887	67399	4
887	68027	4
887	68033	4
887	68037	4
887	68041	4
887	68043	4
887	68046	4
887	68050	4
887	68051	4
887	68053	4
887	68054	4
887	68055	4
887	68064	4
887	68073	4
887	68079	4
887	68084	4
887	68085	4
887	68087	4
887	68096	4
887	68097	4
887	68110	4
887	68117	4
887	68118	4
887	68119	4
887	68122	4
887	68125	4
887	68130	4
887	68134	4
887	68135	4
887	68136	4
887	68141	4
887	68142	4
887	68145	4
887	68148	4
887	68151	4
887	68152	4
887	72001	4
887	72679	4
887	73075	4
887	75003	4
887	76924	4
887	77015	4
887	77377	4
887	77378	4
887	77379	4
887	77382	4
887	77383	4
887	77385	4
887	77388	4
887	77392	4
887	77394	4
887	77397	4
887	77400	4
887	77401	4
887	77408	4
887	77413	4
887	77416	4
887	77417	4
888	25253	4
888	25925	4
888	27716	4
888	68166	4
888	68167	4
888	77420	4
889	85	4
889	2124	4
889	2408	4
889	9871	4
889	24570	4
889	28972	4
889	29320	4
889	31933	4
889	31948	4
889	46793	4
889	47567	4
889	48182	4
889	49293	4
889	50209	4
889	51350	4
889	51858	4
889	52126	4
889	54787	4
889	59410	4
889	61838	4
889	63794	4
889	66368	4
889	68172	4
889	68173	4
889	68174	4
889	73060	4
889	74086	4
889	77423	4
889	77425	4
889	77429	4
889	77430	4
889	77431	4
889	77432	4
889	77433	4
890	2409	4
890	2412	4
890	20283	4
890	23690	4
890	23754	4
890	23871	4
890	23911	4
890	24059	4
890	24268	4
890	24325	4
890	24356	4
890	24745	4
890	24773	4
890	24954	4
890	25506	4
890	25514	4
890	25549	4
890	25609	4
890	25619	4
890	25975	4
890	26257	4
890	27561	4
890	28610	4
890	29391	4
890	29463	4
890	33695	4
890	34325	4
890	35433	4
890	36534	4
890	36535	4
890	36536	4
890	36539	4
890	46478	4
890	46597	4
890	46620	4
890	47291	4
890	47821	4
890	47932	4
890	49085	4
890	50377	4
890	52981	4
890	56112	4
890	56372	4
890	60856	4
890	68184	4
890	68189	4
890	68196	4
890	68198	4
890	71636	4
890	72263	4
890	72326	4
890	77438	4
890	77439	4
890	77440	4
890	77443	4
891	639	4
891	23775	4
891	23811	4
891	23822	4
891	24437	4
891	24514	4
891	24540	4
891	24551	4
891	24552	4
891	25479	4
891	25491	4
891	25862	4
891	25867	4
891	26599	4
891	27597	4
891	30790	4
891	35553	4
891	46565	4
891	48595	4
891	48657	4
891	49681	4
891	50050	4
891	50557	4
891	52536	4
891	52541	4
891	52556	4
891	56294	4
891	61482	4
891	63626	4
891	66337	4
891	66396	4
891	68201	4
891	68203	4
891	68204	4
891	72078	4
892	24090	4
892	28208	4
892	49396	4
892	50142	4
892	51630	4
892	53326	4
892	58222	4
893	23930	4
893	24274	4
893	25123	4
893	25384	4
893	25457	4
893	26931	4
893	28488	4
893	29155	4
893	30640	4
893	31346	4
893	46838	4
893	46985	4
893	47289	4
893	48582	4
893	48622	4
893	48778	4
893	49559	4
893	57772	4
893	57833	4
893	58216	4
893	63130	4
893	71651	4
893	71941	4
893	77446	4
894	2123	4
894	7519	4
894	7937	4
894	8400	4
894	8675	4
894	8853	4
894	9876	4
894	9877	4
894	23698	4
894	23856	4
894	25471	4
894	26032	4
894	27586	4
894	27673	4
894	28119	4
894	28215	4
894	29375	4
894	31339	4
894	31348	4
894	35310	4
894	46297	4
894	46334	4
894	46436	4
894	46483	4
894	46504	4
894	46519	4
894	46544	4
894	46547	4
894	46598	4
894	46980	4
894	47347	4
894	47536	4
894	47604	4
894	47903	4
894	48728	4
894	48889	4
894	49305	4
894	50134	4
894	50540	4
894	50662	4
894	50678	4
894	50730	4
894	51340	4
894	52315	4
894	52550	4
894	52636	4
894	54060	4
894	56323	4
894	56998	4
894	57011	4
894	57289	4
894	57794	4
894	67052	4
894	67464	4
894	68215	4
894	68216	4
894	68219	4
894	71499	4
894	71542	4
894	71737	4
894	72063	4
894	72165	4
894	72493	4
894	72499	4
894	72896	4
894	73478	4
894	76193	4
894	77448	4
895	24621	4
895	52572	4
895	54479	4
895	62038	4
895	68220	4
896	74	4
896	425	4
896	488	4
896	836	4
896	2416	4
896	2418	4
896	15632	4
896	16341	4
896	18917	4
896	19619	4
896	19948	4
896	20246	4
896	23957	4
896	24374	4
896	24378	4
896	24421	4
896	25424	4
896	25485	4
896	26105	4
896	26154	4
896	26287	4
896	26335	4
896	26583	4
896	26588	4
896	26693	4
896	26696	4
896	27184	4
896	28952	4
896	30015	4
896	44691	4
896	46495	4
896	46552	4
896	46756	4
896	46881	4
896	47924	4
896	48319	4
896	48695	4
896	49333	4
896	50109	4
896	50179	4
896	50712	4
896	50720	4
896	51570	4
896	51589	4
896	51675	4
896	52698	4
896	53057	4
896	53337	4
896	53482	4
896	54610	4
896	55266	4
896	56806	4
896	56882	4
896	58235	4
896	58364	4
896	58918	4
896	58919	4
896	58953	4
896	59212	4
896	59343	4
896	59732	4
896	59734	4
896	61466	4
896	68229	4
896	68230	4
896	71399	4
896	71913	4
896	72612	4
896	72833	4
896	74141	4
896	75156	4
896	75595	4
896	77457	4
896	77459	4
896	77461	4
896	77462	4
896	77465	4
897	126	4
897	9577	4
897	23706	4
897	28762	4
897	30238	4
897	36566	4
897	46939	4
897	48578	4
897	49567	4
897	50029	4
897	50295	4
899	228	4
899	1025	4
899	9305	4
899	15699	4
899	16347	4
899	16349	4
899	16351	4
899	16352	4
899	16355	4
899	18919	4
899	18951	4
899	19098	4
899	19272	4
899	20289	4
899	20290	4
899	20291	4
899	29714	4
899	48324	4
899	49081	4
899	50927	4
899	52334	4
899	52937	4
899	56067	4
899	57499	4
899	60084	4
899	63119	4
899	65037	4
899	65049	4
899	65574	4
899	66370	4
899	66390	4
899	68003	4
899	68242	4
899	68244	4
899	68245	4
899	68246	4
899	68250	4
899	68251	4
899	68252	4
899	68253	4
899	68257	4
899	68262	4
899	71195	4
899	71677	4
899	71762	4
899	77466	4
899	77467	4
899	77468	4
899	77469	4
899	77471	4
899	77472	4
899	77474	4
899	77475	4
899	77476	4
899	77477	4
899	77478	4
900	19757	4
900	23923	4
900	27120	4
900	28180	4
900	29554	4
900	29678	4
900	29798	4
900	30329	4
900	33728	4
900	36571	4
900	36572	4
900	36575	4
900	36576	4
900	36577	4
900	45104	4
900	57795	4
900	57799	4
900	63619	4
900	63971	4
900	66955	4
900	68264	4
900	68266	4
900	68267	4
900	68268	4
900	68270	4
900	68272	4
900	68273	4
900	68274	4
900	68275	4
900	68277	4
900	68279	4
900	77484	4
900	77485	4
902	54	4
902	2385	4
902	9888	4
902	23702	4
902	23754	4
902	23800	4
902	23908	4
902	23936	4
902	23993	4
902	23996	4
902	24027	4
902	24028	4
902	24031	4
902	24032	4
902	24334	4
902	24452	4
902	24486	4
902	24794	4
902	24954	4
902	24960	4
902	25071	4
902	25202	4
902	25382	4
902	25448	4
902	25551	4
902	25617	4
902	26448	4
902	27481	4
902	27501	4
902	27582	4
902	28414	4
902	28477	4
902	29012	4
902	30134	4
902	30371	4
902	30704	4
902	31173	4
902	31761	4
902	33685	4
902	36303	4
902	36582	4
902	36583	4
902	36585	4
902	46301	4
902	46345	4
902	46429	4
902	46439	4
902	46589	4
902	46603	4
902	46837	4
902	46859	4
902	47230	4
902	47660	4
902	47824	4
902	48541	4
902	48616	4
902	48789	4
902	48790	4
902	48821	4
902	48825	4
902	50045	4
902	50498	4
902	50499	4
902	51058	4
902	52770	4
902	56274	4
902	56515	4
902	57921	4
902	58679	4
902	60307	4
902	67229	4
902	67607	4
902	68282	4
902	68283	4
902	68287	4
902	71452	4
902	71465	4
902	71636	4
902	77487	4
903	857	4
903	1151	4
903	23782	4
903	23866	4
903	24122	4
903	24190	4
903	24221	4
903	24386	4
903	24437	4
903	24621	4
903	24797	4
903	25210	4
903	25489	4
903	25630	4
903	25842	4
903	25843	4
903	25904	4
903	25963	4
903	25996	4
903	26726	4
903	28262	4
903	28329	4
903	28539	4
903	29567	4
903	30840	4
903	31880	4
903	33098	4
903	35036	4
903	36586	4
903	36594	4
903	36595	4
903	46515	4
903	47478	4
903	48043	4
903	48635	4
903	48642	4
903	49142	4
903	49395	4
903	50722	4
903	50943	4
903	52305	4
903	52590	4
903	53081	4
903	53339	4
903	53626	4
903	54601	4
903	57462	4
903	63398	4
903	63446	4
903	66720	4
903	67251	4
903	68291	4
903	68292	4
903	68295	4
903	73458	4
903	74056	4
903	77492	4
904	24094	4
904	36600	4
904	46990	4
904	50058	4
905	9145	4
905	9891	4
905	23757	4
905	23996	4
905	24039	4
905	24119	4
905	24776	4
905	25189	4
905	25249	4
905	26895	4
905	27123	4
905	27497	4
905	27832	4
905	30651	4
905	30656	4
905	30673	4
905	30693	4
905	31076	4
905	33595	4
905	35784	4
905	36602	4
905	36603	4
905	36604	4
905	36605	4
905	46309	4
905	46429	4
905	46793	4
905	46814	4
905	46988	4
905	47189	4
905	47287	4
905	48271	4
905	48614	4
905	50400	4
905	53308	4
905	56054	4
905	59346	4
905	59529	4
905	62375	4
905	63485	4
905	63882	4
905	64398	4
905	68315	4
905	68316	4
905	68318	4
905	68319	4
905	68320	4
905	71307	4
905	72166	4
905	77500	4
906	1248	4
906	19074	4
906	23731	4
906	23819	4
906	23866	4
906	24421	4
906	24541	4
906	24554	4
906	24732	4
906	25630	4
906	26523	4
906	27672	4
906	29265	4
906	33454	4
906	33905	4
906	36612	4
906	36613	4
906	47377	4
906	47469	4
906	51150	4
906	51165	4
906	52554	4
906	52594	4
906	58017	4
906	60149	4
906	63179	4
906	76305	4
907	356	4
907	19395	4
907	50511	4
907	68325	4
907	68326	4
907	77501	4
908	47169	4
908	52987	4
908	68194	4
909	484	4
909	2435	4
909	2436	4
909	2439	4
909	2440	4
909	2442	4
909	2445	4
909	2446	4
909	2448	4
909	2449	4
909	2451	4
909	2453	4
909	2455	4
909	2456	4
909	2457	4
909	2459	4
909	2465	4
909	2469	4
909	2470	4
909	2473	4
909	2475	4
909	2480	4
909	2483	4
909	16358	4
909	20298	4
909	20299	4
909	20303	4
909	25289	4
909	36624	4
909	56680	4
909	57777	4
909	66781	4
909	68349	4
909	68351	4
909	68355	4
909	68357	4
909	77506	4
910	2484	4
910	9271	4
910	9894	4
910	9895	4
910	23899	4
910	23975	4
910	24370	4
910	24384	4
910	24488	4
910	24551	4
910	24556	4
910	24844	4
910	25415	4
910	25744	4
910	25965	4
910	27719	4
910	28309	4
910	30226	4
910	30229	4
910	30426	4
910	31786	4
910	33907	4
910	34018	4
910	34019	4
910	34026	4
910	35280	4
910	36634	4
910	36636	4
910	36641	4
910	36643	4
910	36644	4
910	36646	4
910	46301	4
910	46319	4
910	46346	4
910	46347	4
910	47730	4
910	48368	4
910	49561	4
910	50563	4
910	50634	4
910	53074	4
910	56531	4
910	61480	4
910	61777	4
910	61902	4
910	61907	4
910	62158	4
910	62471	4
910	63158	4
910	63162	4
910	63170	4
910	63176	4
910	68365	4
910	68368	4
910	68369	4
910	68370	4
910	68372	4
910	68373	4
910	68377	4
910	68378	4
910	68380	4
910	68381	4
910	68384	4
910	68385	4
910	73767	4
910	77508	4
910	77509	4
910	77511	4
910	77513	4
911	24570	4
911	27704	4
911	31104	4
911	36648	4
911	57191	4
911	63942	4
911	66821	4
911	72493	4
912	975	4
912	2487	4
912	2490	4
912	2491	4
912	2495	4
912	2501	4
912	8645	4
912	9899	4
912	19131	4
912	19755	4
912	20309	4
912	24632	4
912	25418	4
912	25421	4
912	25839	4
912	26328	4
912	26335	4
912	30129	4
912	32390	4
912	36560	4
912	50129	4
912	50179	4
912	50564	4
912	51594	4
912	51643	4
912	52602	4
912	58086	4
912	60039	4
912	61819	4
912	64150	4
912	68230	4
912	68394	4
912	68395	4
912	68396	4
912	68398	4
912	68405	4
912	71868	4
912	72024	4
912	72149	4
912	72797	4
912	72868	4
912	74389	4
912	75878	4
912	77519	4
912	77520	4
912	77521	4
912	77522	4
913	169	4
913	698	4
913	847	4
913	2502	4
913	2504	4
913	2506	4
913	9901	4
913	9902	4
913	23783	4
913	24602	4
913	25144	4
913	25489	4
913	25630	4
913	25651	4
913	25948	4
913	25963	4
913	26506	4
913	26717	4
913	27010	4
913	27057	4
913	27724	4
913	28206	4
913	30864	4
913	35358	4
913	36659	4
913	36661	4
913	36662	4
913	36663	4
913	36664	4
913	36665	4
913	45110	4
913	46298	4
913	46515	4
913	46556	4
913	46574	4
913	47006	4
913	47415	4
913	47583	4
913	47592	4
913	47971	4
913	48146	4
913	48185	4
913	50574	4
913	50584	4
913	50628	4
913	50942	4
913	51485	4
913	52453	4
913	52519	4
913	52567	4
913	53062	4
913	53635	4
913	55345	4
913	57010	4
913	58803	4
913	59197	4
913	60962	4
913	67064	4
913	68407	4
913	68408	4
913	68410	4
913	68412	4
913	68413	4
913	68419	4
913	68420	4
913	68421	4
913	68423	4
913	68424	4
913	68426	4
913	68427	4
913	68429	4
913	68431	4
913	68432	4
913	68433	4
913	68435	4
913	68437	4
913	68439	4
913	68445	4
913	73714	4
914	2508	4
914	7972	4
914	18943	4
914	20108	4
914	20311	4
914	23735	4
914	23870	4
914	24201	4
914	25185	4
914	25321	4
914	26471	4
914	26833	4
914	27401	4
914	29315	4
914	29380	4
914	29686	4
914	30874	4
914	32235	4
914	32592	4
914	33628	4
914	34844	4
914	34845	4
914	34930	4
914	35407	4
914	36669	4
914	36670	4
914	36673	4
914	36674	4
914	46951	4
914	47005	4
914	47078	4
914	47187	4
914	48454	4
914	48510	4
914	48525	4
914	49045	4
914	50451	4
914	50945	4
914	51049	4
914	51678	4
914	51734	4
914	51735	4
914	52480	4
914	55935	4
914	56608	4
914	57092	4
914	59288	4
914	60593	4
914	60765	4
914	60787	4
914	63477	4
914	67079	4
914	67393	4
914	68451	4
914	68452	4
914	68453	4
914	68455	4
914	68458	4
914	68459	4
914	68461	4
914	68467	4
914	68468	4
914	77537	4
914	77538	4
915	1128	4
915	23791	4
915	24076	4
915	25391	4
915	25411	4
915	25610	4
915	26094	4
915	26266	4
915	27510	4
915	46309	4
915	46607	4
915	47246	4
915	47277	4
915	47289	4
915	47411	4
915	47785	4
915	50018	4
915	50022	4
915	52174	4
915	68469	4
916	2512	4
916	9905	4
916	32914	4
917	36679	4
917	47828	4
917	54071	4
917	68471	4
918	13	4
918	409	4
918	472	4
918	696	4
918	1860	4
918	7519	4
918	7621	4
918	7643	4
918	7923	4
918	8092	4
918	8199	4
918	8439	4
918	9908	4
918	19282	4
918	19342	4
918	23778	4
918	23807	4
918	23815	4
918	23829	4
918	23861	4
918	23865	4
918	23883	4
918	23899	4
918	23905	4
918	23959	4
918	24094	4
918	24107	4
918	24167	4
918	24266	4
918	24297	4
918	24407	4
918	24415	4
918	24430	4
918	24435	4
918	24506	4
918	24531	4
918	24554	4
918	24556	4
918	24572	4
918	24573	4
918	24577	4
918	25216	4
918	25329	4
918	25469	4
918	25480	4
918	25494	4
918	25499	4
918	25544	4
918	25575	4
918	26092	4
918	26105	4
918	26272	4
918	26304	4
918	26337	4
918	26362	4
918	26461	4
918	26508	4
918	26650	4
918	26671	4
918	26679	4
918	26854	4
918	27014	4
918	27078	4
918	27080	4
918	27274	4
918	27319	4
918	27482	4
918	27512	4
918	27621	4
918	27674	4
918	27701	4
918	27714	4
918	27896	4
918	27907	4
918	28297	4
918	28312	4
918	28572	4
918	28979	4
918	29326	4
918	29670	4
918	29798	4
918	29957	4
918	30134	4
918	30288	4
918	30301	4
918	30318	4
918	31328	4
918	31839	4
918	31936	4
918	31938	4
918	31990	4
918	32128	4
918	32823	4
918	35433	4
918	36117	4
918	36681	4
918	36686	4
918	36689	4
918	36693	4
918	36694	4
918	36695	4
918	36700	4
918	36702	4
918	46483	4
918	46500	4
918	46517	4
918	46548	4
918	46554	4
918	46560	4
918	46574	4
918	46589	4
918	46813	4
918	46904	4
918	46972	4
918	46986	4
918	47198	4
918	47337	4
918	47341	4
918	47397	4
918	47459	4
918	47461	4
918	47479	4
918	47511	4
918	47516	4
918	47529	4
918	47546	4
918	47590	4
918	47612	4
918	47775	4
918	47801	4
918	47956	4
918	47960	4
918	48011	4
918	48435	4
918	48480	4
918	48486	4
918	48640	4
918	48649	4
918	48651	4
918	48654	4
918	48757	4
918	49149	4
918	49819	4
918	50070	4
918	50132	4
918	50706	4
918	50807	4
918	50821	4
918	51009	4
918	51067	4
918	51353	4
918	51363	4
918	51396	4
918	52201	4
918	52240	4
918	52245	4
918	52293	4
918	52302	4
918	52396	4
918	52472	4
918	52538	4
918	52629	4
918	53297	4
918	53881	4
918	54043	4
918	54587	4
918	55118	4
918	56100	4
918	56816	4
918	57567	4
918	57791	4
918	57793	4
918	59408	4
918	59732	4
918	62257	4
918	64664	4
918	65464	4
918	66093	4
918	66160	4
918	66253	4
918	66832	4
918	67572	4
918	67665	4
918	68481	4
918	68482	4
918	68487	4
918	68488	4
918	68490	4
918	68492	4
918	68496	4
918	71348	4
918	72791	4
918	72998	4
918	74750	4
918	74789	4
918	76801	4
918	77219	4
918	77541	4
918	77545	4
918	77546	4
919	7551	4
919	7667	4
919	20315	4
919	20316	4
919	24052	4
919	24643	4
919	24689	4
919	25317	4
919	26088	4
919	27375	4
919	29754	4
919	29771	4
919	29780	4
919	33814	4
919	33958	4
919	35293	4
919	36057	4
919	36704	4
919	49646	4
919	53500	4
919	55740	4
919	55753	4
919	55780	4
919	57788	4
919	68504	4
919	68505	4
919	68508	4
919	68509	4
919	68510	4
920	185	4
920	8344	4
920	26205	4
920	46342	4
920	46393	4
920	46451	4
920	46616	4
920	48769	4
920	68519	4
922	56	4
922	2133	4
922	9911	4
922	16368	4
922	19048	4
922	23690	4
922	24149	4
922	24182	4
922	25159	4
922	25361	4
922	25773	4
922	28990	4
922	29686	4
922	30917	4
922	36712	4
922	36715	4
922	46979	4
922	47005	4
922	48524	4
922	49045	4
922	49790	4
922	49845	4
922	51067	4
922	51740	4
922	51853	4
922	53608	4
922	53875	4
922	54977	4
922	55005	4
922	57486	4
922	58018	4
922	58705	4
922	60771	4
922	65195	4
922	67420	4
922	67446	4
922	67543	4
922	68525	4
922	68527	4
922	68530	4
922	68532	4
922	68533	4
922	68536	4
923	2518	4
923	16001	4
923	18830	4
923	18922	4
923	24081	4
923	24349	4
923	24647	4
923	24697	4
923	24964	4
923	25272	4
923	25286	4
923	25743	4
923	25816	4
923	25827	4
923	26474	4
923	26549	4
923	28676	4
923	32684	4
923	34056	4
923	34780	4
923	36718	4
923	46699	4
923	47289	4
923	48135	4
923	48382	4
923	49195	4
923	52053	4
923	54042	4
923	55573	4
923	61909	4
923	61914	4
923	63259	4
923	67337	4
923	68543	4
924	570	4
924	24213	4
924	24908	4
924	25983	4
924	26371	4
924	28809	4
924	29310	4
924	30092	4
924	32144	4
924	32750	4
924	32924	4
924	33618	4
924	33736	4
924	36204	4
924	46913	4
924	47187	4
924	48120	4
924	49554	4
924	61040	4
924	68547	4
924	77550	4
926	46	4
926	18896	4
926	19076	4
926	19610	4
926	20320	4
926	24245	4
926	25103	4
926	25864	4
926	26712	4
926	26756	4
926	27175	4
926	27704	4
926	27707	4
926	28450	4
926	30644	4
926	33959	4
926	36728	4
926	36729	4
926	36730	4
926	46510	4
926	47498	4
926	51684	4
926	53297	4
926	58379	4
926	59623	4
926	68555	4
926	68557	4
926	77552	4
927	2385	4
927	27123	4
927	29766	4
927	29786	4
927	33862	4
927	36052	4
927	36735	4
927	36736	4
927	49818	4
927	55773	4
927	55783	4
927	57916	4
927	62835	4
927	62891	4
927	67199	4
927	68561	4
927	68562	4
927	68563	4
927	68564	4
927	68565	4
927	68566	4
927	77554	4
928	94	4
928	23899	4
928	24612	4
928	25007	4
928	25641	4
928	25669	4
928	26515	4
928	27167	4
928	27671	4
928	27680	4
928	27690	4
928	28297	4
928	28512	4
928	30790	4
928	31017	4
928	36450	4
928	46498	4
928	46525	4
928	46556	4
928	47064	4
928	47581	4
928	47908	4
928	47925	4
928	48316	4
928	49020	4
928	50896	4
928	51318	4
928	51330	4
928	51648	4
928	52305	4
928	52309	4
928	55207	4
928	55637	4
928	57283	4
928	68567	4
928	72487	4
928	76457	4
928	77559	4
929	765	4
929	1028	4
929	1174	4
929	2371	4
929	2523	4
929	18917	4
929	19012	4
929	20323	4
929	20324	4
929	24170	4
929	24186	4
929	24187	4
929	25147	4
929	25190	4
929	25330	4
929	25359	4
929	25636	4
929	25642	4
929	25692	4
929	25747	4
929	25751	4
929	26966	4
929	27069	4
929	27636	4
929	27901	4
929	28419	4
929	29422	4
929	30846	4
929	32351	4
929	32590	4
929	33470	4
929	34930	4
929	36274	4
929	36742	4
929	36743	4
929	36745	4
929	36746	4
929	36750	4
929	46300	4
929	46737	4
929	46756	4
929	46986	4
929	47015	4
929	47039	4
929	47040	4
929	47048	4
929	47050	4
929	47053	4
929	47073	4
929	47336	4
929	47399	4
929	48197	4
929	48207	4
929	48230	4
929	48260	4
929	48284	4
929	48299	4
929	48322	4
929	48455	4
929	48463	4
929	48471	4
929	48476	4
929	48492	4
929	48512	4
929	48526	4
929	48527	4
929	48726	4
929	48735	4
929	48740	4
929	48748	4
929	48850	4
929	48857	4
929	48866	4
929	48882	4
929	48947	4
929	48984	4
929	49036	4
929	49040	4
929	49058	4
929	49473	4
929	49494	4
929	49598	4
929	49985	4
929	50456	4
929	51001	4
929	51360	4
929	51361	4
929	51444	4
929	51448	4
929	51471	4
929	51683	4
929	52441	4
929	52456	4
929	52471	4
929	52477	4
929	52888	4
929	54465	4
929	55220	4
929	55327	4
929	56002	4
929	56780	4
929	56989	4
929	57001	4
929	57480	4
929	58044	4
929	58053	4
929	59280	4
929	59451	4
929	60330	4
929	60503	4
929	60504	4
929	60750	4
929	63645	4
929	64139	4
929	65072	4
929	65331	4
929	67450	4
929	68569	4
929	68571	4
929	68572	4
929	68579	4
929	68582	4
929	68584	4
929	68585	4
929	68587	4
929	68588	4
929	68590	4
929	68593	4
929	68595	4
929	68596	4
929	68597	4
929	68599	4
929	68600	4
929	68601	4
929	68603	4
929	68604	4
929	68605	4
929	68606	4
929	71965	4
929	72057	4
929	72602	4
929	77564	4
930	852	4
930	28414	4
930	30508	4
930	50262	4
930	53171	4
930	55275	4
930	55283	4
931	16370	4
931	16371	4
931	18946	4
931	24093	4
931	24506	4
931	25046	4
931	25487	4
931	29790	4
931	29921	4
931	36754	4
931	36755	4
931	46441	4
931	46559	4
931	46586	4
931	47387	4
931	47618	4
931	48595	4
931	48757	4
931	49341	4
931	50088	4
931	50622	4
931	50668	4
931	53518	4
931	54370	4
931	55848	4
931	55858	4
931	68615	4
931	71355	4
931	71743	4
931	72889	4
931	73623	4
931	73770	4
931	77567	4
932	23800	4
932	23924	4
932	23931	4
932	24108	4
932	24274	4
932	24322	4
932	24739	4
932	24803	4
932	24896	4
932	24899	4
932	26097	4
932	27496	4
932	28082	4
932	28921	4
932	30283	4
932	46329	4
932	46380	4
932	46617	4
932	46620	4
932	46944	4
932	47129	4
932	47228	4
932	47798	4
932	49749	4
932	51540	4
932	52231	4
932	54797	4
932	77568	4
933	548	4
933	935	4
933	2037	4
933	2528	4
933	9921	4
933	20326	4
933	29794	4
933	29851	4
933	29861	4
933	29884	4
933	29933	4
933	30891	4
933	30911	4
933	31475	4
933	31487	4
933	33513	4
933	36762	4
933	36766	4
933	36772	4
933	36773	4
933	36775	4
933	36776	4
933	36778	4
933	36780	4
933	44956	4
933	51510	4
933	55939	4
933	57212	4
933	57214	4
933	57552	4
933	57715	4
933	58433	4
933	58434	4
933	58456	4
933	58458	4
933	62232	4
933	68535	4
933	68632	4
933	68634	4
933	68635	4
933	68639	4
933	68643	4
933	68645	4
933	68647	4
933	68649	4
933	68652	4
933	73658	4
933	73988	4
933	73991	4
933	74280	4
933	74291	4
933	77571	4
933	77573	4
934	950	4
934	25214	4
934	26057	4
934	26772	4
934	30852	4
934	31692	4
934	36784	4
934	49353	4
935	13	4
935	78	4
935	548	4
935	935	4
935	1604	4
935	2532	4
935	2536	4
935	2537	4
935	7777	4
935	8360	4
935	8690	4
935	9448	4
935	9921	4
935	9928	4
935	16374	4
935	16375	4
935	18830	4
935	19028	4
935	19098	4
935	19128	4
935	19132	4
935	19134	4
935	19214	4
935	19284	4
935	19522	4
935	19608	4
935	19622	4
935	19887	4
935	20327	4
935	20330	4
935	20331	4
935	20333	4
935	23775	4
935	23780	4
935	23783	4
935	23816	4
935	23831	4
935	23856	4
935	23899	4
935	24227	4
935	24412	4
935	24541	4
935	24551	4
935	24845	4
935	25034	4
935	25146	4
935	25235	4
935	25492	4
935	25494	4
935	25630	4
935	25677	4
935	25684	4
935	25696	4
935	25775	4
935	25835	4
935	25948	4
935	26281	4
935	26300	4
935	26338	4
935	26358	4
935	26422	4
935	26507	4
935	26529	4
935	26530	4
935	26708	4
935	26738	4
935	26743	4
935	26753	4
935	26760	4
935	26838	4
935	27052	4
935	27086	4
935	27108	4
935	27279	4
935	27555	4
935	27601	4
935	27645	4
935	27741	4
935	27742	4
935	27759	4
935	27847	4
935	28027	4
935	28269	4
935	28637	4
935	28862	4
935	28864	4
935	28870	4
935	28872	4
935	28880	4
935	28941	4
935	29387	4
935	29416	4
935	29705	4
935	29793	4
935	29801	4
935	29806	4
935	29810	4
935	29815	4
935	29832	4
935	29839	4
935	29848	4
935	29849	4
935	29854	4
935	29856	4
935	29871	4
935	29874	4
935	29884	4
935	29899	4
935	29914	4
935	29933	4
935	30596	4
935	30790	4
935	30806	4
935	30846	4
935	30856	4
935	30888	4
935	30889	4
935	30894	4
935	30897	4
935	30898	4
935	30911	4
935	30935	4
935	30999	4
935	31001	4
935	31039	4
935	31088	4
935	31334	4
935	31429	4
935	31458	4
935	31465	4
935	31466	4
935	31467	4
935	31470	4
935	31481	4
935	31538	4
935	32104	4
935	32112	4
935	32210	4
935	32220	4
935	32228	4
935	32408	4
935	32529	4
935	32660	4
935	32675	4
935	32683	4
935	32955	4
935	33485	4
935	33486	4
935	33495	4
935	33509	4
935	34181	4
935	34340	4
935	34544	4
935	34918	4
935	34990	4
935	35310	4
935	35402	4
935	36439	4
935	36672	4
935	36762	4
935	36763	4
935	36767	4
935	36769	4
935	36775	4
935	36776	4
935	36777	4
935	36779	4
935	36787	4
935	36788	4
935	36789	4
935	36790	4
935	36791	4
935	36794	4
935	36799	4
935	36801	4
935	36802	4
935	36804	4
935	36805	4
935	36806	4
935	36807	4
935	36808	4
935	36809	4
935	36810	4
935	36811	4
935	36812	4
935	36813	4
935	36814	4
935	36815	4
935	36816	4
935	36817	4
935	36818	4
935	36821	4
935	36822	4
935	36823	4
935	36824	4
935	36825	4
935	36826	4
935	36828	4
935	36829	4
935	36830	4
935	36832	4
935	36837	4
935	44749	4
935	44755	4
935	46303	4
935	46445	4
935	46483	4
935	46491	4
935	46508	4
935	46527	4
935	46544	4
935	46548	4
935	46554	4
935	46975	4
935	46984	4
935	47211	4
935	47350	4
935	47364	4
935	47397	4
935	47400	4
935	47411	4
935	47455	4
935	47546	4
935	47575	4
935	48076	4
935	48100	4
935	48290	4
935	48360	4
935	48487	4
935	48514	4
935	48595	4
935	48646	4
935	48649	4
935	48657	4
935	48751	4
935	48936	4
935	48937	4
935	49025	4
935	49041	4
935	49283	4
935	49517	4
935	50103	4
935	50400	4
935	50559	4
935	50603	4
935	50706	4
935	50824	4
935	50863	4
935	50950	4
935	50952	4
935	50986	4
935	51365	4
935	51392	4
935	51396	4
935	51420	4
935	51507	4
935	51630	4
935	52094	4
935	52429	4
935	52430	4
935	52433	4
935	52448	4
935	52484	4
935	52590	4
935	52591	4
935	52594	4
935	52608	4
935	52698	4
935	52728	4
935	52800	4
935	52894	4
935	53174	4
935	53647	4
935	53832	4
935	54011	4
935	54403	4
935	54434	4
935	54469	4
935	54923	4
935	55580	4
935	55877	4
935	55892	4
935	55900	4
935	55936	4
935	55939	4
935	55967	4
935	56062	4
935	56905	4
935	56917	4
935	56945	4
935	56954	4
935	57148	4
935	57212	4
935	57213	4
935	57360	4
935	57435	4
935	57550	4
935	57554	4
935	57715	4
935	57747	4
935	58240	4
935	58419	4
935	58440	4
935	58445	4
935	58449	4
935	58458	4
935	58466	4
935	58493	4
935	58508	4
935	58554	4
935	58779	4
935	59576	4
935	59692	4
935	59695	4
935	60150	4
935	61301	4
935	62210	4
935	62248	4
935	62754	4
935	63919	4
935	64210	4
935	64342	4
935	64448	4
935	64508	4
935	65020	4
935	65200	4
935	65201	4
935	65205	4
935	65207	4
935	67579	4
935	68635	4
935	68638	4
935	68642	4
935	68651	4
935	68655	4
935	68657	4
935	68658	4
935	68659	4
935	68661	4
935	68662	4
935	68665	4
935	68666	4
935	68667	4
935	68668	4
935	68669	4
935	68671	4
935	68672	4
935	68673	4
935	68675	4
935	68676	4
935	68677	4
935	68678	4
935	68679	4
935	68680	4
935	68681	4
935	68682	4
935	68685	4
935	68686	4
935	68687	4
935	68689	4
935	68690	4
935	68691	4
935	68693	4
935	68694	4
935	68695	4
935	68696	4
935	68697	4
935	68698	4
935	68699	4
935	68700	4
935	68701	4
935	68707	4
935	68708	4
935	68709	4
935	68710	4
935	68713	4
935	68714	4
935	68715	4
935	68718	4
935	68720	4
935	68722	4
935	68723	4
935	71313	4
935	71866	4
935	73140	4
935	73608	4
935	73611	4
935	73670	4
935	73991	4
935	74002	4
935	74126	4
935	74283	4
935	74303	4
935	74878	4
935	75251	4
935	75477	4
935	76785	4
935	77358	4
935	77373	4
935	77574	4
935	77575	4
935	77576	4
935	77577	4
935	77578	4
935	77582	4
935	77587	4
935	77589	4
935	77594	4
935	77596	4
935	77597	4
935	77599	4
935	77601	4
935	77602	4
935	77605	4
935	77606	4
936	2500	4
936	8035	4
936	8502	4
936	9771	4
936	9931	4
936	9932	4
936	9933	4
936	9936	4
936	16377	4
936	16379	4
936	19290	4
936	27597	4
936	47582	4
936	47603	4
936	48125	4
936	49364	4
936	50087	4
936	50089	4
936	55201	4
936	55874	4
936	55906	4
936	58796	4
936	58912	4
936	67308	4
936	68728	4
936	68729	4
936	68733	4
936	68736	4
936	68737	4
936	68740	4
936	72482	4
936	72831	4
936	73598	4
936	73676	4
936	74965	4
936	77187	4
936	77607	4
936	77608	4
936	77617	4
936	77618	4
936	77620	4
936	77621	4
937	2541	4
937	9938	4
937	31604	4
937	33500	4
937	33914	4
937	49479	4
937	50753	4
937	50903	4
937	53884	4
937	68748	4
937	68749	4
937	68752	4
938	204	4
938	24096	4
938	28548	4
938	36839	4
938	36841	4
938	46700	4
938	68763	4
938	68764	4
938	71429	4
938	72173	4
940	185	4
940	16380	4
940	25441	4
940	30714	4
940	31323	4
940	48538	4
940	49567	4
940	50041	4
940	52481	4
940	53423	4
940	64967	4
940	71225	4
940	71793	4
940	76144	4
941	43	4
941	1395	4
941	2542	4
941	2543	4
941	9939	4
941	15700	4
941	18917	4
941	18946	4
941	20339	4
941	20340	4
941	23903	4
941	23996	4
941	24245	4
941	24323	4
941	24760	4
941	24788	4
941	24799	4
941	24816	4
941	24881	4
941	24885	4
941	24967	4
941	25078	4
941	25437	4
941	25458	4
941	25600	4
941	26122	4
941	26272	4
941	26273	4
941	26931	4
941	28060	4
941	28485	4
941	29377	4
941	29390	4
941	30261	4
941	31121	4
941	31416	4
941	33685	4
941	34857	4
941	36846	4
941	36852	4
941	36853	4
941	36855	4
941	36856	4
941	46305	4
941	46368	4
941	46436	4
941	46472	4
941	46597	4
941	46603	4
941	46634	4
941	46850	4
941	46870	4
941	47287	4
941	47289	4
941	47432	4
941	47653	4
941	47660	4
941	47752	4
941	47760	4
941	48273	4
941	48276	4
941	49174	4
941	49243	4
941	49710	4
941	49716	4
941	49731	4
941	50019	4
941	50790	4
941	56162	4
941	56532	4
941	56585	4
941	56788	4
941	58708	4
941	59398	4
941	61456	4
941	61920	4
941	63186	4
941	63983	4
941	64455	4
941	64835	4
941	67545	4
941	68781	4
941	68785	4
941	68786	4
941	68790	4
941	68797	4
941	71216	4
941	71465	4
941	71636	4
941	71809	4
941	71957	4
941	72173	4
941	73744	4
941	75033	4
941	75940	4
941	76239	4
941	77632	4
941	77637	4
941	77638	4
942	46	4
942	434	4
942	1777	4
942	7795	4
942	20341	4
942	20342	4
942	20343	4
942	24539	4
942	25084	4
942	25339	4
942	25341	4
942	25361	4
942	25770	4
942	25966	4
942	26734	4
942	27457	4
942	29052	4
942	29740	4
942	34751	4
942	34955	4
942	36858	4
942	36859	4
942	36862	4
942	36865	4
942	47336	4
942	47406	4
942	48143	4
942	51863	4
942	55136	4
942	57482	4
942	57487	4
942	60750	4
942	68804	4
942	68805	4
942	68806	4
942	68808	4
942	77639	4
942	77642	4
943	185	4
943	23706	4
943	23936	4
943	24073	4
943	24361	4
943	24690	4
943	24857	4
943	25417	4
943	29784	4
943	36291	4
943	46345	4
943	46381	4
943	46616	4
943	46625	4
943	47185	4
943	49411	4
943	49569	4
943	49795	4
943	53280	4
944	321	4
944	23882	4
944	24116	4
944	25479	4
944	25481	4
944	25488	4
944	25692	4
944	28269	4
944	34643	4
944	36867	4
944	46768	4
944	47459	4
944	47971	4
944	48037	4
944	50139	4
944	50724	4
944	53059	4
944	54849	4
944	55599	4
944	62559	4
944	77643	4
946	27	4
946	8111	4
946	8311	4
946	9943	4
946	23786	4
946	23805	4
946	23832	4
946	23874	4
946	23954	4
946	24245	4
946	24415	4
946	24435	4
946	24533	4
946	24541	4
946	24632	4
946	25488	4
946	25494	4
946	26547	4
946	26569	4
946	27007	4
946	27010	4
946	27117	4
946	27341	4
946	27343	4
946	28316	4
946	28703	4
946	29704	4
946	36868	4
946	46572	4
946	46759	4
946	46804	4
946	47387	4
946	47493	4
946	47568	4
946	48651	4
946	49681	4
946	51747	4
946	53568	4
946	55114	4
946	57376	4
946	58014	4
946	62576	4
946	62887	4
946	68816	4
946	68818	4
946	68819	4
946	71799	4
946	72429	4
946	73006	4
946	77271	4
946	77645	4
947	24361	4
947	25313	4
947	25457	4
947	46367	4
947	48550	4
947	49675	4
947	55733	4
947	62521	4
948	918	4
948	7509	4
948	8816	4
948	8877	4
948	9021	4
948	9396	4
948	9949	4
948	9952	4
948	23779	4
948	23817	4
948	23846	4
948	23861	4
948	23899	4
948	23959	4
948	24118	4
948	24430	4
948	24435	4
948	24551	4
948	25190	4
948	25216	4
948	25467	4
948	25485	4
948	26304	4
948	26364	4
948	26523	4
948	26596	4
948	27164	4
948	27689	4
948	28149	4
948	28208	4
948	28330	4
948	29421	4
948	29874	4
948	30824	4
948	31865	4
948	32128	4
948	32130	4
948	32163	4
948	33094	4
948	35518	4
948	35802	4
948	36879	4
948	36881	4
948	36882	4
948	46485	4
948	46554	4
948	46558	4
948	46594	4
948	46981	4
948	46987	4
948	47348	4
948	47459	4
948	47478	4
948	47489	4
948	47945	4
948	47949	4
948	47972	4
948	48487	4
948	48651	4
948	49132	4
948	49387	4
948	49513	4
948	50166	4
948	50404	4
948	50419	4
948	50445	4
948	50868	4
948	51349	4
948	51577	4
948	52076	4
948	52293	4
948	52302	4
948	52549	4
948	53484	4
948	55323	4
948	56062	4
948	56482	4
948	57793	4
948	59131	4
948	59751	4
948	60045	4
948	60148	4
948	60156	4
948	65802	4
948	68846	4
948	68847	4
948	68848	4
948	68850	4
948	71647	4
948	72412	4
948	77653	4
949	521	4
949	9954	4
949	24165	4
949	26043	4
949	26733	4
949	28830	4
949	30289	4
949	36787	4
949	36884	4
949	46544	4
949	46755	4
949	46793	4
949	46807	4
949	48317	4
949	48728	4
949	48745	4
949	48896	4
949	48920	4
949	49614	4
949	51003	4
949	51444	4
949	53096	4
949	55487	4
949	56006	4
949	62558	4
949	66677	4
949	67575	4
949	68854	4
949	68855	4
950	27510	4
950	46359	4
950	51992	4
950	59067	4
950	68877	4
950	68878	4
951	94	4
951	435	4
951	2125	4
951	24108	4
951	24112	4
951	24165	4
951	24461	4
951	25210	4
951	25761	4
951	27324	4
951	29642	4
951	46986	4
951	47072	4
951	48191	4
951	48327	4
951	48728	4
951	48729	4
951	48740	4
951	48989	4
951	50011	4
951	50946	4
951	51411	4
951	51441	4
951	51478	4
951	51490	4
951	52264	4
951	52870	4
951	53113	4
951	53394	4
951	54305	4
951	54830	4
951	55490	4
951	55529	4
951	56754	4
951	65071	4
951	68881	4
951	72056	4
952	7548	4
952	7693	4
952	24945	4
952	25437	4
952	26793	4
952	30714	4
952	33129	4
952	36901	4
952	36902	4
952	36904	4
952	46327	4
952	46331	4
952	46337	4
952	46589	4
952	46638	4
952	46830	4
952	46876	4
952	47112	4
952	47661	4
952	48450	4
952	48584	4
952	48622	4
952	49743	4
952	49761	4
952	50308	4
952	51924	4
952	52349	4
952	52608	4
952	53417	4
952	54664	4
952	56856	4
952	57679	4
952	60104	4
952	60312	4
952	66599	4
952	67626	4
952	67630	4
952	68886	4
952	76966	4
953	68894	4
953	68895	4
954	641	4
954	2553	4
954	2554	4
954	2555	4
954	18945	4
954	19710	4
954	23772	4
954	23775	4
954	23861	4
954	23872	4
954	23899	4
954	24403	4
954	24540	4
954	24621	4
954	24628	4
954	25007	4
954	25851	4
954	25855	4
954	25860	4
954	27666	4
954	27690	4
954	30186	4
954	31059	4
954	31255	4
954	33385	4
954	33906	4
954	36099	4
954	36100	4
954	36907	4
954	36908	4
954	46493	4
954	46498	4
954	46499	4
954	46516	4
954	46535	4
954	46554	4
954	46972	4
954	46980	4
954	47221	4
954	47341	4
954	47352	4
954	47496	4
954	47536	4
954	47571	4
954	47612	4
954	47902	4
954	47914	4
954	48318	4
954	48651	4
954	50557	4
954	50571	4
954	50665	4
954	50691	4
954	51895	4
954	52189	4
954	52599	4
954	53318	4
954	53331	4
954	53573	4
954	54015	4
954	54030	4
954	54047	4
954	54160	4
954	56479	4
954	57794	4
954	58033	4
954	58921	4
954	59732	4
954	62563	4
954	66143	4
954	68901	4
954	68902	4
954	73040	4
954	77664	4
954	77665	4
955	607	4
955	836	4
955	2558	4
955	7585	4
955	7586	4
955	8484	4
955	9877	4
955	9956	4
955	9958	4
955	19334	4
955	19346	4
955	19593	4
955	20348	4
955	20350	4
955	20352	4
955	20353	4
955	23786	4
955	23806	4
955	23815	4
955	23861	4
955	24075	4
955	24094	4
955	24098	4
955	24179	4
955	24443	4
955	24514	4
955	24519	4
955	24545	4
955	24552	4
955	25056	4
955	25144	4
955	25424	4
955	25494	4
955	25822	4
955	25996	4
955	26043	4
955	26287	4
955	26289	4
955	26322	4
955	26331	4
955	26337	4
955	26361	4
955	26547	4
955	26692	4
955	27022	4
955	27108	4
955	27115	4
955	27148	4
955	27150	4
955	27159	4
955	27686	4
955	28208	4
955	29427	4
955	29792	4
955	30186	4
955	31304	4
955	31418	4
955	31423	4
955	31851	4
955	34990	4
955	36450	4
955	36911	4
955	36912	4
955	36913	4
955	36915	4
955	36917	4
955	36920	4
955	46521	4
955	46548	4
955	46972	4
955	46991	4
955	47004	4
955	47249	4
955	47334	4
955	47365	4
955	47384	4
955	47459	4
955	47600	4
955	47614	4
955	47660	4
955	47976	4
955	48651	4
955	48710	4
955	49333	4
955	49348	4
955	49361	4
955	49362	4
955	49385	4
955	49646	4
955	49735	4
955	49845	4
955	50067	4
955	50076	4
955	50105	4
955	50123	4
955	50145	4
955	50150	4
955	50187	4
955	50539	4
955	50591	4
955	50656	4
955	50662	4
955	50720	4
955	51037	4
955	51295	4
955	51559	4
955	52293	4
955	53450	4
955	53469	4
955	53520	4
955	54057	4
955	54195	4
955	55236	4
955	55687	4
955	55997	4
955	56883	4
955	57721	4
955	58350	4
955	58370	4
955	58380	4
955	58472	4
955	58803	4
955	58918	4
955	59562	4
955	60148	4
955	60321	4
955	60648	4
955	60703	4
955	60798	4
955	60819	4
955	61525	4
955	61558	4
955	62886	4
955	63335	4
955	63342	4
955	63564	4
955	67560	4
955	68237	4
955	68905	4
955	68906	4
955	68908	4
955	68909	4
955	68911	4
955	68913	4
955	68914	4
955	68915	4
955	68917	4
955	68919	4
955	68922	4
955	68923	4
955	68924	4
955	68927	4
955	68929	4
955	71987	4
955	72817	4
955	73478	4
955	74261	4
955	75938	4
955	76279	4
955	77666	4
955	77672	4
955	77676	4
956	23726	4
956	24368	4
956	24522	4
956	24539	4
956	25147	4
956	25331	4
956	25337	4
956	25349	4
956	25354	4
956	25463	4
956	25681	4
956	25761	4
956	25839	4
956	26230	4
956	27067	4
956	27069	4
956	27091	4
956	27097	4
956	27234	4
956	27896	4
956	27914	4
956	27944	4
956	28027	4
956	28557	4
956	29439	4
956	29949	4
956	30416	4
956	30727	4
956	32914	4
956	32969	4
956	33528	4
956	35488	4
956	36925	4
956	36926	4
956	36929	4
956	46593	4
956	46756	4
956	46978	4
956	47014	4
956	47079	4
956	47081	4
956	47214	4
956	47567	4
956	48011	4
956	48195	4
956	48230	4
956	48487	4
956	48740	4
956	48973	4
956	48984	4
956	48994	4
956	49022	4
956	49045	4
956	49401	4
956	49982	4
956	50003	4
956	50011	4
956	50626	4
956	50762	4
956	51402	4
956	51419	4
956	51433	4
956	51449	4
956	51454	4
956	51483	4
956	52344	4
956	52369	4
956	52897	4
956	53000	4
956	53107	4
956	55692	4
956	55969	4
956	56002	4
956	56754	4
956	57231	4
956	58054	4
956	59517	4
956	59600	4
956	60344	4
956	60482	4
956	61321	4
956	65071	4
956	66223	4
956	66229	4
956	67595	4
956	67612	4
956	68930	4
956	68933	4
956	68935	4
956	68943	4
956	68944	4
956	68946	4
956	68950	4
956	68952	4
956	68955	4
956	68962	4
956	68964	4
956	71723	4
956	77679	4
957	28039	4
957	28280	4
957	28822	4
957	29772	4
957	31150	4
957	36933	4
957	36934	4
957	36938	4
957	49161	4
958	1346	4
958	2560	4
958	19106	4
958	19274	4
958	20354	4
958	33283	4
958	47168	4
958	56396	4
959	94	4
959	187	4
959	190	4
959	468	4
959	558	4
959	595	4
959	744	4
959	1047	4
959	1058	4
959	1286	4
959	2562	4
959	7564	4
959	8439	4
959	9964	4
959	9969	4
959	16090	4
959	16385	4
959	18913	4
959	19076	4
959	19096	4
959	19207	4
959	20356	4
959	20357	4
959	20358	4
959	23698	4
959	23810	4
959	23861	4
959	23877	4
959	23895	4
959	24114	4
959	24406	4
959	24437	4
959	24545	4
959	24602	4
959	24651	4
959	24997	4
959	25146	4
959	25471	4
959	25635	4
959	26335	4
959	26527	4
959	27824	4
959	27979	4
959	27981	4
959	28134	4
959	28304	4
959	29143	4
959	30217	4
959	30703	4
959	31369	4
959	32999	4
959	33659	4
959	35580	4
959	35672	4
959	36939	4
959	36947	4
959	36949	4
959	36950	4
959	36952	4
959	36953	4
959	36954	4
959	36956	4
959	36958	4
959	36963	4
959	44736	4
959	46493	4
959	46548	4
959	46567	4
959	46572	4
959	47347	4
959	47486	4
959	47546	4
959	47849	4
959	47894	4
959	48646	4
959	49303	4
959	49432	4
959	50341	4
959	50443	4
959	50571	4
959	50703	4
959	50709	4
959	51168	4
959	51691	4
959	51755	4
959	51768	4
959	52076	4
959	52562	4
959	53064	4
959	53518	4
959	53626	4
959	53676	4
959	54533	4
959	55199	4
959	55356	4
959	55996	4
959	56147	4
959	56321	4
959	56393	4
959	57367	4
959	57388	4
959	58017	4
959	58370	4
959	58871	4
959	59176	4
959	64213	4
959	64239	4
959	68032	4
959	68974	4
959	68975	4
959	68976	4
959	71738	4
959	71745	4
959	71964	4
959	72078	4
959	72143	4
959	73003	4
959	73049	4
959	73173	4
959	74092	4
959	74140	4
959	75406	4
959	77160	4
959	77233	4
959	77686	4
959	77689	4
959	77690	4
959	77692	4
959	77693	4
959	77694	4
960	592	4
960	1668	4
960	2564	4
960	2565	4
960	2567	4
960	2568	4
960	2569	4
960	9974	4
960	9976	4
960	9977	4
960	16386	4
960	19030	4
960	19240	4
960	20365	4
960	20366	4
960	24088	4
960	28034	4
960	28752	4
960	28817	4
960	28822	4
960	28826	4
960	29767	4
960	29775	4
960	29779	4
960	31155	4
960	32538	4
960	33365	4
960	33366	4
960	33377	4
960	33862	4
960	34916	4
960	34919	4
960	35433	4
960	35891	4
960	35918	4
960	35921	4
960	36045	4
960	36051	4
960	36965	4
960	36978	4
960	36984	4
960	45114	4
960	46969	4
960	49661	4
960	53164	4
960	53203	4
960	54122	4
960	55275	4
960	55740	4
960	55752	4
960	55753	4
960	55763	4
960	61210	4
960	61635	4
960	62891	4
960	63334	4
960	64717	4
960	65389	4
960	67031	4
960	67752	4
960	67779	4
960	67782	4
960	67783	4
960	67869	4
960	67911	4
960	68988	4
960	68992	4
960	68994	4
960	68995	4
960	68996	4
960	68997	4
960	68998	4
960	69000	4
960	69001	4
960	69004	4
960	69006	4
960	69007	4
960	69009	4
960	69011	4
960	69012	4
960	69013	4
960	69015	4
960	69018	4
960	69021	4
960	69022	4
960	69026	4
960	69031	4
960	69032	4
960	69034	4
960	71819	4
960	73569	4
960	75344	4
960	75660	4
960	76332	4
960	76655	4
960	77321	4
960	77335	4
960	77337	4
960	77695	4
960	77698	4
960	77699	4
960	77700	4
960	77701	4
960	77703	4
960	77704	4
960	77707	4
960	77712	4
960	77713	4
960	77714	4
960	77716	4
960	77718	4
960	77719	4
960	77720	4
960	77722	4
960	77725	4
960	77728	4
960	77730	4
960	77731	4
960	77732	4
960	77733	4
960	77734	4
960	77737	4
960	77739	4
960	77740	4
960	77741	4
960	77743	4
960	77744	4
960	77745	4
960	77746	4
960	77747	4
960	77749	4
960	77750	4
960	77751	4
961	106	4
961	2573	4
961	8028	4
961	9981	4
961	23757	4
961	23801	4
961	23871	4
961	24026	4
961	24058	4
961	24079	4
961	24720	4
961	24832	4
961	24839	4
961	25260	4
961	25653	4
961	25980	4
961	26263	4
961	26448	4
961	26450	4
961	27401	4
961	27484	4
961	27533	4
961	28000	4
961	28037	4
961	28601	4
961	29278	4
961	30048	4
961	31201	4
961	33475	4
961	36889	4
961	36989	4
961	36991	4
961	36993	4
961	36994	4
961	46599	4
961	46635	4
961	46863	4
961	47111	4
961	47200	4
961	47660	4
961	47738	4
961	47758	4
961	47761	4
961	47825	4
961	48422	4
961	48560	4
961	48604	4
961	48893	4
961	49567	4
961	50597	4
961	52277	4
961	52779	4
961	52983	4
961	53933	4
961	54306	4
961	54845	4
961	56208	4
961	56312	4
961	56356	4
961	56549	4
961	56712	4
961	57840	4
961	57909	4
961	58681	4
961	58688	4
961	60747	4
961	64499	4
961	64694	4
961	66661	4
961	67554	4
961	67692	4
961	69036	4
961	69040	4
961	69045	4
961	69051	4
961	69057	4
961	69058	4
961	69060	4
961	74796	4
961	77754	4
961	77755	4
962	643	4
962	1717	4
962	2576	4
962	23981	4
962	24480	4
962	24701	4
962	24774	4
962	24849	4
962	24947	4
962	25304	4
962	25369	4
962	26013	4
962	26407	4
962	26437	4
962	26808	4
962	26810	4
962	27416	4
962	27434	4
962	27535	4
962	29628	4
962	33292	4
962	33293	4
962	36998	4
962	36999	4
962	37000	4
962	47941	4
962	48083	4
962	49103	4
962	49191	4
962	50369	4
962	52028	4
962	52044	4
962	52053	4
962	52668	4
962	53691	4
962	59390	4
962	60739	4
962	65727	4
962	68383	4
962	69061	4
962	69064	4
962	69066	4
962	69069	4
962	69070	4
962	71500	4
962	71712	4
962	71830	4
962	72528	4
962	72985	4
962	77165	4
962	77759	4
962	77760	4
962	77762	4
962	77764	4
962	77767	4
963	2577	4
963	9984	4
963	24229	4
963	24835	4
963	25281	4
963	25523	4
963	25785	4
963	26006	4
963	26533	4
963	26549	4
963	28291	4
963	28934	4
963	31344	4
963	32363	4
963	32443	4
963	34064	4
963	37001	4
963	37002	4
963	37003	4
963	37004	4
963	37005	4
963	47424	4
963	48391	4
963	48397	4
963	49177	4
963	49209	4
963	50278	4
963	50367	4
963	52050	4
963	53665	4
963	56294	4
963	56417	4
963	59948	4
963	60115	4
963	66296	4
963	67565	4
963	68540	4
963	69074	4
963	69076	4
963	69080	4
963	77772	4
964	7586	4
964	9879	4
964	9986	4
964	9987	4
964	20372	4
964	23856	4
964	24556	4
964	37007	4
964	49305	4
964	49585	4
964	49839	4
964	50881	4
964	51583	4
964	51617	4
964	58075	4
964	59616	4
964	59718	4
964	61993	4
964	64168	4
964	67982	4
964	69082	4
964	74455	4
965	2580	4
965	9989	4
965	23822	4
965	24540	4
965	24621	4
965	25023	4
965	26584	4
965	26590	4
965	27213	4
965	30182	4
965	32020	4
965	46516	4
965	46544	4
965	46569	4
965	46765	4
965	47461	4
965	47562	4
965	47575	4
965	47590	4
965	47605	4
965	47775	4
965	47894	4
965	47911	4
965	47976	4
965	47990	4
965	48317	4
965	48318	4
965	48652	4
965	48843	4
965	48870	4
965	48936	4
965	48952	4
965	49305	4
965	49366	4
965	49706	4
965	49717	4
965	50443	4
965	50538	4
965	50590	4
965	50699	4
965	50726	4
965	52645	4
965	53317	4
965	53618	4
965	55236	4
965	58364	4
965	58625	4
965	58917	4
965	59534	4
965	59888	4
965	63285	4
965	65868	4
965	68232	4
965	69090	4
965	69093	4
965	69096	4
965	69100	4
965	71218	4
965	76660	4
965	77560	4
965	77782	4
965	77784	4
965	77788	4
966	9099	4
966	23704	4
966	23816	4
966	23820	4
966	23858	4
966	24078	4
966	25492	4
966	25607	4
966	26405	4
966	26573	4
966	26771	4
966	27567	4
966	29997	4
966	31848	4
966	32117	4
966	34094	4
966	35136	4
966	46330	4
966	46352	4
966	46368	4
966	46410	4
966	46416	4
966	46454	4
966	46535	4
966	46541	4
966	46554	4
966	46558	4
966	46935	4
966	47231	4
966	47253	4
966	47468	4
966	47479	4
966	47710	4
966	47768	4
966	48318	4
966	48550	4
966	48616	4
966	49569	4
966	49893	4
966	50228	4
966	50605	4
966	50634	4
966	51943	4
966	52076	4
966	52132	4
966	53136	4
966	57669	4
966	59231	4
966	59612	4
966	60471	4
966	61762	4
966	62649	4
966	69104	4
966	69105	4
966	69107	4
967	870	4
967	1693	4
967	2335	4
967	2581	4
967	2582	4
967	9992	4
967	23760	4
967	23993	4
967	24388	4
967	24899	4
967	25518	4
967	25600	4
967	25804	4
967	25886	4
967	25970	4
967	26166	4
967	26266	4
967	26484	4
967	27329	4
967	29148	4
967	29280	4
967	30285	4
967	32388	4
967	32460	4
967	32867	4
967	33428	4
967	34513	4
967	35303	4
967	37020	4
967	46452	4
967	46944	4
967	46952	4
967	47109	4
967	47123	4
967	47191	4
967	47350	4
967	47370	4
967	47738	4
967	47834	4
967	48087	4
967	48563	4
967	48750	4
967	48769	4
967	49411	4
967	50383	4
967	51403	4
967	51540	4
967	54501	4
967	54811	4
967	55568	4
967	56299	4
967	57260	4
967	58601	4
967	61224	4
967	61771	4
967	62255	4
967	63129	4
967	66178	4
967	67050	4
967	69112	4
967	69114	4
967	69115	4
967	69116	4
967	69117	4
967	69119	4
967	69122	4
967	69126	4
967	69127	4
967	69130	4
967	69132	4
967	69133	4
967	69138	4
967	69142	4
967	71265	4
967	71292	4
967	71622	4
967	72384	4
967	76688	4
967	77795	4
967	77796	4
967	77797	4
967	77799	4
967	77800	4
967	77802	4
967	77803	4
967	77805	4
968	2583	4
968	2584	4
968	9993	4
968	24031	4
968	24057	4
968	24550	4
968	24664	4
968	26328	4
968	27555	4
968	31850	4
968	32335	4
968	36581	4
968	47921	4
968	50324	4
968	52529	4
968	53494	4
968	53503	4
968	57380	4
968	60715	4
968	61212	4
968	77806	4
969	2585	4
969	23781	4
969	23874	4
969	24443	4
969	24533	4
969	24545	4
969	27022	4
969	28328	4
969	32133	4
969	46441	4
969	46548	4
969	46552	4
969	47387	4
969	48640	4
969	48651	4
969	50557	4
969	60817	4
969	72940	4
970	24070	4
970	30055	4
970	33885	4
970	36412	4
970	36413	4
970	36414	4
970	36987	4
970	37036	4
970	37037	4
970	37038	4
970	37039	4
970	37046	4
970	47424	4
970	55761	4
970	56191	4
970	62842	4
970	67786	4
970	69154	4
970	69157	4
970	69158	4
970	76427	4
971	23729	4
971	25190	4
971	25321	4
971	25326	4
971	25347	4
971	25681	4
971	27099	4
971	28193	4
971	28514	4
971	28847	4
971	29064	4
971	29296	4
971	30423	4
971	31272	4
971	31301	4
971	32594	4
971	32604	4
971	34476	4
971	46756	4
971	47000	4
971	47036	4
971	47054	4
971	47058	4
971	47062	4
971	47405	4
971	47588	4
971	48191	4
971	48483	4
971	48486	4
971	48735	4
971	48901	4
971	48989	4
971	49012	4
971	49036	4
971	50425	4
971	51091	4
971	51447	4
971	51466	4
971	51871	4
971	52408	4
971	56991	4
971	59857	4
971	60477	4
971	63091	4
971	66387	4
971	66843	4
971	69159	4
972	9996	4
972	16394	4
972	20089	4
972	23981	4
972	24491	4
972	25290	4
972	25295	4
972	26825	4
972	27437	4
972	28934	4
972	30206	4
972	34067	4
972	35288	4
972	36894	4
972	37050	4
972	37051	4
972	37052	4
972	37054	4
972	37055	4
972	46685	4
972	47255	4
972	48782	4
972	49204	4
972	50022	4
972	50285	4
972	52007	4
972	55262	4
972	64899	4
972	67093	4
972	69162	4
972	69163	4
972	69166	4
972	69173	4
972	69174	4
972	69175	4
972	69177	4
972	71448	4
972	71496	4
972	71830	4
972	72070	4
972	72299	4
972	77815	4
972	77818	4
973	289	4
973	18884	4
973	20375	4
973	24029	4
973	25394	4
973	31946	4
974	2592	4
974	24669	4
974	24745	4
974	26096	4
974	27934	4
974	46365	4
974	46393	4
974	46589	4
974	46896	4
974	48590	4
974	49162	4
974	61917	4
974	65618	4
975	307	4
975	2577	4
975	27419	4
975	27720	4
975	49509	4
975	69188	4
975	69190	4
975	69191	4
975	69193	4
975	69194	4
975	69197	4
975	69198	4
975	72070	4
975	76452	4
975	77831	4
976	6	4
976	1338	4
976	2323	4
976	2594	4
976	2595	4
976	7714	4
976	8694	4
976	9123	4
976	16372	4
976	19019	4
976	19098	4
976	19151	4
976	19544	4
976	19769	4
976	19877	4
976	20377	4
976	20379	4
976	23959	4
976	24229	4
976	24578	4
976	24987	4
976	25067	4
976	25113	4
976	25363	4
976	26338	4
976	26357	4
976	26444	4
976	26458	4
976	27052	4
976	27457	4
976	27625	4
976	27742	4
976	29082	4
976	29802	4
976	29809	4
976	29843	4
976	29848	4
976	29849	4
976	29858	4
976	29901	4
976	29916	4
976	29933	4
976	30699	4
976	30891	4
976	30897	4
976	30904	4
976	30911	4
976	30989	4
976	31234	4
976	31459	4
976	31460	4
976	31467	4
976	31475	4
976	31479	4
976	31487	4
976	33295	4
976	33499	4
976	33506	4
976	33507	4
976	33513	4
976	34168	4
976	36801	4
976	36805	4
976	36817	4
976	36828	4
976	36835	4
976	37061	4
976	37063	4
976	37064	4
976	37065	4
976	37067	4
976	37068	4
976	37069	4
976	37070	4
976	37072	4
976	37073	4
976	37075	4
976	37076	4
976	37078	4
976	37081	4
976	37083	4
976	37084	4
976	37088	4
976	37090	4
976	37091	4
976	46396	4
976	50103	4
976	51508	4
976	52433	4
976	52484	4
976	53972	4
976	54635	4
976	55892	4
976	55921	4
976	55986	4
976	55988	4
976	56680	4
976	56819	4
976	57212	4
976	57297	4
976	58439	4
976	58456	4
976	58458	4
976	59695	4
976	61579	4
976	62232	4
976	67954	4
976	68646	4
976	68662	4
976	68681	4
976	68690	4
976	69200	4
976	69201	4
976	69203	4
976	69204	4
976	69205	4
976	69208	4
976	69210	4
976	69212	4
976	69215	4
976	69216	4
976	69217	4
976	69218	4
976	69219	4
976	72021	4
976	73585	4
976	73635	4
976	73669	4
976	73670	4
976	73991	4
976	73996	4
976	74280	4
976	74284	4
976	74286	4
976	77834	4
976	77837	4
976	77838	4
976	77839	4
976	77843	4
976	77846	4
976	77848	4
976	77850	4
976	77851	4
976	77852	4
976	77853	4
976	77855	4
976	77856	4
977	691	4
977	19565	4
977	23991	4
977	24245	4
977	24340	4
977	24859	4
977	25124	4
977	25309	4
977	25459	4
977	27466	4
977	28157	4
977	28670	4
977	37095	4
977	46417	4
977	47197	4
977	47220	4
977	47886	4
977	49709	4
977	51166	4
977	51915	4
977	52779	4
977	56308	4
977	56344	4
977	59681	4
977	62033	4
977	64968	4
977	69222	4
977	69223	4
978	292	4
978	357	4
978	562	4
978	10001	4
978	18812	4
978	18830	4
978	18838	4
978	18942	4
978	18963	4
978	19019	4
978	19091	4
978	19093	4
978	19189	4
978	19513	4
978	20386	4
978	23717	4
978	23880	4
978	24046	4
978	24052	4
978	24108	4
978	24736	4
978	24902	4
978	24955	4
978	24959	4
978	24987	4
978	25390	4
978	25437	4
978	25887	4
978	26097	4
978	26122	4
978	26261	4
978	26263	4
978	26575	4
978	26895	4
978	27123	4
978	27569	4
978	27716	4
978	28486	4
978	29341	4
978	29678	4
978	30283	4
978	31983	4
978	33988	4
978	37105	4
978	37106	4
978	37107	4
978	46345	4
978	46616	4
978	46719	4
978	47700	4
978	47779	4
978	47836	4
978	48442	4
978	49178	4
978	49738	4
978	49766	4
978	50048	4
978	50621	4
978	51941	4
978	52229	4
978	52984	4
978	53436	4
978	58694	4
978	59398	4
978	59943	4
978	63186	4
978	69231	4
978	69233	4
978	69234	4
978	69235	4
978	69236	4
978	73221	4
978	75800	4
979	19002	4
979	20388	4
979	37108	4
979	37110	4
979	37112	4
979	48591	4
979	69247	4
979	69248	4
979	69252	4
979	69253	4
979	77862	4
979	77864	4
980	2598	4
980	24730	4
980	25363	4
980	26167	4
980	28091	4
980	31706	4
980	35219	4
980	35895	4
980	35896	4
980	35899	4
980	35930	4
980	35931	4
980	35943	4
980	37117	4
980	37118	4
980	37119	4
980	37121	4
980	46301	4
980	46467	4
980	47188	4
980	48529	4
980	53201	4
980	53207	4
980	53230	4
980	54610	4
980	55335	4
980	56600	4
980	61006	4
980	66993	4
980	67000	4
980	67029	4
980	67040	4
980	67705	4
980	69255	4
980	69256	4
980	69257	4
980	69260	4
980	69261	4
980	69263	4
980	69264	4
980	69268	4
980	69271	4
980	69272	4
980	69273	4
980	69275	4
980	69278	4
980	69279	4
980	69280	4
980	69281	4
980	77049	4
980	77737	4
981	37122	4
981	46852	4
981	51933	4
981	62842	4
981	69286	4
981	69291	4
982	10002	4
982	10004	4
982	27832	4
982	32604	4
982	37125	4
982	48125	4
982	49736	4
982	53538	4
982	53794	4
982	57191	4
982	62312	4
982	62320	4
982	62338	4
982	62346	4
982	62375	4
982	65228	4
982	65241	4
982	65689	4
982	67181	4
982	69297	4
982	69304	4
982	69309	4
982	69315	4
982	69319	4
982	69322	4
982	69323	4
982	69331	4
982	69336	4
982	69338	4
982	69343	4
982	71656	4
982	72586	4
982	75440	4
982	76403	4
982	76852	4
982	77874	4
982	77878	4
982	77883	4
982	77884	4
982	77888	4
983	10007	4
983	10008	4
983	60773	4
983	61369	4
983	69349	4
983	73917	4
984	65	4
984	24111	4
984	24352	4
984	27401	4
984	31123	4
984	77890	4
985	379	4
985	1341	4
985	1942	4
985	1944	4
985	10009	4
985	25047	4
985	25996	4
985	26346	4
985	26349	4
985	26543	4
985	26847	4
985	47308	4
985	47860	4
985	47899	4
985	49313	4
985	49337	4
985	49493	4
985	49585	4
985	50591	4
985	51569	4
985	51640	4
985	53070	4
985	55201	4
985	58086	4
985	58910	4
985	64160	4
985	64177	4
985	66854	4
985	68735	4
985	69354	4
985	69357	4
985	69359	4
985	69360	4
985	69362	4
986	559	4
986	1037	4
986	1073	4
986	1275	4
986	1792	4
986	2611	4
986	2617	4
986	2621	4
986	2626	4
986	2631	4
986	2635	4
986	2647	4
986	8553	4
986	9682	4
986	10013	4
986	10020	4
986	10022	4
986	16406	4
986	19877	4
986	20392	4
986	30688	4
986	30690	4
986	33972	4
986	35776	4
986	35795	4
986	35797	4
986	37131	4
986	46882	4
986	52795	4
986	55628	4
986	57165	4
986	57204	4
986	57746	4
986	59372	4
986	60320	4
986	62330	4
986	62689	4
986	63045	4
986	65688	4
986	69374	4
986	69380	4
986	69382	4
986	69393	4
986	69398	4
986	69406	4
986	69410	4
986	69412	4
986	69413	4
986	69417	4
986	69419	4
986	72587	4
986	73966	4
986	74122	4
986	75737	4
986	75757	4
986	76962	4
986	76975	4
986	76981	4
986	77012	4
986	77900	4
986	77901	4
986	77904	4
986	77905	4
986	77907	4
986	77911	4
986	77913	4
986	77921	4
986	77922	4
986	77923	4
986	77930	4
986	77931	4
986	77935	4
986	77941	4
986	77945	4
986	77958	4
986	77959	4
986	77960	4
986	77965	4
986	77968	4
987	7836	4
987	24105	4
987	27567	4
987	27957	4
987	37149	4
987	37150	4
987	46841	4
987	47878	4
987	48836	4
987	53094	4
987	53786	4
987	55203	4
987	55776	4
987	56855	4
987	69425	4
987	69428	4
987	73500	4
987	74509	4
988	23793	4
988	24342	4
988	37151	4
989	399	4
990	186	4
990	24417	4
990	24701	4
990	24955	4
990	25507	4
990	26477	4
990	30177	4
990	46359	4
990	47123	4
990	47356	4
990	47370	4
990	47410	4
990	47421	4
990	48893	4
990	55033	4
990	55309	4
990	60438	4
990	61771	4
990	65086	4
990	69434	4
990	75405	4
990	77979	4
991	20398	4
991	25474	4
991	48608	4
992	2652	4
992	8830	4
992	25498	4
992	25965	4
992	27837	4
992	29421	4
992	46483	4
992	46516	4
992	46543	4
992	46562	4
992	47018	4
992	47495	4
992	50300	4
992	50439	4
992	50572	4
992	51511	4
992	51648	4
992	52524	4
992	55597	4
992	59180	4
992	59829	4
992	66107	4
992	69443	4
992	69448	4
992	71384	4
992	77981	4
992	77983	4
993	10028	4
993	10030	4
993	23927	4
993	24223	4
993	25032	4
993	28647	4
993	29856	4
993	32924	4
993	37160	4
993	37161	4
993	37163	4
993	47281	4
993	50179	4
993	50293	4
993	50361	4
993	50763	4
993	51743	4
993	54317	4
993	55622	4
993	59379	4
993	62394	4
993	64106	4
993	69456	4
993	69457	4
993	69458	4
993	69463	4
993	69464	4
994	24276	4
994	24513	4
994	24945	4
994	25123	4
994	29678	4
994	37167	4
994	48765	4
994	51250	4
994	60068	4
994	61074	4
995	33	4
995	186	4
995	189	4
995	16413	4
995	23700	4
995	23711	4
995	23757	4
995	23779	4
995	23800	4
995	23802	4
995	23820	4
995	23846	4
995	23877	4
995	23891	4
995	23905	4
995	23914	4
995	23931	4
995	24108	4
995	24293	4
995	24362	4
995	24395	4
995	24435	4
995	24443	4
995	24465	4
995	25260	4
995	25384	4
995	25448	4
995	25480	4
995	25498	4
995	25622	4
995	25722	4
995	26096	4
995	26166	4
995	26451	4
995	26515	4
995	26674	4
995	27399	4
995	27561	4
995	27612	4
995	27971	4
995	28262	4
995	28289	4
995	29015	4
995	29155	4
995	29391	4
995	30134	4
995	31609	4
995	33389	4
995	33429	4
995	35463	4
995	35580	4
995	37106	4
995	37148	4
995	37168	4
995	37169	4
995	37174	4
995	37176	4
995	37177	4
995	37178	4
995	37179	4
995	37180	4
995	46308	4
995	46312	4
995	46352	4
995	46379	4
995	46542	4
995	46544	4
995	46597	4
995	46620	4
995	46621	4
995	46631	4
995	46830	4
995	46901	4
995	46925	4
995	46927	4
995	46954	4
995	46972	4
995	47123	4
995	47139	4
995	47185	4
995	47197	4
995	47215	4
995	47281	4
995	47341	4
995	47344	4
995	47349	4
995	47350	4
995	47356	4
995	47384	4
995	47427	4
995	47768	4
995	47794	4
995	47933	4
995	48318	4
995	48425	4
995	48652	4
995	48848	4
995	49667	4
995	49749	4
995	50556	4
995	51884	4
995	52201	4
995	52240	4
995	52262	4
995	52607	4
995	53081	4
995	53284	4
995	54252	4
995	54360	4
995	54831	4
995	54835	4
995	56498	4
995	56826	4
995	56860	4
995	56861	4
995	57391	4
995	59952	4
995	64152	4
995	65876	4
995	67686	4
995	69479	4
995	69483	4
995	69484	4
995	69485	4
995	71362	4
995	71781	4
995	72264	4
995	72520	4
995	73513	4
995	73606	4
995	73780	4
995	74927	4
995	75305	4
995	76832	4
995	77988	4
995	77990	4
995	77992	4
996	1479	4
996	8014	4
996	8425	4
996	9577	4
996	9976	4
996	10033	4
996	23787	4
996	23896	4
996	23903	4
996	23911	4
996	24044	4
996	24056	4
996	24076	4
996	24105	4
996	24364	4
996	24711	4
996	24715	4
996	24782	4
996	24857	4
996	24864	4
996	24865	4
996	24896	4
996	24955	4
996	25205	4
996	25459	4
996	25887	4
996	26124	4
996	26152	4
996	26437	4
996	27374	4
996	29764	4
996	30163	4
996	37182	4
996	37184	4
996	46363	4
996	46428	4
996	46463	4
996	46603	4
996	46631	4
996	46839	4
996	46859	4
996	46866	4
996	47246	4
996	47626	4
996	47666	4
996	47809	4
996	47838	4
996	48669	4
996	48770	4
996	48831	4
996	49090	4
996	49564	4
996	49800	4
996	51775	4
996	51855	4
996	51943	4
996	52129	4
996	52135	4
996	52277	4
996	52289	4
996	57245	4
996	59591	4
996	60868	4
996	69057	4
996	69487	4
996	69489	4
996	69490	4
996	69492	4
996	69493	4
996	69494	4
996	69496	4
996	69497	4
996	75800	4
996	75824	4
996	76841	4
997	175	4
997	299	4
997	2659	4
997	10036	4
997	24349	4
997	24379	4
997	24471	4
997	24480	4
997	24701	4
997	24800	4
997	24926	4
997	25297	4
997	25780	4
997	25881	4
997	26416	4
997	26533	4
997	26819	4
997	26828	4
997	27939	4
997	28454	4
997	30193	4
997	32331	4
997	32684	4
997	33463	4
997	35280	4
997	37185	4
997	37186	4
997	37188	4
997	37189	4
997	37191	4
997	37192	4
997	37194	4
997	37195	4
997	37196	4
997	37198	4
997	46685	4
997	46690	4
997	47742	4
997	49099	4
997	49191	4
997	49888	4
997	50246	4
997	52981	4
997	54042	4
997	55044	4
997	57456	4
997	57538	4
997	57547	4
997	60607	4
997	64351	4
997	68302	4
997	69499	4
997	69501	4
997	69504	4
997	72974	4
998	65	4
998	23711	4
998	23754	4
998	23765	4
998	24689	4
998	24967	4
998	25607	4
998	27528	4
998	27971	4
998	30718	4
998	31610	4
998	37201	4
998	37202	4
998	47350	4
998	47428	4
998	50651	4
998	71216	4
998	77996	4
999	27	4
999	28965	4
999	29421	4
999	29988	4
999	32025	4
999	36923	4
999	48687	4
999	48723	4
999	52293	4
999	53023	4
999	55198	4
999	56043	4
999	57381	4
999	58347	4
999	58924	4
999	69514	4
999	71723	4
999	72757	4
999	72758	4
999	72764	4
999	77616	4
999	78004	4
1000	15804	4
1000	16416	4
1000	19947	4
1000	19980	4
1000	24421	4
1000	25067	4
1000	25855	4
1000	26854	4
1000	28125	4
1000	29742	4
1000	32025	4
1000	32427	4
1000	37211	4
1000	46510	4
1000	46513	4
1000	46548	4
1000	46554	4
1000	46675	4
1000	46785	4
1000	47053	4
1000	47363	4
1000	47459	4
1000	47847	4
1000	48198	4
1000	48219	4
1000	48225	4
1000	48651	4
1000	49301	4
1000	49305	4
1000	49402	4
1000	56043	4
1000	56112	4
1000	59121	4
1000	60692	4
1000	60819	4
1000	63538	4
1000	64712	4
1000	69517	4
1000	71321	4
1000	71922	4
1000	71964	4
1000	72841	4
1000	74504	4
1000	78005	4
1000	78006	4
1000	78007	4
1001	2666	4
1001	10042	4
1001	30944	4
1001	37213	4
1001	48616	4
1001	49498	4
1001	53282	4
1001	57588	4
1001	57811	4
1001	61528	4
1001	64394	4
1001	69518	4
1001	69522	4
1001	69526	4
1001	69527	4
1001	69530	4
1001	78010	4
1002	24045	4
1002	24269	4
1002	24292	4
1002	24677	4
1002	24902	4
1002	24959	4
1002	24967	4
1002	24977	4
1002	25078	4
1002	25087	4
1002	25205	4
1002	25394	4
1002	25446	4
1002	25602	4
1002	25612	4
1002	25876	4
1002	26169	4
1002	30096	4
1002	34312	4
1002	37214	4
1002	46301	4
1002	46327	4
1002	46616	4
1002	46925	4
1002	47112	4
1002	47216	4
1002	47229	4
1002	47653	4
1002	47782	4
1002	47811	4
1002	48804	4
1002	49687	4
1002	49709	4
1002	52129	4
1002	57983	4
1002	58067	4
1002	63787	4
1002	66599	4
1002	68883	4
1002	69535	4
1002	69538	4
1002	72166	4
1002	74047	4
1003	2668	4
1003	8772	4
1003	10044	4
1003	10046	4
1003	15860	4
1003	18875	4
1003	18924	4
1003	20406	4
1003	20410	4
1003	20411	4
1003	20412	4
1003	24142	4
1003	25856	4
1003	26539	4
1003	27047	4
1003	27512	4
1003	28659	4
1003	29436	4
1003	32252	4
1003	37219	4
1003	44737	4
1003	46299	4
1003	46674	4
1003	46972	4
1003	47053	4
1003	47127	4
1003	47466	4
1003	47593	4
1003	49374	4
1003	51486	4
1003	53460	4
1003	54025	4
1003	57279	4
1003	60083	4
1003	61325	4
1003	69544	4
1003	69548	4
1003	69550	4
1003	69555	4
1003	71985	4
1003	72767	4
1003	72881	4
1003	76353	4
1003	77290	4
1004	236	4
1004	1785	4
1004	8307	4
1004	9628	4
1004	23793	4
1004	24066	4
1004	24074	4
1004	24364	4
1004	24383	4
1004	24467	4
1004	24778	4
1004	26207	4
1004	27477	4
1004	27483	4
1004	28184	4
1004	32542	4
1004	33104	4
1004	37151	4
1004	46431	4
1004	46851	4
1004	47137	4
1004	47287	4
1004	47880	4
1004	48159	4
1004	48618	4
1004	48825	4
1004	49407	4
1004	53031	4
1004	56267	4
1004	69560	4
1004	74146	4
1004	75394	4
1005	6	4
1005	1504	4
1005	16418	4
1005	16420	4
1005	18813	4
1005	24999	4
1005	37224	4
1005	46417	4
1005	47129	4
1005	47133	4
1005	47217	4
1005	49237	4
1005	51931	4
1005	53093	4
1005	56630	4
1005	58877	4
1005	60619	4
1005	63254	4
1005	69564	4
1005	69571	4
1005	69572	4
1005	71295	4
1005	78024	4
1006	2672	4
1006	19028	4
1006	19593	4
1006	23981	4
1006	24192	4
1006	24262	4
1006	24793	4
1006	25980	4
1006	26399	4
1006	26806	4
1006	28798	4
1006	32146	4
1006	32941	4
1006	36204	4
1006	37227	4
1006	37229	4
1006	37230	4
1006	37231	4
1006	47736	4
1006	49920	4
1006	52208	4
1006	53800	4
1006	63807	4
1006	65403	4
1006	68302	4
1006	69580	4
1006	69581	4
1006	69585	4
1006	69589	4
1006	69590	4
1006	69592	4
1006	72949	4
1006	73777	4
1007	1346	4
1007	7626	4
1007	7764	4
1007	19201	4
1007	23831	4
1007	23834	4
1007	23882	4
1007	24118	4
1007	24164	4
1007	24421	4
1007	25491	4
1007	25673	4
1007	26042	4
1007	26281	4
1007	27274	4
1007	27280	4
1007	27341	4
1007	27597	4
1007	29956	4
1007	37240	4
1007	46537	4
1007	46560	4
1007	47459	4
1007	47489	4
1007	47596	4
1007	47864	4
1007	48595	4
1007	48642	4
1007	48651	4
1007	51696	4
1007	52558	4
1007	52577	4
1007	52590	4
1007	52964	4
1007	53611	4
1007	62555	4
1007	62578	4
1007	66227	4
1007	66648	4
1007	69598	4
1007	69600	4
1007	69602	4
1007	71542	4
1007	72154	4
1007	73002	4
1007	73003	4
1007	74707	4
1007	75171	4
1007	77692	4
1008	1073	4
1008	23970	4
1008	24019	4
1008	28217	4
1008	28231	4
1008	28442	4
1008	31019	4
1008	31036	4
1008	31737	4
1008	31742	4
1008	31877	4
1008	31892	4
1008	35783	4
1008	46564	4
1008	47121	4
1008	48198	4
1008	48219	4
1008	50400	4
1008	52808	4
1008	53548	4
1008	55519	4
1008	56112	4
1008	57167	4
1008	57190	4
1008	57806	4
1008	59297	4
1008	64743	4
1008	66724	4
1008	69605	4
1008	69606	4
1009	26364	4
1009	52242	4
1009	53899	4
1010	1321	4
1010	2677	4
1010	20417	4
1010	24580	4
1010	24596	4
1010	25119	4
1010	25891	4
1010	26654	4
1010	27053	4
1010	27056	4
1010	27351	4
1010	27458	4
1010	28264	4
1010	28282	4
1010	28774	4
1010	29317	4
1010	29334	4
1010	29363	4
1010	30308	4
1010	30318	4
1010	31948	4
1010	32284	4
1010	32397	4
1010	35566	4
1010	36312	4
1010	37244	4
1010	37247	4
1010	37248	4
1010	37249	4
1010	37250	4
1010	37251	4
1010	47515	4
1010	47516	4
1010	48916	4
1010	49273	4
1010	49293	4
1010	49729	4
1010	50591	4
1010	50842	4
1010	51389	4
1010	53102	4
1010	54103	4
1010	54315	4
1010	54596	4
1010	54604	4
1010	54635	4
1010	54781	4
1010	54790	4
1010	54812	4
1010	55096	4
1010	56429	4
1010	56566	4
1010	58084	4
1010	59412	4
1010	59455	4
1010	59794	4
1010	61841	4
1010	61879	4
1010	66358	4
1010	66361	4
1010	66364	4
1010	67081	4
1010	68031	4
1010	68480	4
1010	68882	4
1010	69607	4
1010	69609	4
1010	69610	4
1010	69611	4
1010	69613	4
1010	69614	4
1010	69615	4
1010	69617	4
1010	69619	4
1010	69620	4
1010	72365	4
1010	76768	4
1010	78028	4
1010	78029	4
1010	78031	4
1011	24090	4
1011	46308	4
1011	50542	4
1011	53317	4
1012	72	4
1012	93	4
1012	137	4
1012	316	4
1012	536	4
1012	631	4
1012	2488	4
1012	10055	4
1012	23843	4
1012	24118	4
1012	24163	4
1012	24378	4
1012	24403	4
1012	24410	4
1012	24416	4
1012	24540	4
1012	25471	4
1012	26359	4
1012	26507	4
1012	26582	4
1012	26847	4
1012	26997	4
1012	27006	4
1012	27681	4
1012	29371	4
1012	29375	4
1012	29992	4
1012	31711	4
1012	31843	4
1012	32199	4
1012	32865	4
1012	34660	4
1012	35692	4
1012	36961	4
1012	46445	4
1012	46498	4
1012	46512	4
1012	46574	4
1012	46740	4
1012	46812	4
1012	47040	4
1012	47341	4
1012	47348	4
1012	47357	4
1012	47606	4
1012	47618	4
1012	47775	4
1012	47901	4
1012	47908	4
1012	47920	4
1012	48041	4
1012	48043	4
1012	48651	4
1012	48723	4
1012	49149	4
1012	49593	4
1012	49759	4
1012	50059	4
1012	50131	4
1012	50142	4
1012	50571	4
1012	50669	4
1012	50703	4
1012	50706	4
1012	50726	4
1012	50730	4
1012	50906	4
1012	51342	4
1012	51349	4
1012	51495	4
1012	51516	4
1012	51582	4
1012	51747	4
1012	53002	4
1012	53052	4
1012	53053	4
1012	53327	4
1012	53428	4
1012	53502	4
1012	53611	4
1012	54025	4
1012	55831	4
1012	55928	4
1012	56043	4
1012	57364	4
1012	57379	4
1012	58373	4
1012	58775	4
1012	58924	4
1012	59891	4
1012	62256	4
1012	62577	4
1012	63332	4
1012	63557	4
1012	64165	4
1012	65830	4
1012	66349	4
1012	67297	4
1012	67464	4
1012	68020	4
1012	69632	4
1012	69633	4
1012	69635	4
1012	69638	4
1012	69640	4
1012	69641	4
1012	69642	4
1012	69643	4
1012	69644	4
1012	69648	4
1012	71218	4
1012	71328	4
1012	71355	4
1012	71356	4
1012	71362	4
1012	71404	4
1012	71416	4
1012	71419	4
1012	71741	4
1012	71894	4
1012	71989	4
1012	72154	4
1012	72354	4
1012	72471	4
1012	72787	4
1012	72904	4
1012	72915	4
1012	72924	4
1012	73525	4
1012	74503	4
1012	76278	4
1012	76303	4
1012	76591	4
1012	76982	4
1012	77559	4
1012	77808	4
1012	78047	4
1012	78048	4
1012	78051	4
1012	78052	4
1012	78053	4
1012	78054	4
1013	10056	4
1013	10057	4
1013	16116	4
1013	20420	4
1013	26068	4
1013	26138	4
1013	37260	4
1013	37262	4
1013	62890	4
1013	65031	4
1013	67836	4
1013	68564	4
1013	69651	4
1013	69653	4
1013	69660	4
1013	69661	4
1013	69663	4
1013	69664	4
1013	78056	4
1014	21	4
1014	1209	4
1014	18951	4
1014	25216	4
1014	26043	4
1014	26050	4
1014	26847	4
1014	31348	4
1014	35124	4
1014	46672	4
1014	47545	4
1014	47582	4
1014	48197	4
1014	49332	4
1014	49375	4
1014	50732	4
1014	51546	4
1014	51613	4
1014	51645	4
1014	56998	4
1014	58222	4
1014	67364	4
1014	68235	4
1014	69666	4
1014	69668	4
1015	30673	4
1015	35048	4
1015	54139	4
1015	58018	4
1015	58410	4
1015	62122	4
1015	66148	4
1015	69670	4
1015	69671	4
1016	23702	4
1016	23797	4
1016	23924	4
1016	24284	4
1016	24286	4
1016	24735	4
1016	24823	4
1016	24854	4
1016	24876	4
1016	24976	4
1016	26161	4
1016	27971	4
1016	29241	4
1016	29527	4
1016	32436	4
1016	33514	4
1016	34618	4
1016	35444	4
1016	46417	4
1016	46429	4
1016	47272	4
1016	47635	4
1016	47753	4
1016	47879	4
1016	50380	4
1016	51873	4
1016	52825	4
1016	53666	4
1016	54146	4
1016	55140	4
1016	55181	4
1016	56644	4
1016	57992	4
1016	61201	4
1016	63840	4
1016	64410	4
1016	69672	4
1016	69674	4
1017	9580	4
1017	19201	4
1017	23936	4
1017	24028	4
1017	25492	4
1017	34974	4
1017	36108	4
1017	46367	4
1017	47231	4
1017	47712	4
1017	47949	4
1017	69685	4
1017	69686	4
1017	69687	4
1017	72365	4
1017	75715	4
1019	1761	4
1019	2683	4
1019	10065	4
1019	20424	4
1019	24087	4
1019	29170	4
1019	29758	4
1019	29767	4
1019	33370	4
1019	36055	4
1019	36396	4
1019	36399	4
1019	37279	4
1019	37281	4
1019	37282	4
1019	52053	4
1019	52236	4
1019	62016	4
1019	62891	4
1019	65389	4
1019	67201	4
1019	67203	4
1019	67212	4
1019	67783	4
1019	67883	4
1019	67902	4
1019	67903	4
1019	69696	4
1019	69698	4
1019	69700	4
1019	69701	4
1019	78069	4
1020	137	4
1020	278	4
1020	592	4
1020	2684	4
1020	8805	4
1020	18834	4
1020	19460	4
1020	23806	4
1020	23875	4
1020	25147	4
1020	25857	4
1020	28438	4
1020	28852	4
1020	29652	4
1020	29886	4
1020	32277	4
1020	37284	4
1020	37287	4
1020	37288	4
1020	37291	4
1020	37292	4
1020	37294	4
1020	48937	4
1020	49076	4
1020	49393	4
1020	52536	4
1020	52909	4
1020	55883	4
1020	55889	4
1020	58721	4
1020	58749	4
1020	69705	4
1020	69706	4
1020	69711	4
1020	69712	4
1020	69713	4
1020	69715	4
1020	69716	4
1020	69718	4
1020	78072	4
1021	7	4
1021	2686	4
1021	8348	4
1021	10069	4
1021	10070	4
1021	18827	4
1021	20429	4
1021	20430	4
1021	23843	4
1021	25570	4
1021	27687	4
1021	28054	4
1021	28416	4
1021	30025	4
1021	31016	4
1021	31393	4
1021	32215	4
1021	32521	4
1021	32683	4
1021	35109	4
1021	37297	4
1021	37299	4
1021	37302	4
1021	37303	4
1021	37306	4
1021	37310	4
1021	47263	4
1021	47864	4
1021	48463	4
1021	50070	4
1021	50083	4
1021	50352	4
1021	50904	4
1021	51015	4
1021	51181	4
1021	51519	4
1021	51725	4
1021	51891	4
1021	53481	4
1021	53896	4
1021	55598	4
1021	57365	4
1021	57747	4
1021	58446	4
1021	59022	4
1021	59025	4
1021	59620	4
1021	60097	4
1021	60817	4
1021	61528	4
1021	66135	4
1021	68665	4
1021	69722	4
1021	69727	4
1021	69730	4
1021	69734	4
1021	69736	4
1021	69738	4
1021	69744	4
1021	69747	4
1021	69758	4
1021	69759	4
1021	69760	4
1021	71628	4
1021	78075	4
1022	340	4
1022	2695	4
1022	15765	4
1022	18812	4
1022	18827	4
1022	18830	4
1022	18946	4
1022	20433	4
1022	24009	4
1022	24323	4
1022	24361	4
1022	25067	4
1022	25419	4
1022	25855	4
1022	26340	4
1022	28673	4
1022	28952	4
1022	28954	4
1022	29730	4
1022	32300	4
1022	37316	4
1022	37319	4
1022	37320	4
1022	46499	4
1022	46567	4
1022	46594	4
1022	46935	4
1022	47365	4
1022	47388	4
1022	47461	4
1022	47536	4
1022	48144	4
1022	48707	4
1022	49295	4
1022	49323	4
1022	49366	4
1022	49760	4
1022	49768	4
1022	49817	4
1022	53335	4
1022	53778	4
1022	54575	4
1022	56134	4
1022	56138	4
1022	56883	4
1022	58373	4
1022	59119	4
1022	59775	4
1022	60288	4
1022	62605	4
1022	64125	4
1022	69755	4
1022	69766	4
1022	69767	4
1022	69770	4
1022	69773	4
1022	69774	4
1022	69777	4
1022	69780	4
1022	69781	4
1022	71220	4
1022	75894	4
1022	77626	4
1022	78080	4
1022	78082	4
1022	78089	4
1022	78091	4
1023	2696	4
1023	20436	4
1023	26223	4
1023	32924	4
1023	35465	4
1023	69793	4
1024	78	4
1024	10075	4
1024	10076	4
1024	15742	4
1024	16430	4
1024	23773	4
1024	23782	4
1024	23822	4
1024	23824	4
1024	23828	4
1024	23837	4
1024	23846	4
1024	23852	4
1024	23882	4
1024	23891	4
1024	24515	4
1024	25146	4
1024	25491	4
1024	25544	4
1024	25635	4
1024	25851	4
1024	26304	4
1024	26358	4
1024	26508	4
1024	26523	4
1024	26547	4
1024	26753	4
1024	28118	4
1024	28134	4
1024	28268	4
1024	28274	4
1024	28278	4
1024	28297	4
1024	29426	4
1024	29792	4
1024	30180	4
1024	33040	4
1024	33356	4
1024	34966	4
1024	35558	4
1024	37328	4
1024	37329	4
1024	37330	4
1024	37332	4
1024	44774	4
1024	46440	4
1024	46485	4
1024	46522	4
1024	46594	4
1024	46596	4
1024	47347	4
1024	47363	4
1024	47467	4
1024	47491	4
1024	47606	4
1024	47613	4
1024	47708	4
1024	47775	4
1024	48318	4
1024	48653	4
1024	50596	4
1024	51112	4
1024	51216	4
1024	51263	4
1024	51332	4
1024	51334	4
1024	51767	4
1024	52076	4
1024	52187	4
1024	52240	4
1024	53602	4
1024	59127	4
1024	59713	4
1024	63040	4
1024	69801	4
1024	69805	4
1024	71536	4
1024	71554	4
1024	72475	4
1024	74410	4
1024	74674	4
1024	75333	4
1024	75777	4
1024	76217	4
1024	78097	4
1024	78098	4
1024	78099	4
1025	7	4
1025	10080	4
1025	10082	4
1025	50706	4
1025	53744	4
1025	60232	4
1025	61492	4
1025	69813	4
1026	2699	4
1026	10085	4
1026	18949	4
1026	24179	4
1026	24522	4
1026	24748	4
1026	25763	4
1026	26058	4
1026	26469	4
1026	26738	4
1026	27573	4
1026	27645	4
1026	27963	4
1026	29037	4
1026	29656	4
1026	29737	4
1026	32946	4
1026	33282	4
1026	37338	4
1026	37339	4
1026	47018	4
1026	48064	4
1026	48332	4
1026	49010	4
1026	49342	4
1026	49455	4
1026	50392	4
1026	50408	4
1026	50431	4
1026	54319	4
1026	54699	4
1026	56843	4
1026	57651	4
1026	62387	4
1026	62388	4
1026	62515	4
1026	66951	4
1026	69816	4
1026	69818	4
1026	69819	4
1026	69821	4
1026	78102	4
1027	1483	4
1027	1802	4
1027	2705	4
1027	18825	4
1027	19422	4
1027	20442	4
1027	20443	4
1027	24035	4
1027	24042	4
1027	24340	4
1027	24854	4
1027	24899	4
1027	25503	4
1027	25566	4
1027	26001	4
1027	27264	4
1027	27992	4
1027	28597	4
1027	28806	4
1027	29300	4
1027	34466	4
1027	34697	4
1027	37345	4
1027	37350	4
1027	37352	4
1027	37357	4
1027	37359	4
1027	45134	4
1027	46830	4
1027	46897	4
1027	46906	4
1027	47187	4
1027	47434	4
1027	47822	4
1027	48422	4
1027	49760	4
1027	50216	4
1027	53044	4
1027	54155	4
1027	54252	4
1027	55575	4
1027	61267	4
1027	61557	4
1027	62406	4
1027	63490	4
1027	63491	4
1027	64106	4
1027	64550	4
1027	64563	4
1027	68546	4
1027	69824	4
1027	69827	4
1027	69829	4
1027	69830	4
1027	69834	4
1027	69836	4
1027	69841	4
1027	69844	4
1027	69848	4
1027	69854	4
1027	69855	4
1027	69857	4
1027	69861	4
1027	69862	4
1027	69864	4
1027	69865	4
1027	69868	4
1027	69869	4
1027	69871	4
1027	69872	4
1027	69873	4
1027	69880	4
1027	69884	4
1027	76194	4
1027	78105	4
1027	78109	4
1027	78110	4
1027	78111	4
1027	78113	4
1027	78114	4
1027	78126	4
1027	78131	4
1028	466	4
1028	1591	4
1028	18927	4
1028	20445	4
1028	24163	4
1028	25747	4
1028	25759	4
1028	26228	4
1028	26230	4
1028	27944	4
1028	30598	4
1028	46298	4
1028	46751	4
1028	46986	4
1028	47000	4
1028	48622	4
1028	48857	4
1028	48979	4
1028	49478	4
1028	49995	4
1028	50007	4
1028	50013	4
1028	50947	4
1028	50948	4
1028	51005	4
1028	51049	4
1028	51402	4
1028	51434	4
1028	51449	4
1028	51467	4
1028	51871	4
1028	52378	4
1028	54319	4
1028	54475	4
1028	63362	4
1028	65071	4
1028	66782	4
1028	69891	4
1028	69892	4
1028	69896	4
1028	69898	4
1028	69902	4
1028	69904	4
1028	69906	4
1028	69907	4
1028	76352	4
1029	230	4
1029	26764	4
1029	46986	4
1029	50746	4
1029	51415	4
1029	73215	4
1030	117	4
1030	359	4
1030	2709	4
1030	7898	4
1030	8146	4
1030	8837	4
1030	10089	4
1030	23724	4
1030	23740	4
1030	23770	4
1030	23802	4
1030	23913	4
1030	23993	4
1030	24058	4
1030	24111	4
1030	24245	4
1030	24293	4
1030	24318	4
1030	24322	4
1030	24500	4
1030	24643	4
1030	24903	4
1030	24967	4
1030	25190	4
1030	25451	4
1030	25956	4
1030	26111	4
1030	30176	4
1030	30265	4
1030	32639	4
1030	33061	4
1030	33124	4
1030	35084	4
1030	37365	4
1030	46308	4
1030	46345	4
1030	46380	4
1030	46417	4
1030	46597	4
1030	46598	4
1030	46602	4
1030	46617	4
1030	46830	4
1030	46859	4
1030	47157	4
1030	47215	4
1030	47280	4
1030	47627	4
1030	47723	4
1030	47768	4
1030	48946	4
1030	50290	4
1030	50497	4
1030	51995	4
1030	52149	4
1030	52263	4
1030	52544	4
1030	54666	4
1030	54721	4
1030	55040	4
1030	55051	4
1030	55166	4
1030	60099	4
1030	60746	4
1030	68627	4
1030	69908	4
1030	69913	4
1030	71208	4
1030	72384	4
1031	409	4
1031	10097	4
1031	24242	4
1031	24602	4
1031	25083	4
1031	29655	4
1031	37372	4
1031	46576	4
1031	46673	4
1031	46741	4
1031	46756	4
1031	47601	4
1031	48036	4
1031	48197	4
1031	51593	4
1031	64217	4
1031	69917	4
1032	1226	4
1032	1783	4
1032	2710	4
1032	20448	4
1032	31211	4
1032	46472	4
1032	47289	4
1032	48318	4
1032	58558	4
1032	58559	4
1032	67738	4
1032	69922	4
1032	69923	4
1032	78141	4
1033	28222	4
1033	30685	4
1033	31088	4
1033	31887	4
1033	33573	4
1033	33587	4
1033	33602	4
1033	33781	4
1033	37378	4
1033	46884	4
1033	46886	4
1033	53781	4
1033	58162	4
1033	64259	4
1033	68314	4
1033	69929	4
1033	69933	4
1033	75425	4
1034	10102	4
1034	20450	4
1034	25463	4
1034	31829	4
1034	48205	4
1034	48969	4
1034	49138	4
1034	67401	4
1034	69934	4
1035	637	4
1035	671	4
1035	1084	4
1035	1101	4
1035	1151	4
1035	2712	4
1035	2716	4
1035	9665	4
1035	19948	4
1035	23784	4
1035	23826	4
1035	23855	4
1035	23882	4
1035	24011	4
1035	24021	4
1035	24421	4
1035	24454	4
1035	24518	4
1035	24545	4
1035	24556	4
1035	24621	4
1035	25007	4
1035	25626	4
1035	26146	4
1035	26343	4
1035	26556	4
1035	26582	4
1035	26590	4
1035	26606	4
1035	26851	4
1035	27280	4
1035	27525	4
1035	27586	4
1035	27593	4
1035	27667	4
1035	27851	4
1035	28217	4
1035	28219	4
1035	28297	4
1035	28958	4
1035	29363	4
1035	29954	4
1035	31279	4
1035	31775	4
1035	31843	4
1035	33098	4
1035	33367	4
1035	33588	4
1035	37380	4
1035	37381	4
1035	37382	4
1035	37388	4
1035	37390	4
1035	37392	4
1035	46495	4
1035	46514	4
1035	46517	4
1035	46526	4
1035	46564	4
1035	46643	4
1035	46974	4
1035	47110	4
1035	47347	4
1035	47348	4
1035	47478	4
1035	47548	4
1035	47552	4
1035	47560	4
1035	47895	4
1035	47949	4
1035	47956	4
1035	48360	4
1035	48642	4
1035	48652	4
1035	48659	4
1035	49027	4
1035	49149	4
1035	49308	4
1035	50171	4
1035	50662	4
1035	50906	4
1035	51340	4
1035	52076	4
1035	52795	4
1035	53081	4
1035	53573	4
1035	53611	4
1035	53614	4
1035	53781	4
1035	54015	4
1035	54030	4
1035	54480	4
1035	54555	4
1035	54603	4
1035	54781	4
1035	55814	4
1035	56482	4
1035	56820	4
1035	56998	4
1035	57148	4
1035	57151	4
1035	57162	4
1035	57177	4
1035	57179	4
1035	57362	4
1035	57924	4
1035	58370	4
1035	59119	4
1035	59888	4
1035	60090	4
1035	61354	4
1035	63029	4
1035	63165	4
1035	64364	4
1035	64743	4
1035	65278	4
1035	66800	4
1035	67189	4
1035	69378	4
1035	69636	4
1035	69937	4
1035	69938	4
1035	69939	4
1035	69940	4
1035	69942	4
1035	69944	4
1035	69947	4
1035	69948	4
1035	69954	4
1035	69956	4
1035	69957	4
1035	69962	4
1035	69963	4
1035	71401	4
1035	71743	4
1035	72442	4
1035	73770	4
1035	74524	4
1035	78144	4
1036	37395	4
1036	37396	4
1036	47000	4
1036	47900	4
1036	48461	4
1036	48728	4
1036	48985	4
1036	49060	4
1036	50423	4
1036	51728	4
1036	52469	4
1036	57487	4
1036	57498	4
1036	60166	4
1036	62498	4
1036	67331	4
1036	69970	4
1036	69971	4
1036	69974	4
1036	69975	4
1036	75514	4
1036	78148	4
1036	78149	4
1037	25205	4
1037	25317	4
1037	25381	4
1037	25391	4
1037	26613	4
1037	27460	4
1037	27806	4
1037	29038	4
1037	46336	4
1037	46379	4
1037	46478	4
1037	47627	4
1037	48878	4
1037	49667	4
1037	69982	4
1038	2719	4
1038	20451	4
1038	24023	4
1038	37404	4
1038	37405	4
1038	37406	4
1038	47447	4
1038	49178	4
1038	61957	4
1038	69986	4
1038	69989	4
1038	69991	4
1038	72566	4
1039	1664	4
1039	23698	4
1039	23701	4
1039	23985	4
1039	23991	4
1039	24108	4
1039	24268	4
1039	24325	4
1039	24651	4
1039	24960	4
1039	25396	4
1039	25513	4
1039	26108	4
1039	26479	4
1039	26492	4
1039	26850	4
1039	27365	4
1039	28914	4
1039	29012	4
1039	29164	4
1039	30238	4
1039	30283	4
1039	30801	4
1039	33326	4
1039	34027	4
1039	37411	4
1039	37412	4
1039	37418	4
1039	37419	4
1039	46308	4
1039	46332	4
1039	46342	4
1039	46435	4
1039	46620	4
1039	46634	4
1039	46704	4
1039	46705	4
1039	46839	4
1039	46841	4
1039	46874	4
1039	46915	4
1039	46922	4
1039	47741	4
1039	47760	4
1039	48422	4
1039	48448	4
1039	48784	4
1039	51920	4
1039	51924	4
1039	53041	4
1039	55038	4
1039	56865	4
1039	57274	4
1039	58672	4
1039	62022	4
1039	62657	4
1039	62658	4
1039	63055	4
1039	63187	4
1039	69992	4
1039	69994	4
1039	69995	4
1039	69996	4
1039	69998	4
1039	69999	4
1039	70001	4
1039	70008	4
1039	71216	4
1039	71432	4
1039	71636	4
1040	635	4
1040	18899	4
1040	24332	4
1040	24621	4
1040	25043	4
1040	25312	4
1040	46301	4
1040	46554	4
1040	46567	4
1040	46593	4
1040	46812	4
1040	47588	4
1040	50070	4
1040	52299	4
1040	53329	4
1040	53338	4
1040	71212	4
1040	74689	4
1041	27753	4
1041	31518	4
1041	31541	4
1041	37422	4
1041	37424	4
1041	65107	4
1041	70014	4
1041	70021	4
1041	70033	4
1041	70039	4
1042	599	4
1042	2721	4
1042	7725	4
1042	8798	4
1042	8818	4
1042	9690	4
1042	18945	4
1042	19028	4
1042	19273	4
1042	23777	4
1042	23806	4
1042	23811	4
1042	23826	4
1042	23828	4
1042	23832	4
1042	23843	4
1042	23861	4
1042	23865	4
1042	23872	4
1042	23959	4
1042	23963	4
1042	24118	4
1042	24160	4
1042	24419	4
1042	24577	4
1042	24740	4
1042	24846	4
1042	25006	4
1042	25034	4
1042	25046	4
1042	25146	4
1042	25212	4
1042	25480	4
1042	26155	4
1042	26283	4
1042	26526	4
1042	26531	4
1042	26542	4
1042	27014	4
1042	27053	4
1042	27513	4
1042	28212	4
1042	28424	4
1042	28429	4
1042	28572	4
1042	28580	4
1042	29379	4
1042	29545	4
1042	29962	4
1042	30214	4
1042	31196	4
1042	31262	4
1042	31711	4
1042	32162	4
1042	32366	4
1042	33285	4
1042	36957	4
1042	37429	4
1042	37433	4
1042	46349	4
1042	46443	4
1042	46482	4
1042	46522	4
1042	46527	4
1042	46534	4
1042	46537	4
1042	46554	4
1042	46582	4
1042	46594	4
1042	46759	4
1042	46859	4
1042	46990	4
1042	47187	4
1042	47312	4
1042	47364	4
1042	47377	4
1042	47455	4
1042	47460	4
1042	47468	4
1042	47469	4
1042	47479	4
1042	47495	4
1042	47575	4
1042	47596	4
1042	47609	4
1042	47611	4
1042	47942	4
1042	47949	4
1042	47956	4
1042	47957	4
1042	47990	4
1042	48009	4
1042	48011	4
1042	48037	4
1042	48134	4
1042	48646	4
1042	48651	4
1042	48707	4
1042	48844	4
1042	50057	4
1042	50068	4
1042	50076	4
1042	50198	4
1042	50320	4
1042	50538	4
1042	50542	4
1042	50547	4
1042	50562	4
1042	50575	4
1042	50634	4
1042	50696	4
1042	50706	4
1042	50709	4
1042	50730	4
1042	50742	4
1042	50843	4
1042	51168	4
1042	51174	4
1042	51176	4
1042	51334	4
1042	51519	4
1042	51884	4
1042	51894	4
1042	52293	4
1042	52300	4
1042	52302	4
1042	52530	4
1042	52538	4
1042	52552	4
1042	52556	4
1042	52566	4
1042	52597	4
1042	52888	4
1042	53081	4
1042	53428	4
1042	53429	4
1042	53526	4
1042	53573	4
1042	53611	4
1042	54057	4
1042	54160	4
1042	54587	4
1042	54601	4
1042	54603	4
1042	55114	4
1042	55323	4
1042	55585	4
1042	55814	4
1042	56001	4
1042	56062	4
1042	56320	4
1042	56485	4
1042	56998	4
1042	57292	4
1042	57416	4
1042	58818	4
1042	58930	4
1042	60162	4
1042	61510	4
1042	62261	4
1042	62543	4
1042	64493	4
1042	66148	4
1042	66857	4
1042	67197	4
1042	68977	4
1042	69442	4
1042	69444	4
1042	69936	4
1042	69956	4
1042	70043	4
1042	70044	4
1042	70049	4
1042	71743	4
1042	72787	4
1042	73404	4
1042	75251	4
1042	78158	4
1042	78159	4
1043	2723	4
1043	10116	4
1043	16439	4
1043	18844	4
1043	19123	4
1043	20460	4
1043	20463	4
1043	20464	4
1043	25092	4
1043	28553	4
1043	31205	4
1043	34994	4
1043	37437	4
1043	37438	4
1043	37439	4
1043	49148	4
1043	49156	4
1043	49464	4
1043	50415	4
1043	53972	4
1043	54170	4
1043	54714	4
1043	58134	4
1043	58960	4
1043	65971	4
1043	65979	4
1043	67575	4
1043	70054	4
1043	70056	4
1043	70057	4
1043	70058	4
1043	70059	4
1043	70060	4
1043	70061	4
1043	70063	4
1043	70065	4
1043	70066	4
1043	70069	4
1043	72612	4
1043	74796	4
1043	76762	4
1043	78162	4
1043	78164	4
1043	78165	4
1044	2727	4
1044	10118	4
1044	16443	4
1044	18961	4
1044	20466	4
1044	20467	4
1044	20468	4
1044	24235	4
1044	24252	4
1044	26276	4
1044	26297	4
1044	26661	4
1044	28149	4
1044	28647	4
1044	28798	4
1044	32156	4
1044	33736	4
1044	34500	4
1044	36386	4
1044	36757	4
1044	37443	4
1044	37446	4
1044	37447	4
1044	37449	4
1044	37453	4
1044	37454	4
1044	37455	4
1044	37457	4
1044	49531	4
1044	51782	4
1044	54252	4
1044	57116	4
1044	61099	4
1044	68545	4
1044	70070	4
1044	70071	4
1044	70075	4
1044	70080	4
1044	70081	4
1044	70085	4
1044	71647	4
1045	20469	4
1045	20470	4
1045	23690	4
1045	25182	4
1045	25321	4
1045	25698	4
1045	25842	4
1045	25948	4
1045	26774	4
1045	30726	4
1045	46747	4
1045	46787	4
1045	46868	4
1045	47066	4
1045	48191	4
1045	48197	4
1045	48505	4
1045	48857	4
1045	49513	4
1045	49736	4
1045	51396	4
1045	51416	4
1045	51420	4
1045	62317	4
1045	70091	4
1045	72533	4
1045	78169	4
1045	78170	4
1046	634	4
1046	10121	4
1046	23859	4
1046	23865	4
1046	24371	4
1046	24549	4
1046	25500	4
1046	26799	4
1046	27342	4
1046	29850	4
1046	29893	4
1046	30185	4
1046	31724	4
1046	44715	4
1046	45142	4
1046	46494	4
1046	46594	4
1046	47469	4
1046	49726	4
1046	50186	4
1046	50696	4
1046	51991	4
1046	52295	4
1046	52583	4
1046	62557	4
1046	66648	4
1046	70103	4
1046	70106	4
1046	70107	4
1046	72743	4
1046	78172	4
1046	78174	4
1046	78177	4
1047	7	4
1047	190	4
1047	23804	4
1047	24283	4
1047	26337	4
1047	27251	4
1047	36553	4
1047	46334	4
1047	46345	4
1047	46498	4
1047	46516	4
1047	46567	4
1047	47364	4
1047	47925	4
1047	49285	4
1047	50058	4
1047	50582	4
1047	55585	4
1047	57133	4
1047	57287	4
1048	313	4
1048	23801	4
1048	24322	4
1048	25607	4
1048	25790	4
1048	27486	4
1048	31685	4
1048	32818	4
1048	35607	4
1048	37468	4
1048	37469	4
1048	46308	4
1048	46467	4
1048	46706	4
1048	48407	4
1048	49749	4
1048	49811	4
1048	50648	4
1048	51690	4
1048	52327	4
1048	53363	4
1048	54221	4
1048	57942	4
1048	67604	4
1048	68331	4
1048	68475	4
1048	70117	4
1048	70118	4
1048	70119	4
1048	78181	4
1049	28086	4
1049	56491	4
1050	537	4
1050	7509	4
1050	8798	4
1050	9590	4
1050	23816	4
1050	23822	4
1050	23904	4
1050	24402	4
1050	26337	4
1050	33093	4
1050	35918	4
1050	37473	4
1050	46308	4
1050	46345	4
1050	46483	4
1050	46592	4
1050	46804	4
1050	46912	4
1050	47110	4
1050	47362	4
1050	47477	4
1050	47479	4
1050	47536	4
1050	47571	4
1050	48649	4
1050	49364	4
1050	50110	4
1050	50617	4
1050	51367	4
1050	51690	4
1050	53023	4
1050	54011	4
1050	55928	4
1050	59248	4
1050	59261	4
1050	62884	4
1050	62885	4
1050	70126	4
1050	70128	4
1050	71914	4
1050	72161	4
1050	78184	4
1051	292	4
1051	1957	4
1051	7589	4
1051	16445	4
1051	19513	4
1051	24056	4
1051	24061	4
1051	24334	4
1051	24705	4
1051	24888	4
1051	24899	4
1051	25059	4
1051	25615	4
1051	26063	4
1051	26275	4
1051	27485	4
1051	29241	4
1051	29556	4
1051	30718	4
1051	34420	4
1051	37172	4
1051	37480	4
1051	37483	4
1051	37485	4
1051	46429	4
1051	46926	4
1051	46930	4
1051	46938	4
1051	47691	4
1051	48469	4
1051	51942	4
1051	53032	4
1051	56814	4
1051	59468	4
1051	61014	4
1051	61342	4
1051	65082	4
1051	70139	4
1051	70147	4
1051	70149	4
1051	70151	4
1051	78186	4
1052	292	4
1052	567	4
1052	24817	4
1052	25391	4
1052	25437	4
1052	25456	4
1052	26448	4
1052	27497	4
1052	28488	4
1052	28626	4
1052	32394	4
1052	37487	4
1052	46393	4
1052	46618	4
1052	47371	4
1052	47627	4
1052	48366	4
1052	48768	4
1052	49194	4
1052	52759	4
1052	53108	4
1052	54496	4
1052	55055	4
1052	55173	4
1052	60012	4
1052	70153	4
1052	71809	4
1053	46754	4
1053	47062	4
1053	49987	4
1053	52264	4
1053	52458	4
1053	52636	4
1053	54089	4
1053	55218	4
1053	58662	4
1053	61669	4
1053	65977	4
1053	70155	4
1053	70157	4
1053	76351	4
1054	47181	4
1054	59995	4
1054	70159	4
1054	70160	4
1055	37492	4
1055	37493	4
1055	37494	4
1055	70165	4
1055	78191	4
1056	7753	4
1056	10130	4
1056	23697	4
1056	23923	4
1056	24717	4
1056	24838	4
1056	24954	4
1056	25252	4
1056	25384	4
1056	25874	4
1056	26219	4
1056	27381	4
1056	27489	4
1056	28485	4
1056	28544	4
1056	29537	4
1056	30270	4
1056	32345	4
1056	46312	4
1056	46335	4
1056	46842	4
1056	46932	4
1056	47189	4
1056	47235	4
1056	47239	4
1056	47838	4
1056	47852	4
1056	47888	4
1056	48622	4
1056	49776	4
1056	52231	4
1056	57003	4
1056	59108	4
1056	62750	4
1056	70167	4
1056	70168	4
1056	73751	4
1057	2739	4
1057	2740	4
1057	20480	4
1057	37496	4
1057	46354	4
1057	52523	4
1057	53359	4
1057	57675	4
1057	58906	4
1057	70171	4
1057	70172	4
1057	70175	4
1058	429	4
1058	1786	4
1058	2743	4
1058	10133	4
1058	20481	4
1058	24579	4
1058	24589	4
1058	26568	4
1058	32947	4
1058	35393	4
1058	35573	4
1058	37499	4
1058	44722	4
1058	47571	4
1058	48685	4
1058	48695	4
1058	49273	4
1058	53495	4
1058	54762	4
1058	66086	4
1058	66098	4
1058	72141	4
1059	25035	4
1059	26851	4
1059	27115	4
1059	31008	4
1059	46558	4
1059	46594	4
1059	46759	4
1059	46785	4
1059	47363	4
1059	47467	4
1059	48646	4
1059	50605	4
1059	51892	4
1059	53080	4
1059	53506	4
1059	53572	4
1059	53573	4
1059	53588	4
1059	54519	4
1059	54533	4
1059	58473	4
1059	62617	4
1059	70180	4
1059	70181	4
1059	72889	4
1060	2746	4
1060	8555	4
1060	20483	4
1060	23730	4
1060	23873	4
1060	24100	4
1060	24461	4
1060	25182	4
1060	25927	4
1060	25939	4
1060	25965	4
1060	27038	4
1060	27629	4
1060	31035	4
1060	32704	4
1060	34923	4
1060	37505	4
1060	46978	4
1060	46979	4
1060	47405	4
1060	48740	4
1060	48973	4
1060	49020	4
1060	49034	4
1060	49037	4
1060	49049	4
1060	49494	4
1060	51395	4
1060	51416	4
1060	54422	4
1060	57216	4
1060	62514	4
1060	68959	4
1060	77679	4
1060	78198	4
1061	278	4
1061	423	4
1061	847	4
1061	1103	4
1061	1369	4
1061	2091	4
1061	2125	4
1061	2752	4
1061	2754	4
1061	8005	4
1061	15721	4
1061	16448	4
1061	18932	4
1061	19660	4
1061	20323	4
1061	20484	4
1061	20488	4
1061	24136	4
1061	24144	4
1061	24160	4
1061	24173	4
1061	24203	4
1061	24204	4
1061	24331	4
1061	24356	4
1061	25190	4
1061	25210	4
1061	25235	4
1061	25563	4
1061	25749	4
1061	25963	4
1061	26002	4
1061	27037	4
1061	27100	4
1061	27347	4
1061	27388	4
1061	28632	4
1061	30825	4
1061	31147	4
1061	31474	4
1061	32588	4
1061	33727	4
1061	37507	4
1061	46544	4
1061	46853	4
1061	46986	4
1061	47006	4
1061	47029	4
1061	47038	4
1061	47047	4
1061	47054	4
1061	47062	4
1061	47070	4
1061	47214	4
1061	47399	4
1061	47567	4
1061	47604	4
1061	48230	4
1061	48241	4
1061	48260	4
1061	48265	4
1061	48269	4
1061	48308	4
1061	48313	4
1061	48616	4
1061	48723	4
1061	48734	4
1061	48740	4
1061	48836	4
1061	48845	4
1061	48850	4
1061	48854	4
1061	48857	4
1061	48947	4
1061	48981	4
1061	49042	4
1061	49068	4
1061	49714	4
1061	49720	4
1061	50406	4
1061	50669	4
1061	50707	4
1061	50932	4
1061	50977	4
1061	50992	4
1061	51392	4
1061	51431	4
1061	51439	4
1061	51449	4
1061	52354	4
1061	52379	4
1061	52392	4
1061	52887	4
1061	52933	4
1061	56415	4
1061	56558	4
1061	56798	4
1061	58347	4
1061	59938	4
1061	60025	4
1061	65331	4
1061	67594	4
1061	68641	4
1061	70194	4
1061	70196	4
1061	70200	4
1061	70203	4
1061	70205	4
1061	70206	4
1061	70208	4
1061	72612	4
1062	1785	4
1062	18949	4
1062	23698	4
1062	23911	4
1062	24756	4
1062	24846	4
1062	25092	4
1062	25437	4
1062	25621	4
1062	25776	4
1062	27500	4
1062	28079	4
1062	33958	4
1062	35612	4
1062	46324	4
1062	46337	4
1062	46424	4
1062	46481	4
1062	46824	4
1062	47197	4
1062	47231	4
1062	47246	4
1062	47633	4
1062	49162	4
1062	49411	4
1062	50270	4
1062	50327	4
1062	52129	4
1062	55453	4
1062	59688	4
1062	63088	4
1062	66447	4
1062	70212	4
1062	70215	4
1062	70216	4
1063	1483	4
1063	2756	4
1063	10140	4
1063	10142	4
1063	16451	4
1063	20494	4
1063	23793	4
1063	23922	4
1063	25399	4
1063	25587	4
1063	25588	4
1063	25592	4
1063	26016	4
1063	26020	4
1063	26372	4
1063	26431	4
1063	27558	4
1063	27564	4
1063	27993	4
1063	27995	4
1063	28597	4
1063	28647	4
1063	28652	4
1063	28655	4
1063	28802	4
1063	28809	4
1063	29303	4
1063	29306	4
1063	29310	4
1063	30323	4
1063	31924	4
1063	31927	4
1063	32144	4
1063	32146	4
1063	32734	4
1063	32899	4
1063	32941	4
1063	32942	4
1063	33160	4
1063	33731	4
1063	34262	4
1063	34423	4
1063	34445	4
1063	34466	4
1063	34474	4
1063	34704	4
1063	36082	4
1063	36330	4
1063	36459	4
1063	37163	4
1063	37508	4
1063	37509	4
1063	37511	4
1063	37513	4
1063	37517	4
1063	37519	4
1063	37521	4
1063	37533	4
1063	37536	4
1063	37537	4
1063	37541	4
1063	37549	4
1063	46361	4
1063	46481	4
1063	46677	4
1063	46695	4
1063	46771	4
1063	47089	4
1063	47151	4
1063	48123	4
1063	48663	4
1063	48719	4
1063	49529	4
1063	49530	4
1063	49548	4
1063	50216	4
1063	50619	4
1063	50783	4
1063	53690	4
1063	54252	4
1063	54310	4
1063	54313	4
1063	54359	4
1063	54361	4
1063	55045	4
1063	56016	4
1063	56560	4
1063	58100	4
1063	59389	4
1063	59818	4
1063	61032	4
1063	61040	4
1063	61113	4
1063	61267	4
1063	61557	4
1063	63490	4
1063	63524	4
1063	63723	4
1063	64065	4
1063	64075	4
1063	64087	4
1063	64598	4
1063	64606	4
1063	68905	4
1063	69465	4
1063	69582	4
1063	69585	4
1063	69834	4
1063	69839	4
1063	69880	4
1063	69885	4
1063	70220	4
1063	70224	4
1063	70226	4
1063	70229	4
1063	70230	4
1063	70232	4
1063	70234	4
1063	70241	4
1063	70245	4
1063	70246	4
1063	70248	4
1063	70249	4
1063	70254	4
1063	70255	4
1063	70256	4
1063	70257	4
1063	70258	4
1063	70259	4
1063	70263	4
1063	70264	4
1063	70266	4
1063	70267	4
1063	70274	4
1063	70275	4
1063	70277	4
1063	70278	4
1063	70280	4
1063	70283	4
1063	70286	4
1063	74900	4
1063	75447	4
1063	76437	4
1063	77855	4
1063	78204	4
1063	78205	4
1063	78209	4
1064	2758	4
1064	2759	4
1064	2760	4
1064	23725	4
1064	23732	4
1064	24520	4
1064	24870	4
1064	31210	4
1064	31500	4
1064	31546	4
1064	32228	4
1064	34523	4
1064	36022	4
1064	36381	4
1064	36392	4
1064	37553	4
1064	37554	4
1064	37558	4
1064	37559	4
1064	37561	4
1064	37562	4
1064	37563	4
1064	37564	4
1064	37565	4
1064	37567	4
1064	54824	4
1064	58483	4
1064	58527	4
1064	58542	4
1064	58545	4
1064	58547	4
1064	58560	4
1064	58574	4
1064	58585	4
1064	58590	4
1064	66167	4
1064	67356	4
1064	67738	4
1064	70025	4
1064	70291	4
1064	70292	4
1064	70295	4
1064	70298	4
1064	70303	4
1064	70305	4
1064	70313	4
1064	70314	4
1064	70321	4
1064	70323	4
1064	70324	4
1064	70326	4
1065	23920	4
1065	24503	4
1065	24782	4
1065	24839	4
1065	27642	4
1065	46367	4
1065	47450	4
1065	47638	4
1065	66522	4
1065	68388	4
1066	360	4
1066	369	4
1066	452	4
1066	1247	4
1066	1292	4
1066	2766	4
1066	2768	4
1066	2770	4
1066	2771	4
1066	7915	4
1066	7954	4
1066	8066	4
1066	9663	4
1066	10146	4
1066	10147	4
1066	10150	4
1066	16453	4
1066	18872	4
1066	18876	4
1066	18949	4
1066	19100	4
1066	19140	4
1066	19151	4
1066	19251	4
1066	19317	4
1066	20180	4
1066	20499	4
1066	20503	4
1066	23771	4
1066	23776	4
1066	23784	4
1066	23813	4
1066	23829	4
1066	23857	4
1066	23860	4
1066	23878	4
1066	23899	4
1066	24011	4
1066	24098	4
1066	24116	4
1066	24124	4
1066	24402	4
1066	24428	4
1066	24430	4
1066	24443	4
1066	24605	4
1066	24610	4
1066	24633	4
1066	24684	4
1066	24895	4
1066	25046	4
1066	25470	4
1066	25471	4
1066	25544	4
1066	26041	4
1066	26602	4
1066	26698	4
1066	27369	4
1066	27686	4
1066	27690	4
1066	28120	4
1066	28134	4
1066	28451	4
1066	29419	4
1066	30920	4
1066	31228	4
1066	31230	4
1066	31828	4
1066	31838	4
1066	32369	4
1066	32814	4
1066	34496	4
1066	35583	4
1066	36192	4
1066	36701	4
1066	37571	4
1066	37572	4
1066	44772	4
1066	44894	4
1066	46485	4
1066	46579	4
1066	46735	4
1066	46802	4
1066	46981	4
1066	47337	4
1066	47342	4
1066	47358	4
1066	47467	4
1066	47468	4
1066	47469	4
1066	47478	4
1066	47555	4
1066	47847	4
1066	47849	4
1066	47905	4
1066	47949	4
1066	47977	4
1066	47987	4
1066	48003	4
1066	48009	4
1066	48057	4
1066	48640	4
1066	48644	4
1066	48844	4
1066	49149	4
1066	50559	4
1066	50599	4
1066	50617	4
1066	50869	4
1066	50916	4
1066	51333	4
1066	51335	4
1066	51346	4
1066	51696	4
1066	51718	4
1066	52069	4
1066	52550	4
1066	52554	4
1066	52589	4
1066	53078	4
1066	54637	4
1066	55320	4
1066	56147	4
1066	56384	4
1066	58232	4
1066	58800	4
1066	59193	4
1066	59195	4
1066	60088	4
1066	60804	4
1066	60892	4
1066	62261	4
1066	62613	4
1066	63557	4
1066	65454	4
1066	65829	4
1066	67238	4
1066	67244	4
1066	67389	4
1066	68413	4
1066	69638	4
1066	70330	4
1066	70331	4
1066	70335	4
1066	70336	4
1066	70339	4
1066	70341	4
1066	70344	4
1066	70346	4
1066	70348	4
1066	71389	4
1066	71400	4
1066	71520	4
1066	71594	4
1066	71629	4
1066	71738	4
1066	72355	4
1066	72475	4
1066	72741	4
1066	72753	4
1066	72863	4
1066	72889	4
1066	73436	4
1066	73689	4
1066	73793	4
1066	74036	4
1066	78047	4
1066	78215	4
1066	78219	4
1066	78225	4
1066	78227	4
1066	78228	4
1066	78229	4
1067	2772	4
1067	7972	4
1067	8410	4
1067	24001	4
1067	25933	4
1067	25955	4
1067	26385	4
1067	26834	4
1067	28054	4
1067	29195	4
1067	30577	4
1067	30578	4
1067	31412	4
1067	32614	4
1067	33126	4
1067	33133	4
1067	33514	4
1067	34564	4
1067	36367	4
1067	37578	4
1067	37579	4
1067	37580	4
1067	37581	4
1067	37583	4
1067	47365	4
1067	48129	4
1067	49895	4
1067	53141	4
1067	54910	4
1067	55894	4
1067	56027	4
1067	56033	4
1067	56120	4
1067	56616	4
1067	56796	4
1067	60682	4
1067	64357	4
1067	70352	4
1067	70359	4
1067	70360	4
1067	70361	4
1067	70362	4
1067	70364	4
1067	75552	4
1067	78230	4
1067	78231	4
1068	782	4
1068	1073	4
1068	2774	4
1068	10156	4
1068	10157	4
1068	18945	4
1068	19485	4
1068	20507	4
1068	23754	4
1068	23911	4
1068	24023	4
1068	24274	4
1068	24642	4
1068	24757	4
1068	24876	4
1068	25575	4
1068	25886	4
1068	26273	4
1068	27941	4
1068	28778	4
1068	28916	4
1068	29008	4
1068	29378	4
1068	29406	4
1068	31123	4
1068	37587	4
1068	37588	4
1068	46358	4
1068	46367	4
1068	46381	4
1068	46434	4
1068	48108	4
1068	48413	4
1068	48666	4
1068	51267	4
1068	52259	4
1068	52825	4
1068	54252	4
1068	56634	4
1068	57664	4
1068	61914	4
1068	62662	4
1068	64922	4
1068	65529	4
1068	70367	4
1068	70370	4
1068	71297	4
1070	23787	4
1070	46367	4
1070	47665	4
1070	53342	4
1070	56317	4
1070	58632	4
1070	60436	4
1070	64736	4
1070	70372	4
1070	70375	4
1071	2779	4
1071	7551	4
1071	10164	4
1071	10165	4
1071	10166	4
1071	20511	4
1071	24072	4
1071	27467	4
1071	27924	4
1071	28005	4
1071	30001	4
1071	34331	4
1071	35860	4
1071	36623	4
1071	37084	4
1071	37600	4
1071	46379	4
1071	46472	4
1071	46638	4
1071	47025	4
1071	47129	4
1071	47633	4
1071	47681	4
1071	48560	4
1071	49729	4
1071	62294	4
1071	64652	4
1071	66869	4
1071	67632	4
1071	68175	4
1071	70381	4
1071	70387	4
1071	70388	4
1071	70389	4
1071	70397	4
1071	74101	4
1071	75707	4
1071	77435	4
1071	78237	4
1071	78238	4
1071	78241	4
1071	78243	4
1071	78244	4
1072	1294	4
1072	2780	4
1072	18924	4
1072	20512	4
1072	23953	4
1072	25423	4
1072	26589	4
1072	26759	4
1072	26781	4
1072	27173	4
1072	27178	4
1072	28857	4
1072	37601	4
1072	47565	4
1072	48936	4
1072	49370	4
1072	58379	4
1072	58952	4
1072	59827	4
1072	64158	4
1072	68012	4
1072	70399	4
1072	71744	4
1072	74682	4
1072	78247	4
1073	519	4
1073	9916	4
1073	24509	4
1073	25003	4
1073	25470	4
1073	25860	4
1073	26283	4
1073	26337	4
1073	26527	4
1073	27261	4
1073	29414	4
1073	29956	4
1073	46798	4
1073	47364	4
1073	47467	4
1073	47585	4
1073	47634	4
1073	48020	4
1073	48638	4
1073	50055	4
1073	50076	4
1073	50319	4
1073	50669	4
1073	50682	4
1073	50869	4
1073	52541	4
1073	57290	4
1073	66399	4
1073	70410	4
1073	71388	4
1073	72154	4
1073	72770	4
1073	74411	4
1074	553	4
1074	2782	4
1074	10169	4
1074	23690	4
1074	23903	4
1074	24062	4
1074	24105	4
1074	24356	4
1074	24370	4
1074	24824	4
1074	25223	4
1074	30954	4
1074	30972	4
1074	31592	4
1074	32241	4
1074	46301	4
1074	46386	4
1074	46922	4
1074	47239	4
1074	47470	4
1074	49744	4
1074	55322	4
1074	56521	4
1074	58000	4
1074	58003	4
1074	58006	4
1074	58557	4
1074	58567	4
1074	66014	4
1074	66015	4
1074	70415	4
1074	70418	4
1074	70421	4
1074	78256	4
1074	78259	4
1075	155	4
1075	228	4
1075	583	4
1075	594	4
1075	595	4
1075	596	4
1075	597	4
1075	1583	4
1075	2273	4
1075	2275	4
1075	2788	4
1075	2791	4
1075	2792	4
1075	2798	4
1075	2799	4
1075	2801	4
1075	2805	4
1075	2810	4
1075	2811	4
1075	2812	4
1075	2814	4
1075	2815	4
1075	10174	4
1075	10179	4
1075	16460	4
1075	16461	4
1075	20516	4
1075	25043	4
1075	28640	4
1075	30113	4
1075	30744	4
1075	31817	4
1075	33113	4
1075	35918	4
1075	35934	4
1075	35939	4
1075	37609	4
1075	37611	4
1075	37614	4
1075	37616	4
1075	37617	4
1075	37620	4
1075	37623	4
1075	37624	4
1075	37626	4
1075	37627	4
1075	37628	4
1075	37632	4
1075	37635	4
1075	37638	4
1075	37642	4
1075	37643	4
1075	45151	4
1075	45152	4
1075	46405	4
1075	47134	4
1075	49508	4
1075	52703	4
1075	53197	4
1075	53200	4
1075	53219	4
1075	53232	4
1075	53236	4
1075	53240	4
1075	53242	4
1075	53244	4
1075	55199	4
1075	65411	4
1075	66983	4
1075	67000	4
1075	67010	4
1075	67037	4
1075	67038	4
1075	67086	4
1075	69277	4
1075	70210	4
1075	70430	4
1075	70433	4
1075	70434	4
1075	70435	4
1075	70439	4
1075	70440	4
1075	70441	4
1075	70442	4
1075	70443	4
1075	70446	4
1075	70447	4
1075	70448	4
1075	70452	4
1075	70454	4
1075	70455	4
1075	70457	4
1075	70458	4
1075	70461	4
1075	70463	4
1075	70464	4
1075	70466	4
1075	70468	4
1075	70469	4
1075	70475	4
1075	70476	4
1075	70479	4
1075	70480	4
1075	70482	4
1075	70483	4
1075	70486	4
1075	70487	4
1075	70488	4
1075	70493	4
1075	70495	4
1075	70497	4
1075	70498	4
1075	70501	4
1075	70502	4
1075	70503	4
1075	70505	4
1075	70506	4
1075	70507	4
1075	70508	4
1075	70509	4
1075	72689	4
1075	72696	4
1075	72706	4
1075	72720	4
1075	72729	4
1075	73740	4
1075	78264	4
1075	78266	4
1075	78267	4
1075	78275	4
1075	78277	4
1075	78282	4
1075	78284	4
1076	10183	4
1076	18840	4
1076	18946	4
1076	23803	4
1076	23808	4
1076	23959	4
1076	24124	4
1076	24430	4
1076	24585	4
1076	24621	4
1076	25144	4
1076	25216	4
1076	25471	4
1076	27006	4
1076	27009	4
1076	27846	4
1076	31636	4
1076	31648	4
1076	37648	4
1076	46530	4
1076	46778	4
1076	46799	4
1076	48007	4
1076	48054	4
1076	48567	4
1076	48649	4
1076	48651	4
1076	49846	4
1076	51347	4
1076	54386	4
1076	55351	4
1076	56145	4
1076	56835	4
1076	58753	4
1076	58756	4
1076	58821	4
1076	60245	4
1076	61539	4
1076	63285	4
1076	66264	4
1076	67262	4
1076	67543	4
1076	69907	4
1076	70510	4
1076	70513	4
1076	70516	4
1076	70518	4
1076	70524	4
1077	117	4
1077	19395	4
1077	20518	4
1077	24274	4
1077	24503	4
1077	26146	4
1077	27356	4
1077	27375	4
1077	27501	4
1077	27808	4
1077	37366	4
1077	37651	4
1077	46363	4
1077	46633	4
1077	46703	4
1077	46704	4
1077	46714	4
1077	46787	4
1077	46915	4
1077	47432	4
1077	47437	4
1077	47819	4
1077	48596	4
1077	49723	4
1077	50646	4
1077	52322	4
1077	52350	4
1077	53414	4
1077	53415	4
1077	53417	4
1077	53437	4
1077	54805	4
1077	56176	4
1077	56603	4
1077	62262	4
1077	62507	4
1077	63107	4
1077	64836	4
1077	65720	4
1077	69261	4
1077	69773	4
1077	70533	4
1077	70534	4
1077	70535	4
1077	70539	4
1077	70540	4
1077	70541	4
1077	70542	4
1077	70543	4
1077	70545	4
1077	70548	4
1077	70549	4
1077	70551	4
1077	78289	4
1078	424	4
1078	488	4
1078	8200	4
1078	19029	4
1078	19448	4
1078	20060	4
1078	26700	4
1078	26704	4
1078	26754	4
1078	26759	4
1078	27167	4
1078	27180	4
1078	27429	4
1078	28695	4
1078	29690	4
1078	30206	4
1078	31288	4
1078	31349	4
1078	31703	4
1078	46782	4
1078	47308	4
1078	47604	4
1078	47976	4
1078	48565	4
1078	49585	4
1078	50675	4
1078	51576	4
1078	51677	4
1078	53324	4
1078	56322	4
1078	58238	4
1078	58379	4
1078	58912	4
1078	62946	4
1078	64171	4
1078	64230	4
1078	68404	4
1078	70554	4
1078	70555	4
1078	70559	4
1078	70561	4
1078	72024	4
1078	72045	4
1078	74708	4
1078	78293	4
1079	137	4
1079	207	4
1079	771	4
1079	1028	4
1079	1604	4
1079	2819	4
1079	7509	4
1079	7522	4
1079	8555	4
1079	8780	4
1079	9550	4
1079	9793	4
1079	9908	4
1079	10196	4
1079	10197	4
1079	10198	4
1079	10202	4
1079	16036	4
1079	16042	4
1079	16467	4
1079	16468	4
1079	16469	4
1079	16471	4
1079	16472	4
1079	18872	4
1079	18972	4
1079	19039	4
1079	19359	4
1079	23688	4
1079	23721	4
1079	23730	4
1079	23734	4
1079	23741	4
1079	23748	4
1079	23750	4
1079	23772	4
1079	23775	4
1079	23782	4
1079	23793	4
1079	23805	4
1079	23846	4
1079	23849	4
1079	23852	4
1079	23881	4
1079	23895	4
1079	24019	4
1079	24031	4
1079	24035	4
1079	24107	4
1079	24115	4
1079	24163	4
1079	24166	4
1079	24192	4
1079	24203	4
1079	24321	4
1079	24412	4
1079	24435	4
1079	24443	4
1079	24454	4
1079	24514	4
1079	24522	4
1079	24534	4
1079	24546	4
1079	24552	4
1079	24553	4
1079	24556	4
1079	24579	4
1079	24600	4
1079	24745	4
1079	24746	4
1079	24757	4
1079	24770	4
1079	24845	4
1079	24945	4
1079	25157	4
1079	25190	4
1079	25192	4
1079	25194	4
1079	25195	4
1079	25214	4
1079	25227	4
1079	25327	4
1079	25329	4
1079	25331	4
1079	25339	4
1079	25349	4
1079	25355	4
1079	25365	4
1079	25462	4
1079	25470	4
1079	25480	4
1079	25482	4
1079	25487	4
1079	25494	4
1079	25526	4
1079	25527	4
1079	25555	4
1079	25557	4
1079	25562	4
1079	25563	4
1079	25665	4
1079	25684	4
1079	25708	4
1079	25748	4
1079	25835	4
1079	25839	4
1079	25843	4
1079	25942	4
1079	25948	4
1079	25953	4
1079	26251	4
1079	26337	4
1079	26421	4
1079	26422	4
1079	26531	4
1079	26547	4
1079	26584	4
1079	26596	4
1079	26660	4
1079	26661	4
1079	26775	4
1079	26998	4
1079	27003	4
1079	27010	4
1079	27022	4
1079	27059	4
1079	27074	4
1079	27084	4
1079	27117	4
1079	27234	4
1079	27291	4
1079	27347	4
1079	27623	4
1079	27645	4
1079	27667	4
1079	27723	4
1079	27907	4
1079	27912	4
1079	28030	4
1079	28269	4
1079	28274	4
1079	28460	4
1079	28891	4
1079	28932	4
1079	28987	4
1079	29041	4
1079	29071	4
1079	29173	4
1079	29244	4
1079	29276	4
1079	29277	4
1079	29352	4
1079	29944	4
1079	29980	4
1079	30015	4
1079	30837	4
1079	30915	4
1079	31488	4
1079	31613	4
1079	31742	4
1079	31862	4
1079	32015	4
1079	32336	4
1079	32808	4
1079	33067	4
1079	33350	4
1079	33678	4
1079	33938	4
1079	33966	4
1079	34249	4
1079	35154	4
1079	35155	4
1079	35165	4
1079	35376	4
1079	35954	4
1079	36180	4
1079	36285	4
1079	36673	4
1079	36674	4
1079	36685	4
1079	37177	4
1079	37397	4
1079	37458	4
1079	37657	4
1079	37659	4
1079	37662	4
1079	37666	4
1079	37668	4
1079	37670	4
1079	37675	4
1079	37676	4
1079	37680	4
1079	37682	4
1079	37684	4
1079	37686	4
1079	37688	4
1079	37689	4
1079	37693	4
1079	37698	4
1079	37699	4
1079	37703	4
1079	37705	4
1079	45155	4
1079	46435	4
1079	46542	4
1079	46552	4
1079	46975	4
1079	46978	4
1079	46979	4
1079	46988	4
1079	47001	4
1079	47049	4
1079	47060	4
1079	47384	4
1079	47459	4
1079	47467	4
1079	47475	4
1079	47536	4
1079	47638	4
1079	47708	4
1079	48263	4
1079	48362	4
1079	48487	4
1079	48495	4
1079	48508	4
1079	48528	4
1079	48595	4
1079	48635	4
1079	48657	4
1079	48877	4
1079	49037	4
1079	49059	4
1079	49209	4
1079	49714	4
1079	49872	4
1079	50051	4
1079	50288	4
1079	50579	4
1079	50590	4
1079	50600	4
1079	50608	4
1079	50658	4
1079	50706	4
1079	51061	4
1079	51363	4
1079	51393	4
1079	51398	4
1079	51420	4
1079	52217	4
1079	52219	4
1079	52237	4
1079	52311	4
1079	52331	4
1079	52373	4
1079	52408	4
1079	52414	4
1079	52476	4
1079	52534	4
1079	52565	4
1079	52575	4
1079	52597	4
1079	53395	4
1079	53501	4
1079	53507	4
1079	53564	4
1079	53599	4
1079	53935	4
1079	54104	4
1079	54140	4
1079	54308	4
1079	54422	4
1079	54424	4
1079	54637	4
1079	54683	4
1079	54692	4
1079	54708	4
1079	54718	4
1079	54721	4
1079	54867	4
1079	55401	4
1079	55477	4
1079	55481	4
1079	55589	4
1079	55702	4
1079	55974	4
1079	56048	4
1079	56608	4
1079	56716	4
1079	56848	4
1079	57102	4
1079	58038	4
1079	58067	4
1079	58556	4
1079	58929	4
1079	60166	4
1079	60319	4
1079	60333	4
1079	60481	4
1079	61253	4
1079	62261	4
1079	62622	4
1079	63432	4
1079	64858	4
1079	65528	4
1079	65587	4
1079	66045	4
1079	67167	4
1079	67405	4
1079	67434	4
1079	67561	4
1079	67586	4
1079	67909	4
1079	68530	4
1079	69542	4
1079	69975	4
1079	70569	4
1079	70571	4
1079	70581	4
1079	70582	4
1079	70583	4
1079	70584	4
1079	70589	4
1079	70591	4
1079	70593	4
1079	70597	4
1079	70599	4
1079	70601	4
1079	70608	4
1079	70614	4
1079	70616	4
1079	70619	4
1079	70620	4
1079	70622	4
1079	71210	4
1079	71226	4
1079	71261	4
1079	71317	4
1079	71364	4
1079	71379	4
1079	71383	4
1079	71473	4
1079	71499	4
1079	71542	4
1079	71729	4
1079	71967	4
1079	72061	4
1079	72441	4
1079	72546	4
1079	72762	4
1079	72848	4
1079	73213	4
1079	73232	4
1079	73235	4
1079	73455	4
1079	73495	4
1079	73498	4
1079	73689	4
1079	74575	4
1079	74750	4
1079	74995	4
1079	75166	4
1079	75182	4
1079	75487	4
1079	75589	4
1079	75788	4
1079	75816	4
1079	76050	4
1079	76631	4
1079	76697	4
1079	76956	4
1079	77064	4
1079	77100	4
1079	78299	4
1079	78301	4
1079	78302	4
1079	78308	4
1079	78322	4
1079	78323	4
1079	78327	4
1079	78329	4
1079	78337	4
1079	78338	4
1079	78342	4
1079	78344	4
1079	78347	4
1079	78352	4
1079	78354	4
1079	78355	4
1079	78356	4
1079	78359	4
1079	78362	4
1079	78363	4
1079	78366	4
1079	78370	4
1079	78371	4
1079	78377	4
1079	78378	4
1079	78380	4
1079	78381	4
1079	78383	4
1079	78388	4
1079	78390	4
1079	78391	4
1079	78394	4
1079	78396	4
1079	78400	4
1079	78402	4
1079	78405	4
1080	65	4
1080	24768	4
1080	37710	4
1080	46940	4
1080	46951	4
1080	47745	4
1080	48428	4
1080	48812	4
1080	49819	4
1080	66611	4
1080	67240	4
1081	2821	4
1081	10207	4
1081	26437	4
1081	28412	4
1081	29186	4
1081	29495	4
1081	30346	4
1081	32438	4
1081	32634	4
1081	34723	4
1081	37711	4
1081	37712	4
1081	48114	4
1081	50232	4
1081	52717	4
1081	56032	4
1081	56616	4
1081	56896	4
1081	60268	4
1081	60278	4
1081	66669	4
1081	70640	4
1081	73249	4
1081	73270	4
1082	16	4
1082	601	4
1082	691	4
1082	15677	4
1082	20519	4
1082	23717	4
1082	23925	4
1082	23936	4
1082	24076	4
1082	24286	4
1082	24367	4
1082	24912	4
1082	25126	4
1082	25310	4
1082	25725	4
1082	33108	4
1082	37715	4
1082	37718	4
1082	37719	4
1082	37721	4
1082	37724	4
1082	46838	4
1082	47211	4
1082	47624	4
1082	47635	4
1082	51370	4
1082	52283	4
1082	54360	4
1082	54457	4
1082	57350	4
1082	57834	4
1082	59582	4
1082	70641	4
1082	70643	4
1082	70645	4
1082	70649	4
1082	70650	4
1083	10211	4
1083	18875	4
1083	19183	4
1083	23770	4
1083	24105	4
1083	24114	4
1083	24318	4
1083	24466	4
1083	24995	4
1083	26306	4
1083	26692	4
1083	27141	4
1083	27222	4
1083	31794	4
1083	44819	4
1083	46494	4
1083	46535	4
1083	46593	4
1083	46623	4
1083	46642	4
1083	46795	4
1083	46972	4
1083	46988	4
1083	47185	4
1083	47308	4
1083	47351	4
1083	47968	4
1083	48651	4
1083	50070	4
1083	51349	4
1083	51374	4
1083	52293	4
1083	53595	4
1083	54011	4
1083	54479	4
1083	54533	4
1083	57367	4
1083	61887	4
1083	75407	4
1084	1525	4
1084	2822	4
1084	2823	4
1084	2824	4
1084	10213	4
1084	16474	4
1084	19106	4
1084	19292	4
1084	20520	4
1084	30188	4
1084	37726	4
1084	37727	4
1084	37728	4
1084	37729	4
1084	37733	4
1084	45159	4
1084	45160	4
1084	50237	4
1084	52148	4
1084	65488	4
1084	70655	4
1084	70656	4
1084	70657	4
1084	70658	4
1084	70659	4
1084	70665	4
1084	70667	4
1084	70671	4
1084	70672	4
1084	70675	4
1084	70677	4
1084	72021	4
1084	72676	4
1084	73191	4
1084	73865	4
1084	78420	4
1084	78422	4
1084	78423	4
1084	78427	4
1084	78429	4
1084	78430	4
1084	78433	4
1084	78434	4
1084	78436	4
1084	78439	4
1085	7871	4
1085	18894	4
1085	24044	4
1085	24052	4
1085	24083	4
1085	25437	4
1085	25731	4
1085	27042	4
1085	29353	4
1085	30237	4
1085	30352	4
1085	46617	4
1085	48573	4
1085	48805	4
1085	49657	4
1085	50045	4
1085	51931	4
1085	52348	4
1085	55799	4
1085	56368	4
1085	70376	4
1085	70681	4
1085	70686	4
1085	70688	4
1085	71265	4
1085	76006	4
1085	78042	4
1085	78441	4
1085	78444	4
1085	78445	4
1086	155	4
1086	317	4
1086	2225	4
1086	2827	4
1086	2831	4
1086	18884	4
1086	19140	4
1086	20380	4
1086	20524	4
1086	20526	4
1086	20527	4
1086	25751	4
1086	28638	4
1086	28746	4
1086	28800	4
1086	29086	4
1086	29090	4
1086	29092	4
1086	30444	4
1086	33191	4
1086	34925	4
1086	37738	4
1086	37740	4
1086	37744	4
1086	37745	4
1086	37747	4
1086	37748	4
1086	46384	4
1086	52005	4
1086	56790	4
1086	56811	4
1086	70694	4
1086	70696	4
1086	70700	4
1086	70702	4
1086	70703	4
1086	70707	4
1086	70709	4
1086	78450	4
1086	78453	4
1086	78455	4
1087	855	4
1087	23816	4
1087	23846	4
1087	23857	4
1087	25469	4
1087	25482	4
1087	25494	4
1087	26337	4
1087	26854	4
1087	27522	4
1087	46472	4
1087	46485	4
1087	46502	4
1087	46981	4
1087	47272	4
1087	47284	4
1087	47337	4
1087	47387	4
1087	47388	4
1087	47468	4
1087	47574	4
1087	47768	4
1087	48649	4
1087	49773	4
1087	50665	4
1087	52302	4
1087	52562	4
1087	53573	4
1087	53647	4
1087	54023	4
1087	57396	4
1087	58921	4
1087	61549	4
1087	62884	4
1087	66680	4
1087	72480	4
1087	73784	4
1087	74024	4
1087	74500	4
1088	7890	4
1088	8960	4
1088	18885	4
1088	18894	4
1088	23802	4
1088	23858	4
1088	24869	4
1088	27610	4
1088	46345	4
1088	46856	4
1088	47713	4
1088	64736	4
1088	70721	4
1088	70722	4
1088	71427	4
1088	71513	4
1088	72575	4
1088	75586	4
1089	72	4
1089	191	4
1089	7765	4
1089	9663	4
1089	16478	4
1089	18896	4
1089	18946	4
1089	18991	4
1089	19465	4
1089	20532	4
1089	23774	4
1089	23786	4
1089	23807	4
1089	23824	4
1089	23831	4
1089	23853	4
1089	23861	4
1089	24094	4
1089	24114	4
1089	24395	4
1089	24412	4
1089	24419	4
1089	24427	4
1089	24438	4
1089	24454	4
1089	24507	4
1089	24515	4
1089	24549	4
1089	24621	4
1089	24692	4
1089	24746	4
1089	25046	4
1089	25067	4
1089	25472	4
1089	25483	4
1089	25490	4
1089	25493	4
1089	25499	4
1089	25851	4
1089	26037	4
1089	26515	4
1089	26517	4
1089	26521	4
1089	26594	4
1089	27277	4
1089	27335	4
1089	27667	4
1089	28116	4
1089	28118	4
1089	28262	4
1089	28265	4
1089	28278	4
1089	28431	4
1089	28584	4
1089	28591	4
1089	28615	4
1089	29874	4
1089	29980	4
1089	30824	4
1089	30840	4
1089	31645	4
1089	31838	4
1089	33040	4
1089	34636	4
1089	35557	4
1089	37758	4
1089	37761	4
1089	37762	4
1089	37763	4
1089	46440	4
1089	46450	4
1089	46502	4
1089	46516	4
1089	46523	4
1089	46542	4
1089	46548	4
1089	46560	4
1089	46582	4
1089	46641	4
1089	47364	4
1089	47417	4
1089	47467	4
1089	47478	4
1089	47487	4
1089	47554	4
1089	47574	4
1089	47849	4
1089	47972	4
1089	48318	4
1089	48567	4
1089	48642	4
1089	49457	4
1089	49713	4
1089	49717	4
1089	50051	4
1089	50068	4
1089	50192	4
1089	50402	4
1089	50557	4
1089	51108	4
1089	51112	4
1089	51168	4
1089	51293	4
1089	51519	4
1089	51884	4
1089	51930	4
1089	52189	4
1089	53531	4
1089	53564	4
1089	53585	4
1089	53590	4
1089	53622	4
1089	53628	4
1089	53682	4
1089	53888	4
1089	54046	4
1089	55236	4
1089	55350	4
1089	55580	4
1089	55585	4
1089	56139	4
1089	56479	4
1089	56501	4
1089	58459	4
1089	59997	4
1089	61897	4
1089	62543	4
1089	62546	4
1089	63997	4
1089	64152	4
1089	66401	4
1089	66405	4
1089	66674	4
1089	66830	4
1089	68424	4
1089	68516	4
1089	70727	4
1089	70728	4
1089	70730	4
1089	70737	4
1089	70738	4
1089	70740	4
1089	71222	4
1089	71355	4
1089	71416	4
1089	71525	4
1089	71990	4
1089	73048	4
1089	73404	4
1089	74804	4
1089	76795	4
1089	76802	4
1089	78461	4
1089	78464	4
1089	78465	4
1089	78467	4
1089	78468	4
1090	24611	4
1090	24840	4
1090	25426	4
1090	26306	4
1090	26359	4
1090	27015	4
1090	27258	4
1090	31704	4
1090	31714	4
1090	31852	4
1090	32032	4
1090	32729	4
1090	33100	4
1090	34169	4
1090	36560	4
1090	37774	4
1090	46567	4
1090	46974	4
1090	47151	4
1090	47775	4
1090	48018	4
1090	48569	4
1090	48572	4
1090	49178	4
1090	49344	4
1090	49361	4
1090	50067	4
1090	50080	4
1090	50094	4
1090	50109	4
1090	50154	4
1090	50656	4
1090	50720	4
1090	50912	4
1090	51038	4
1090	51373	4
1090	51583	4
1090	51645	4
1090	53025	4
1090	53450	4
1090	54184	4
1090	55663	4
1090	56879	4
1090	56883	4
1090	58247	4
1090	58348	4
1090	58380	4
1090	58598	4
1090	58918	4
1090	58948	4
1090	58967	4
1090	59055	4
1090	59257	4
1090	59562	4
1090	59626	4
1090	59632	4
1090	59735	4
1090	60040	4
1090	60815	4
1090	61185	4
1090	63318	4
1090	63331	4
1090	64142	4
1090	64217	4
1090	68728	4
1090	70555	4
1090	70746	4
1090	70748	4
1090	70750	4
1090	70754	4
1090	70756	4
1091	259	4
1092	71	4
1092	256	4
1092	423	4
1092	658	4
1092	699	4
1092	2047	4
1092	2837	4
1092	2838	4
1092	2841	4
1092	10225	4
1092	10227	4
1092	15745	4
1092	16480	4
1092	16481	4
1092	18877	4
1092	19643	4
1092	24563	4
1092	26172	4
1092	26174	4
1092	26176	4
1092	26187	4
1092	27028	4
1092	27697	4
1092	27709	4
1092	28682	4
1092	29611	4
1092	29612	4
1092	29705	4
1092	29707	4
1092	31446	4
1092	31603	4
1092	31612	4
1092	31613	4
1092	33447	4
1092	33769	4
1092	35686	4
1092	37779	4
1092	37789	4
1092	47498	4
1092	47577	4
1092	48722	4
1092	48731	4
1092	49352	4
1092	49901	4
1092	49907	4
1092	50857	4
1092	51745	4
1092	52612	4
1092	52657	4
1092	53699	4
1092	53706	4
1092	53717	4
1092	53721	4
1092	53759	4
1092	53769	4
1092	54089	4
1092	55418	4
1092	55423	4
1092	55449	4
1092	55621	4
1092	55630	4
1092	55634	4
1092	55637	4
1092	58018	4
1092	58614	4
1092	58619	4
1092	58631	4
1092	58652	4
1092	62633	4
1092	65356	4
1092	65361	4
1092	66636	4
1092	67554	4
1092	70762	4
1092	70763	4
1092	70764	4
1092	70767	4
1092	70768	4
1092	70769	4
1092	70777	4
1092	70778	4
1092	70780	4
1092	70781	4
1092	70782	4
1092	70789	4
1092	70793	4
1092	70798	4
1092	70801	4
1092	70804	4
1092	71210	4
1092	71403	4
1092	72501	4
1092	72506	4
1092	74357	4
1092	76412	4
1092	78473	4
1092	78475	4
1092	78478	4
1092	78481	4
1092	78482	4
1092	78483	4
1092	78484	4
1092	78488	4
1092	78489	4
1092	78491	4
1092	78492	4
1092	78494	4
1092	78495	4
1093	1328	4
1093	2125	4
1093	2846	4
1093	8496	4
1093	10231	4
1093	10234	4
1093	16482	4
1093	19096	4
1093	20484	4
1093	20534	4
1093	24201	4
1093	24205	4
1093	24573	4
1093	25192	4
1093	25321	4
1093	25563	4
1093	25946	4
1093	26460	4
1093	26461	4
1093	27031	4
1093	27901	4
1093	29132	4
1093	30547	4
1093	30599	4
1093	37791	4
1093	37792	4
1093	37794	4
1093	46300	4
1093	46975	4
1093	47021	4
1093	47035	4
1093	47187	4
1093	47567	4
1093	47602	4
1093	48250	4
1093	48284	4
1093	48630	4
1093	48985	4
1093	49033	4
1093	49036	4
1093	49275	4
1093	49473	4
1093	50439	4
1093	50456	4
1093	50459	4
1093	50706	4
1093	51490	4
1093	51847	4
1093	51869	4
1093	52468	4
1093	52889	4
1093	52915	4
1093	54229	4
1093	54977	4
1093	55082	4
1093	56993	4
1093	57013	4
1093	60489	4
1093	61013	4
1093	61909	4
1093	62630	4
1093	65351	4
1093	67414	4
1093	68593	4
1093	68613	4
1093	70806	4
1093	70814	4
1093	70817	4
1093	72058	4
1094	16	4
1094	2852	4
1094	10235	4
1094	19352	4
1094	20535	4
1094	23899	4
1094	25011	4
1094	25469	4
1094	26121	4
1094	26333	4
1094	29874	4
1094	32335	4
1094	37797	4
1094	46626	4
1094	48757	4
1094	50065	4
1094	50144	4
1094	54344	4
1094	58088	4
1094	60513	4
1094	70818	4
1094	70819	4
1094	70821	4
1095	191	4
1095	367	4
1095	1765	4
1095	2553	4
1095	2855	4
1095	9227	4
1095	10239	4
1095	23945	4
1095	23959	4
1095	24170	4
1095	24552	4
1095	27004	4
1095	27680	4
1095	45142	4
1095	47263	4
1095	47475	4
1095	47574	4
1095	49513	4
1095	54721	4
1095	57793	4
1095	61802	4
1095	63319	4
1095	70825	4
1095	70827	4
1095	72465	4
1095	74575	4
1095	78498	4
1096	137	4
1096	216	4
1096	7509	4
1096	18945	4
1096	18946	4
1096	25854	4
1096	26841	4
1096	28438	4
1096	31016	4
1096	31039	4
1096	36154	4
1096	37802	4
1096	47581	4
1096	48572	4
1096	50093	4
1096	50726	4
1096	55485	4
1096	56559	4
1096	60246	4
1096	61493	4
1096	70832	4
1096	71741	4
1096	74502	4
1097	252	4
1097	2087	4
1097	23701	4
1097	23911	4
1097	24036	4
1097	24067	4
1097	24245	4
1097	24332	4
1097	24364	4
1097	26100	4
1097	26890	4
1097	27938	4
1097	47261	4
1097	47627	4
1097	49087	4
1097	49625	4
1097	52135	4
1097	56280	4
1097	70838	4
1098	25459	4
1098	70855	4
1099	10247	4
1099	16009	4
1099	24335	4
1099	24336	4
1099	24666	4
1099	25095	4
1099	52787	4
1099	53939	4
1099	54808	4
1099	78507	4
1100	125	4
1100	10249	4
1100	20537	4
1100	23799	4
1100	24062	4
1100	24071	4
1100	24730	4
1100	24912	4
1100	25589	4
1100	26484	4
1100	26669	4
1100	26928	4
1100	27364	4
1100	27959	4
1100	30062	4
1100	30235	4
1100	30640	4
1100	31123	4
1100	32388	4
1100	33218	4
1100	33302	4
1100	33714	4
1100	33735	4
1100	37810	4
1100	37811	4
1100	37812	4
1100	37814	4
1100	37815	4
1100	37816	4
1100	37817	4
1100	37819	4
1100	46323	4
1100	46342	4
1100	46597	4
1100	46598	4
1100	46630	4
1100	46638	4
1100	47136	4
1100	47188	4
1100	47272	4
1100	48573	4
1100	49227	4
1100	49411	4
1100	50783	4
1100	50793	4
1100	51144	4
1100	56814	4
1100	60382	4
1100	60439	4
1100	61265	4
1100	63003	4
1100	66318	4
1100	68266	4
1100	70877	4
1100	70879	4
1100	70881	4
1100	72401	4
1100	73437	4
1101	37827	4
1101	48376	4
1101	51149	4
1101	51153	4
1101	70905	4
1102	10253	4
1102	50437	4
1102	59408	4
1102	61672	4
1102	78532	4
1102	78533	4
1103	18885	4
1103	19173	4
1103	23981	4
1103	25263	4
1103	25304	4
1103	25736	4
1103	26552	4
1103	26817	4
1103	27869	4
1103	28309	4
1103	35287	4
1103	37829	4
1103	44670	4
1103	48373	4
1103	48413	4
1103	52023	4
1103	52030	4
1103	52053	4
1103	53580	4
1103	53634	4
1103	53923	4
1103	58264	4
1103	60970	4
1103	65202	4
1103	67345	4
1103	70907	4
1103	70909	4
1103	70913	4
1103	71496	4
1103	71656	4
1103	72343	4
1103	72351	4
1103	76726	4
1103	77768	4
1103	78539	4
1103	78542	4
1103	78544	4
1103	78545	4
1103	78546	4
1104	1405	4
1104	24009	4
1104	25477	4
1104	46594	4
1104	46832	4
1104	51299	4
1104	52315	4
1105	186	4
1105	2867	4
1105	8960	4
1105	8982	4
1105	9484	4
1105	24721	4
1105	24739	4
1105	24763	4
1105	31308	4
1105	34275	4
1105	37832	4
1105	46301	4
1105	46345	4
1105	46472	4
1105	46610	4
1105	46620	4
1105	46679	4
1105	46939	4
1105	49085	4
1105	51268	4
1105	52172	4
1105	52410	4
1105	53668	4
1105	64781	4
1105	71508	4
1105	72575	4
1105	73508	4
1105	76446	4
1105	78550	4
1105	78551	4
1105	78553	4
1106	1151	4
1106	23970	4
1106	23971	4
1106	24415	4
1106	24482	4
1106	24748	4
1106	25255	4
1106	25266	4
1106	25270	4
1106	25286	4
1106	25304	4
1106	25745	4
1106	25780	4
1106	25785	4
1106	25792	4
1106	25818	4
1106	25829	4
1106	25970	4
1106	26406	4
1106	27179	4
1106	28221	4
1106	30665	4
1106	30690	4
1106	30990	4
1106	34344	4
1106	36244	4
1106	37053	4
1106	37837	4
1106	37838	4
1106	37841	4
1106	48364	4
1106	48407	4
1106	49187	4
1106	49195	4
1106	49199	4
1106	51349	4
1106	52683	4
1106	54016	4
1106	54821	4
1106	55269	4
1106	70919	4
1106	70920	4
1106	70927	4
1106	70930	4
1106	70931	4
1106	70933	4
1106	70935	4
1106	70936	4
1106	70938	4
1106	70939	4
1106	70940	4
1106	70941	4
1107	2869	4
1107	8234	4
1107	19290	4
1107	23997	4
1107	24003	4
1107	25104	4
1107	25167	4
1107	25243	4
1107	25959	4
1107	26384	4
1107	26393	4
1107	26830	4
1107	28037	4
1107	28041	4
1107	28052	4
1107	28395	4
1107	28416	4
1107	28947	4
1107	29212	4
1107	29231	4
1107	29489	4
1107	30002	4
1107	30054	4
1107	30192	4
1107	30197	4
1107	30450	4
1107	33126	4
1107	33154	4
1107	33202	4
1107	33304	4
1107	33774	4
1107	33821	4
1107	34166	4
1107	34564	4
1107	34808	4
1107	34810	4
1107	34811	4
1107	37842	4
1107	37845	4
1107	37846	4
1107	37849	4
1107	37851	4
1107	37854	4
1107	37855	4
1107	37856	4
1107	44934	4
1107	46720	4
1107	47512	4
1107	49506	4
1107	49720	4
1107	50222	4
1107	50225	4
1107	50232	4
1107	50233	4
1107	50237	4
1107	50245	4
1107	50255	4
1107	50258	4
1107	51047	4
1107	51145	4
1107	52716	4
1107	53139	4
1107	53146	4
1107	54294	4
1107	54828	4
1107	54881	4
1107	54895	4
1107	54922	4
1107	56023	4
1107	56037	4
1107	56549	4
1107	56808	4
1107	56932	4
1107	60471	4
1107	60601	4
1107	61690	4
1107	61712	4
1107	62251	4
1107	63740	4
1107	64820	4
1107	66917	4
1107	66974	4
1107	70943	4
1107	70945	4
1107	72678	4
1107	73773	4
1107	73882	4
1107	74287	4
1107	74631	4
1107	75003	4
1107	75211	4
1107	75553	4
1107	76108	4
1107	76554	4
1107	76566	4
1107	78561	4
1107	78565	4
1108	27230	4
1108	27232	4
1108	32769	4
1108	35505	4
1108	46578	4
1108	51749	4
1108	58952	4
1108	63002	4
1108	70950	4
1109	175	4
1109	2405	4
1109	8640	4
1109	10262	4
1109	10263	4
1109	20541	4
1109	23854	4
1109	23903	4
1109	25879	4
1109	26634	4
1109	27351	4
1109	29561	4
1109	30609	4
1109	31720	4
1109	33799	4
1109	34726	4
1109	35115	4
1109	36591	4
1109	37251	4
1109	37861	4
1109	37864	4
1109	46360	4
1109	46368	4
1109	46622	4
1109	47161	4
1109	47764	4
1109	48383	4
1109	48817	4
1109	51250	4
1109	52169	4
1109	52211	4
1109	53665	4
1109	56906	4
1109	58696	4
1109	60016	4
1109	63644	4
1109	63839	4
1109	67623	4
1109	70956	4
1110	8371	4
1110	9021	4
1110	10264	4
1110	10265	4
1110	23780	4
1110	23828	4
1110	23849	4
1110	23899	4
1110	25476	4
1110	25498	4
1110	26285	4
1110	26302	4
1110	26593	4
1110	29743	4
1110	37866	4
1110	45165	4
1110	46299	4
1110	46484	4
1110	47347	4
1110	49269	4
1110	50318	4
1110	51718	4
1110	59633	4
1110	64844	4
1110	71389	4
1110	71987	4
1110	73458	4
1111	2871	4
1111	10274	4
1111	10275	4
1111	19817	4
1111	24596	4
1111	25863	4
1111	26308	4
1111	26414	4
1111	27180	4
1111	28993	4
1111	28996	4
1111	29334	4
1111	29897	4
1111	30314	4
1111	32352	4
1111	35572	4
1111	36227	4
1111	37880	4
1111	37884	4
1111	37886	4
1111	37887	4
1111	49316	4
1111	49576	4
1111	50812	4
1111	52176	4
1111	53889	4
1111	54555	4
1111	54812	4
1111	55262	4
1111	57572	4
1111	59435	4
1111	61671	4
1111	63118	4
1111	66364	4
1111	68173	4
1111	70987	4
1111	70989	4
1111	70991	4
1111	70993	4
1111	70994	4
1111	70996	4
1111	70997	4
1111	70998	4
1112	2874	4
1112	2875	4
1112	16490	4
1112	24077	4
1112	30835	4
1112	31830	4
1112	34441	4
1112	35671	4
1112	37476	4
1112	37550	4
1112	37893	4
1112	37895	4
1112	37896	4
1112	37900	4
1112	37903	4
1112	37905	4
1112	37906	4
1112	37909	4
1112	37916	4
1112	48077	4
1112	53948	4
1112	61270	4
1112	62406	4
1112	71000	4
1112	71001	4
1112	71004	4
1112	71007	4
1112	71016	4
1112	71018	4
1112	71020	4
1112	71022	4
1112	71031	4
1112	71035	4
1112	71037	4
1112	71040	4
1112	71041	4
1112	76035	4
1112	78572	4
1112	78573	4
1113	507	4
1113	7691	4
1113	9450	4
1113	10280	4
1113	18894	4
1113	23690	4
1113	23768	4
1113	23787	4
1113	23802	4
1113	23858	4
1113	23903	4
1113	23929	4
1113	24076	4
1113	24105	4
1113	24290	4
1113	24326	4
1113	24338	4
1113	24370	4
1113	24696	4
1113	24739	4
1113	24776	4
1113	24863	4
1113	25450	4
1113	25577	4
1113	25727	4
1113	25959	4
1113	26096	4
1113	26159	4
1113	26448	4
1113	27329	4
1113	27371	4
1113	27541	4
1113	27630	4
1113	27740	4
1113	28416	4
1113	29784	4
1113	31283	4
1113	33143	4
1113	34276	4
1113	46305	4
1113	46308	4
1113	46315	4
1113	46329	4
1113	46345	4
1113	46350	4
1113	46379	4
1113	46416	4
1113	46431	4
1113	46467	4
1113	46468	4
1113	46589	4
1113	46598	4
1113	46610	4
1113	46616	4
1113	46623	4
1113	46626	4
1113	46632	4
1113	46637	4
1113	46838	4
1113	46922	4
1113	46928	4
1113	46931	4
1113	46935	4
1113	46947	4
1113	46988	4
1113	47137	4
1113	47164	4
1113	47200	4
1113	47378	4
1113	47627	4
1113	47657	4
1113	47696	4
1113	47758	4
1113	47794	4
1113	47859	4
1113	48433	4
1113	48596	4
1113	48770	4
1113	49162	4
1113	49702	4
1113	49846	4
1113	50024	4
1113	51915	4
1113	52132	4
1113	52208	4
1113	52249	4
1113	55717	4
1113	56280	4
1113	65679	4
1113	68533	4
1113	71052	4
1113	71053	4
1113	71054	4
1113	71055	4
1113	71059	4
1113	71216	4
1113	71433	4
1113	71494	4
1113	71508	4
1113	71625	4
1113	71793	4
1113	71816	4
1113	72380	4
1113	72643	4
1113	73506	4
1113	73512	4
1113	74370	4
1113	74658	4
1113	78584	4
1113	78589	4
1114	198	4
1114	250	4
1114	612	4
1114	2887	4
1114	8066	4
1114	15814	4
1114	15902	4
1114	16370	4
1114	16476	4
1114	19230	4
1114	19242	4
1114	19358	4
1114	20544	4
1114	20546	4
1114	20549	4
1114	20550	4
1114	20554	4
1114	20555	4
1114	20556	4
1114	23783	4
1114	23819	4
1114	23835	4
1114	23846	4
1114	23866	4
1114	23895	4
1114	24094	4
1114	24514	4
1114	24879	4
1114	25470	4
1114	25494	4
1114	26547	4
1114	26851	4
1114	27667	4
1114	28260	4
1114	28399	4
1114	29730	4
1114	32498	4
1114	32613	4
1114	33356	4
1114	33690	4
1114	37921	4
1114	37923	4
1114	37924	4
1114	37926	4
1114	37929	4
1114	37930	4
1114	37933	4
1114	37934	4
1114	37935	4
1114	37936	4
1114	37938	4
1114	37939	4
1114	45166	4
1114	46498	4
1114	46506	4
1114	46514	4
1114	46517	4
1114	46551	4
1114	46593	4
1114	46803	4
1114	47394	4
1114	47468	4
1114	47486	4
1114	47545	4
1114	47562	4
1114	47604	4
1114	47769	4
1114	47775	4
1114	47791	4
1114	47864	4
1114	47899	4
1114	48646	4
1114	48695	4
1114	48704	4
1114	49149	4
1114	49331	4
1114	49333	4
1114	49346	4
1114	49350	4
1114	49398	4
1114	49399	4
1114	49404	4
1114	49714	4
1114	49774	4
1114	50092	4
1114	50094	4
1114	50123	4
1114	50155	4
1114	50243	4
1114	50557	4
1114	51082	4
1114	51884	4
1114	52189	4
1114	52590	4
1114	53343	4
1114	54015	4
1114	54030	4
1114	54184	4
1114	55118	4
1114	55147	4
1114	55320	4
1114	56092	4
1114	58914	4
1114	59620	4
1114	59775	4
1114	60091	4
1114	62605	4
1114	62886	4
1114	63208	4
1114	63723	4
1114	64854	4
1114	64947	4
1114	68117	4
1114	71062	4
1114	71066	4
1114	71067	4
1114	71072	4
1114	71078	4
1114	71079	4
1114	71085	4
1114	71087	4
1114	71091	4
1114	71092	4
1114	71222	4
1114	71243	4
1114	71328	4
1114	71414	4
1114	71541	4
1114	71554	4
1114	72767	4
1114	72777	4
1114	73037	4
1114	73555	4
1114	73762	4
1114	74402	4
1114	75171	4
1114	75179	4
1114	75313	4
1114	75889	4
1114	75895	4
1114	76152	4
1114	76779	4
1114	78054	4
1114	78098	4
1114	78597	4
1114	78598	4
1114	78599	4
1114	78600	4
1114	78601	4
1114	78607	4
1114	78611	4
1114	78616	4
1114	78619	4
1114	78626	4
1114	78627	4
1114	78628	4
1114	78629	4
1115	10282	4
1115	19029	4
1115	19444	4
1115	20557	4
1115	20558	4
1115	24623	4
1115	25321	4
1115	27355	4
1115	27902	4
1115	30589	4
1115	36689	4
1115	47015	4
1115	47039	4
1115	47055	4
1115	47407	4
1115	48623	4
1115	48860	4
1115	49011	4
1115	51389	4
1115	55860	4
1115	55910	4
1115	67287	4
1115	69443	4
1115	70693	4
1115	71097	4
1115	71104	4
1116	210	4
1116	48296	4
1116	51358	4
1116	66059	4
1116	78633	4
1117	2706	4
1117	25042	4
1117	25632	4
1117	35158	4
1117	37943	4
1117	47612	4
1117	48928	4
1117	49717	4
1117	50011	4
1117	52187	4
1117	53068	4
1117	58773	4
1117	71106	4
1117	71410	4
1118	380	4
1118	10285	4
1118	26461	4
1118	28264	4
1118	47511	4
1118	50832	4
1118	54754	4
1118	77431	4
1118	78634	4
1119	19110	4
1119	23784	4
1119	26586	4
1119	47847	4
1119	54569	4
1119	71108	4
1120	2338	4
1120	2895	4
1120	24163	4
1120	25241	4
1120	25553	4
1120	30313	4
1120	32829	4
1120	33641	4
1120	37946	4
1120	47056	4
1120	48924	4
1120	51367	4
1120	52881	4
1120	54407	4
1120	71110	4
1121	23900	4
1121	30328	4
1121	37952	4
1121	37953	4
1121	46308	4
1121	46931	4
1121	48778	4
1121	71116	4
1121	71119	4
1122	10291	4
1122	23692	4
1122	25648	4
1122	25692	4
1122	27546	4
1122	27602	4
1122	28661	4
1122	30511	4
1122	33700	4
1122	37954	4
1122	46675	4
1122	46980	4
1122	47069	4
1122	47567	4
1122	48230	4
1122	48338	4
1122	48427	4
1122	48630	4
1122	48723	4
1122	48734	4
1122	48745	4
1122	48886	4
1122	48920	4
1122	48960	4
1122	49047	4
1122	49055	4
1122	49071	4
1122	49116	4
1122	49143	4
1122	49473	4
1122	49621	4
1122	50435	4
1122	51025	4
1122	51359	4
1122	51401	4
1122	51422	4
1122	51447	4
1122	51861	4
1122	52374	4
1122	52376	4
1122	52933	4
1122	53096	4
1122	63094	4
1122	71121	4
1122	71123	4
1122	71128	4
1122	71129	4
1123	28816	4
1123	29758	4
1123	36972	4
1123	37961	4
1123	37963	4
1123	46845	4
1123	47194	4
1123	48831	4
1123	60243	4
1123	62018	4
1123	62798	4
1123	71140	4
1123	71141	4
1123	71143	4
1123	71145	4
1123	71148	4
1123	71150	4
1123	71151	4
1123	78639	4
1124	16502	4
1124	23952	4
1124	24109	4
1124	24321	4
1124	25190	4
1124	25216	4
1124	28578	4
1124	36139	4
1124	46308	4
1124	46556	4
1124	47017	4
1124	47048	4
1124	48981	4
1124	48984	4
1124	49013	4
1124	49717	4
1124	52336	4
1124	54696	4
1124	55711	4
1124	56816	4
1124	56960	4
1124	60026	4
1124	60660	4
1124	61184	4
1124	65478	4
1124	71155	4
1124	71157	4
1124	71158	4
1124	71159	4
1124	72005	4
1124	73205	4
1124	76768	4
1124	77028	4
1124	78644	4
1125	190	4
1125	1101	4
1125	10229	4
1125	19947	4
1125	25664	4
1125	26171	4
1125	31448	4
1125	37031	4
1125	37969	4
1125	46593	4
1125	46755	4
1125	47415	4
1125	47528	4
1125	47577	4
1125	47769	4
1125	48144	4
1125	48857	4
1125	48886	4
1125	48985	4
1125	49060	4
1125	49300	4
1125	49339	4
1125	49898	4
1125	49907	4
1125	49981	4
1125	50134	4
1125	50456	4
1125	51847	4
1125	53766	4
1125	54104	4
1125	55423	4
1125	55636	4
1125	56817	4
1125	58015	4
1125	58385	4
1125	60153	4
1125	60887	4
1125	65331	4
1125	68514	4
1125	71166	4
1125	71171	4
1125	71173	4
1125	71617	4
1125	71742	4
1125	74503	4
1125	78646	4
1125	78647	4
1125	78648	4
1126	24941	4
1126	25527	4
1126	37970	4
1126	46398	4
1126	46401	4
1126	63448	4
1126	71178	4
1126	71179	4
1126	71180	4
1126	71181	4
1126	71183	4
1126	71185	4
1126	78651	4
1128	48428	4
1128	71190	4
1129	7	4
1129	19771	4
1129	19774	4
1129	20549	4
1129	26234	4
1129	26605	4
1129	27218	4
1129	29690	4
1129	31722	4
1129	32162	4
1129	35802	4
1129	36125	4
1129	46527	4
1129	46567	4
1129	46974	4
1129	47976	4
1129	48230	4
1129	48679	4
1129	48955	4
1129	49362	4
1129	49513	4
1129	49845	4
1129	50136	4
1129	50176	4
1129	50591	4
1129	50737	4
1129	50881	4
1129	51377	4
1129	51946	4
1129	53022	4
1129	53070	4
1129	53469	4
1129	55236	4
1129	58379	4
1129	59116	4
1129	59256	4
1129	63474	4
1129	68817	4
1129	70750	4
1129	71193	4
1129	71194	4
1129	71212	4
1129	71924	4
1129	72185	4
1129	74232	4
1129	74392	4
1129	75321	4
1129	78656	4
1129	78658	4
1129	78661	4
1129	78663	4
1130	6	4
1130	691	4
1130	1504	4
1130	20563	4
1130	20564	4
1130	23858	4
1130	24465	4
1130	24501	4
1130	24696	4
1130	24801	4
1130	24924	4
1130	25205	4
1130	26113	4
1130	26272	4
1130	29120	4
1130	33378	4
1130	36978	4
1130	37987	4
1130	37988	4
1130	72084	4
1131	7544	4
1131	7680	4
1131	8195	4
1131	8994	4
1131	10301	4
1131	24063	4
1131	24071	4
1131	25202	4
1131	26484	4
1131	27558	4
1131	29146	4
1131	31283	4
1131	33235	4
1131	33740	4
1131	37991	4
1132	9931	4
1132	10302	4
1132	24514	4
1132	25047	4
1132	25532	4
1132	27170	4
1132	28186	4
1132	29124	4
1132	29690	4
1132	31348	4
1132	31359	4
1132	33097	4
1132	44715	4
1132	71399	4
1132	72875	4
1132	78669	4
1132	78670	4
1133	2904	4
1133	10277	4
1133	10303	4
1133	10304	4
1133	10306	4
1133	23911	4
1133	23914	4
1133	23936	4
1133	24044	4
1133	24062	4
1133	24388	4
1133	24977	4
1133	25506	4
1133	25616	4
1133	25727	4
1133	26251	4
1133	33124	4
1133	37992	4
1133	37994	4
1133	71817	4
1133	72366	4
1133	72382	4
1133	72654	4
1133	73513	4
1133	77438	4
1133	78671	4
1133	78673	4
1134	438	4
1134	525	4
1134	1016	4
1134	1591	4
1134	2906	4
1134	18945	4
1134	24163	4
1134	24197	4
1134	25082	4
1134	25335	4
1134	25562	4
1134	25747	4
1134	26777	4
1134	28460	4
1134	29440	4
1134	35150	4
1134	36497	4
1134	37998	4
1134	37999	4
1134	75491	4
1135	24480	4
1135	25679	4
1135	25785	4
1135	26823	4
1135	28208	4
1135	34063	4
1135	74840	4
1135	78676	4
1136	333	4
1136	2909	4
1136	2910	4
1136	2911	4
1136	2913	4
1136	10308	4
1136	10309	4
1136	16504	4
1136	30933	4
1136	31129	4
1136	32119	4
1136	32905	4
1136	33306	4
1136	35055	4
1136	35057	4
1136	35063	4
1136	36358	4
1136	38007	4
1136	38010	4
1136	38011	4
1136	38012	4
1136	38014	4
1136	38015	4
1136	71932	4
1136	75054	4
1136	78682	4
1136	78683	4
1136	78685	4
1136	78688	4
1136	78689	4
1136	78690	4
1136	78696	4
1136	78703	4
1137	72	4
1137	436	4
1137	627	4
1137	728	4
1137	2144	4
1137	7509	4
1137	8609	4
1137	19070	4
1137	19140	4
1137	23829	4
1137	23843	4
1137	24129	4
1137	24164	4
1137	25046	4
1137	25481	4
1137	25499	4
1137	25643	4
1137	26542	4
1137	27028	4
1137	27029	4
1137	27055	4
1137	27198	4
1137	27586	4
1137	27989	4
1137	28974	4
1137	30535	4
1137	31352	4
1137	31712	4
1137	32477	4
1137	37703	4
1137	38017	4
1137	38021	4
1137	45177	4
1137	71617	4
1137	72487	4
1137	72791	4
1137	75805	4
1137	76216	4
1137	77428	4
1137	78159	4
1137	78705	4
1137	78709	4
1138	278	4
1138	1186	4
1138	2917	4
1138	10311	4
1138	15804	4
1138	25006	4
1138	25471	4
1138	38022	4
1138	71924	4
1138	78711	4
1139	241	4
1139	460	4
1139	1493	4
1139	2920	4
1139	16033	4
1139	24300	4
1139	27292	4
1139	27298	4
1139	27307	4
1139	27332	4
1139	27351	4
1139	28000	4
1139	28005	4
1139	28058	4
1139	29510	4
1139	29514	4
1139	29535	4
1139	30247	4
1139	32287	4
1139	32289	4
1139	32300	4
1139	32313	4
1139	32791	4
1139	32795	4
1139	32804	4
1139	32810	4
1139	32934	4
1139	32983	4
1139	32984	4
1139	32986	4
1139	32987	4
1139	34029	4
1139	34037	4
1139	34046	4
1139	34052	4
1139	34113	4
1139	34115	4
1139	34116	4
1139	34200	4
1139	34202	4
1139	34206	4
1139	34214	4
1139	34235	4
1139	34250	4
1139	34284	4
1139	34296	4
1139	34414	4
1139	35202	4
1139	35204	4
1139	35214	4
1139	35218	4
1139	35221	4
1139	35232	4
1139	35236	4
1139	35682	4
1139	35754	4
1139	35755	4
1139	35761	4
1139	36731	4
1139	38023	4
1139	38025	4
1139	38029	4
1139	38032	4
1139	38033	4
1139	38038	4
1139	38040	4
1139	38041	4
1139	38043	4
1139	38045	4
1139	38046	4
1139	38047	4
1139	38048	4
1139	38051	4
1139	38053	4
1139	38057	4
1139	74930	4
1139	75028	4
1139	75030	4
1139	75033	4
1139	75034	4
1139	75038	4
1139	75958	4
1139	76525	4
1139	78716	4
1139	78717	4
1139	78723	4
1139	78727	4
1139	78732	4
1139	78735	4
1139	78737	4
1139	78739	4
1140	24902	4
1140	27556	4
1140	30256	4
1140	31176	4
1140	38059	4
1141	23825	4
1141	28824	4
1141	29756	4
1141	29764	4
1141	29772	4
1141	29774	4
1141	29782	4
1141	36058	4
1141	36388	4
1141	38064	4
1141	38066	4
1141	38067	4
1141	38068	4
1141	38069	4
1141	38070	4
1141	78742	4
1142	945	4
1142	19247	4
1142	73171	4
1142	78743	4
1142	78751	4
1142	78752	4
1142	78754	4
1142	78760	4
1142	78761	4
1142	78762	4
1142	78770	4
1143	23690	4
1143	24782	4
1143	26103	4
1143	27743	4
1143	28079	4
1143	38076	4
1143	38078	4
1143	38081	4
1143	38086	4
1143	38087	4
1143	38089	4
1143	38090	4
1143	38093	4
1144	10315	4
1144	10316	4
1144	10317	4
1144	10318	4
1144	26838	4
1144	31016	4
1144	32415	4
1144	77094	4
1144	77096	4
1145	26197	4
1145	37835	4
1145	72067	4
1146	946	4
1146	10320	4
1146	16507	4
1146	25329	4
1146	26780	4
1146	27069	4
1146	27629	4
1146	27680	4
1146	29645	4
1146	29934	4
1146	30790	4
1146	32922	4
1146	71628	4
1146	74996	4
1146	78357	4
1146	78775	4
1146	78776	4
1147	23866	4
1147	23929	4
1147	24556	4
1147	24761	4
1147	25037	4
1147	25067	4
1147	25491	4
1147	25494	4
1147	27376	4
1147	27934	4
1147	28608	4
1147	29545	4
1147	37460	4
1148	1513	4
1148	24370	4
1148	25391	4
1148	26563	4
1148	30582	4
1148	38099	4
1149	7626	4
1149	23785	4
1149	23813	4
1149	25146	4
1149	28297	4
1149	31061	4
1149	38101	4
1149	72078	4
1149	72770	4
1150	18932	4
1150	20327	4
1150	24748	4
1150	25056	4
1150	25763	4
1150	26671	4
1150	27174	4
1150	31987	4
1150	32041	4
1150	32196	4
1150	34212	4
1150	38104	4
1150	38106	4
1150	71691	4
1150	72667	4
1150	78780	4
1151	2927	4
1151	9130	4
1151	27364	4
1151	33514	4
1152	10324	4
1152	25301	4
1152	27593	4
1153	745	4
1153	16510	4
1153	19426	4
1153	20576	4
1153	23828	4
1153	23891	4
1153	23945	4
1153	24398	4
1153	24546	4
1153	24548	4
1153	24555	4
1153	25002	4
1153	25044	4
1153	25144	4
1153	25489	4
1153	25630	4
1153	25647	4
1153	26016	4
1153	26798	4
1153	26838	4
1153	31010	4
1153	72941	4
1153	72958	4
1153	74036	4
1153	74503	4
1153	74796	4
1153	75159	4
1153	75844	4
1153	78796	4
1154	82	4
1154	2932	4
1154	8328	4
1154	19098	4
1154	23899	4
1154	24386	4
1154	24541	4
1154	25046	4
1154	25851	4
1154	26047	4
1154	26308	4
1154	26588	4
1154	26594	4
1154	27046	4
1154	27592	4
1154	28116	4
1154	31703	4
1154	31891	4
1154	32032	4
1154	33700	4
1154	38122	4
1155	10319	4
1155	23740	4
1155	24025	4
1155	24179	4
1155	28572	4
1155	36692	4
1155	38126	4
1155	38128	4
1156	75047	4
1157	662	4
1157	795	4
1157	867	4
1157	913	4
1157	1714	4
1157	7684	4
1157	10331	4
1157	19049	4
1157	19485	4
1157	20445	4
1157	24168	4
1157	25213	4
1157	25238	4
1157	25245	4
1157	25746	4
1157	25770	4
1157	25914	4
1157	25968	4
1157	27649	4
1157	29033	4
1157	29439	4
1157	29638	4
1157	29655	4
1157	30429	4
1157	32128	4
1157	33285	4
1157	34143	4
1157	35766	4
1157	38131	4
1157	38133	4
1157	38134	4
1157	38137	4
1157	38139	4
1157	71629	4
1157	72429	4
1157	73122	4
1157	73123	4
1157	73139	4
1157	73141	4
1157	73212	4
1157	73924	4
1157	76549	4
1157	78807	4
1157	78811	4
1157	78813	4
1157	78815	4
1157	78816	4
1157	78820	4
1157	78821	4
1157	78829	4
1157	78835	4
1157	78836	4
1158	2936	4
1158	23871	4
1158	24094	4
1158	24745	4
1158	24967	4
1158	25550	4
1158	29007	4
1158	30640	4
1158	31396	4
1158	34181	4
1159	27877	4
1159	38145	4
1159	71448	4
1159	73574	4
1159	74665	4
1159	78837	4
1160	16	4
1160	144	4
1160	629	4
1160	1100	4
1160	1785	4
1160	2942	4
1160	2945	4
1160	7964	4
1160	10340	4
1160	10343	4
1160	10344	4
1160	18843	4
1160	20579	4
1160	23750	4
1160	23901	4
1160	24031	4
1160	24175	4
1160	24187	4
1160	24202	4
1160	25253	4
1160	25341	4
1160	25974	4
1160	26448	4
1160	26785	4
1160	27612	4
1160	27726	4
1160	28082	4
1160	28916	4
1160	29145	4
1160	35680	4
1160	36674	4
1160	38149	4
1160	38154	4
1160	38155	4
1160	38156	4
1161	24317	4
1161	25721	4
1161	33325	4
1161	38159	4
1162	692	4
1162	2290	4
1162	2292	4
1162	8800	4
1162	28779	4
1162	28993	4
1162	29328	4
1162	33703	4
1162	36312	4
1162	37387	4
1162	71555	4
1162	71999	4
1162	72036	4
1162	73075	4
1162	77433	4
1162	78846	4
1162	78849	4
1163	125	4
1163	216	4
1163	278	4
1163	632	4
1163	945	4
1163	8033	4
1163	10349	4
1163	18894	4
1163	18942	4
1163	19026	4
1163	20580	4
1163	24027	4
1163	24325	4
1163	26248	4
1163	26578	4
1163	28074	4
1163	28398	4
1163	30281	4
1163	30502	4
1163	34104	4
1163	38140	4
1163	38167	4
1163	71369	4
1163	71457	4
1163	71465	4
1163	71636	4
1163	72380	4
1163	73744	4
1163	75586	4
1163	78505	4
1163	78853	4
1163	78854	4
1163	78859	4
1164	497	4
1164	2423	4
1164	2951	4
1164	2952	4
1164	7556	4
1164	7693	4
1164	10351	4
1164	10352	4
1164	10353	4
1164	23698	4
1164	23852	4
1164	23914	4
1164	24202	4
1164	24293	4
1164	24503	4
1164	24703	4
1164	24865	4
1164	24913	4
1164	25144	4
1164	25312	4
1164	25391	4
1164	25627	4
1164	26250	4
1164	27035	4
1164	28082	4
1164	28488	4
1164	28921	4
1164	29461	4
1164	30899	4
1164	47794	4
1164	55133	4
1164	71214	4
1165	25034	4
1165	78863	4
1166	2953	4
1166	20581	4
1166	20583	4
1166	30643	4
1166	38177	4
1166	38178	4
1166	38180	4
1166	38183	4
1166	38184	4
1166	71479	4
1167	10355	4
1167	10356	4
1167	16515	4
1167	24282	4
1167	26005	4
1167	29291	4
1167	32143	4
1167	33613	4
1167	35836	4
1167	37520	4
1167	37810	4
1167	38186	4
1167	38191	4
1167	38193	4
1167	38194	4
1167	71499	4
1167	78867	4
1168	23690	4
1168	24074	4
1168	24357	4
1168	24817	4
1168	24876	4
1168	25312	4
1168	25446	4
1168	25575	4
1168	26096	4
1168	26260	4
1168	27487	4
1168	27557	4
1168	27627	4
1168	27929	4
1168	28409	4
1168	28421	4
1168	29147	4
1168	30212	4
1168	33480	4
1168	34161	4
1169	190	4
1169	336	4
1169	365	4
1169	475	4
1169	877	4
1169	1469	4
1169	1846	4
1169	7586	4
1169	8891	4
1169	18899	4
1169	20162	4
1169	20586	4
1169	23866	4
1169	23891	4
1169	24137	4
1169	24514	4
1169	24540	4
1169	26344	4
1169	29064	4
1169	34887	4
1169	38197	4
1169	38199	4
1169	71922	4
1169	72790	4
1169	74026	4
1169	74232	4
1169	74257	4
1169	75878	4
1169	76788	4
1170	80	4
1170	540	4
1170	8332	4
1170	18893	4
1170	23780	4
1170	23807	4
1170	23857	4
1170	23862	4
1170	23866	4
1170	24427	4
1170	24554	4
1170	24634	4
1170	24674	4
1170	24820	4
1170	25384	4
1170	25873	4
1170	26362	4
1170	26515	4
1170	26527	4
1170	27524	4
1170	28262	4
1170	33285	4
1170	38202	4
1170	38203	4
1170	73183	4
1171	744	4
1171	2956	4
1171	7923	4
1171	9396	4
1171	18945	4
1171	19077	4
1171	23772	4
1171	23831	4
1171	23889	4
1171	24397	4
1171	24407	4
1171	24416	4
1171	24511	4
1171	24633	4
1171	25445	4
1171	25477	4
1171	26515	4
1171	26998	4
1171	27525	4
1171	28118	4
1171	28340	4
1171	28409	4
1171	28436	4
1171	31824	4
1171	33040	4
1171	33287	4
1171	34383	4
1171	35692	4
1171	36715	4
1171	71244	4
1171	71738	4
1171	76771	4
1171	76782	4
1171	78873	4
1172	34675	4
1173	646	4
1173	2585	4
1173	20589	4
1173	23887	4
1173	25145	4
1173	25471	4
1173	26740	4
1173	27110	4
1173	27549	4
1173	29946	4
1173	32860	4
1173	33999	4
1173	35576	4
1173	38207	4
1173	38209	4
1173	38210	4
1173	71741	4
1173	73042	4
1173	73181	4
1173	73714	4
1173	78875	4
1174	65	4
1174	23757	4
1174	23800	4
1174	23904	4
1174	23924	4
1174	24356	4
1174	24367	4
1174	25974	4
1174	27806	4
1174	32892	4
1174	34831	4
1174	35123	4
1174	71788	4
1175	10369	4
1175	19584	4
1175	24542	4
1175	25021	4
1175	26402	4
1175	26770	4
1175	30557	4
1175	71492	4
1175	71683	4
1176	10373	4
1176	16254	4
1176	16517	4
1176	16518	4
1176	16519	4
1176	18884	4
1176	24380	4
1176	24636	4
1176	24720	4
1176	25209	4
1176	25384	4
1176	25448	4
1176	26437	4
1176	26980	4
1176	30177	4
1176	30718	4
1176	34195	4
1176	38216	4
1176	44913	4
1176	45181	4
1176	71366	4
1176	71781	4
1176	74046	4
1176	74656	4
1176	74720	4
1176	76569	4
1176	77260	4
1176	78877	4
1176	78880	4
1176	78881	4
1176	78882	4
1176	78883	4
1176	78884	4
1176	78890	4
1177	23704	4
1177	23913	4
1177	24105	4
1177	24322	4
1177	24341	4
1177	24362	4
1177	24690	4
1177	25123	4
1177	26086	4
1177	26563	4
1177	27940	4
1177	28080	4
1177	30329	4
1177	31283	4
1177	38221	4
1177	71939	4
1178	78894	4
1179	7	4
1179	1608	4
1179	7626	4
1179	7955	4
1179	24540	4
1179	71249	4
1179	72473	4
1179	72542	4
1179	72753	4
1180	7753	4
1180	7987	4
1180	10370	4
1180	16521	4
1180	23698	4
1180	24954	4
1180	26265	4
1180	28475	4
1180	38236	4
1180	73511	4
1180	74205	4
1180	75775	4
1180	76431	4
1180	78895	4
1181	23698	4
1181	23716	4
1181	23754	4
1181	23761	4
1181	23766	4
1181	24036	4
1181	24323	4
1181	24364	4
1181	24456	4
1181	24465	4
1181	24503	4
1181	24674	4
1181	24761	4
1181	24865	4
1181	24942	4
1181	25203	4
1181	25384	4
1181	25448	4
1181	25454	4
1181	25577	4
1181	26448	4
1181	27485	4
1181	27487	4
1181	27944	4
1181	28075	4
1181	28421	4
1181	29943	4
1181	30841	4
1181	31628	4
1182	1777	4
1182	2965	4
1182	19012	4
1182	20594	4
1182	25217	4
1182	26463	4
1182	26464	4
1182	26674	4
1182	27917	4
1182	28791	4
1182	28867	4
1182	29344	4
1182	38248	4
1182	38252	4
1182	78898	4
1183	2967	4
1183	16522	4
1183	19788	4
1183	28681	4
1183	33447	4
1183	38256	4
1183	73065	4
1184	38264	4
1185	310	4
1185	370	4
1185	2401	4
1185	2975	4
1185	10390	4
1185	24200	4
1185	25170	4
1185	25215	4
1185	25331	4
1185	25673	4
1185	25765	4
1185	25914	4
1185	25921	4
1185	26057	4
1185	26468	4
1185	26777	4
1185	27031	4
1185	27093	4
1185	27902	4
1185	27912	4
1185	28508	4
1185	29296	4
1185	29452	4
1185	30239	4
1185	30593	4
1185	30861	4
1185	31688	4
1185	31953	4
1185	38265	4
1185	38269	4
1185	71723	4
1186	144	4
1186	535	4
1186	641	4
1186	7522	4
1186	8891	4
1186	19774	4
1186	20600	4
1186	20601	4
1186	23807	4
1186	23837	4
1186	24107	4
1186	24549	4
1186	24651	4
1186	24894	4
1186	25471	4
1186	25488	4
1186	25544	4
1186	25673	4
1186	25851	4
1186	26529	4
1186	27388	4
1186	27522	4
1186	28208	4
1186	29426	4
1186	30749	4
1186	31711	4
1186	31723	4
1186	31794	4
1186	32027	4
1186	32667	4
1186	33452	4
1186	34103	4
1186	34966	4
1186	38271	4
1186	38272	4
1186	38273	4
1186	71328	4
1186	72914	4
1186	74048	4
1186	74389	4
1186	75269	4
1186	75587	4
1186	76221	4
1186	76983	4
1186	77051	4
1186	78194	4
1186	78911	4
1186	78912	4
1186	78913	4
1186	78914	4
1186	78915	4
1187	2978	4
1187	23763	4
1187	23908	4
1187	24702	4
1187	24745	4
1187	24967	4
1187	25834	4
1187	27123	4
1187	27541	4
1187	27961	4
1187	30352	4
1187	38274	4
1187	71196	4
1187	72515	4
1187	73514	4
1188	23846	4
1188	25851	4
1188	27014	4
1188	27184	4
1188	27257	4
1188	27455	4
1188	31670	4
1188	38275	4
1188	38276	4
1188	71741	4
1189	212	4
1189	2983	4
1189	2989	4
1189	2990	4
1189	24000	4
1189	24751	4
1189	25243	4
1189	25515	4
1189	26381	4
1189	28047	4
1189	28414	4
1189	28971	4
1189	29199	4
1189	29487	4
1189	30430	4
1189	30495	4
1189	30499	4
1189	31947	4
1189	32083	4
1189	32569	4
1189	32660	4
1189	33724	4
1189	33772	4
1189	33998	4
1189	34556	4
1189	34582	4
1189	34724	4
1189	38279	4
1189	38280	4
1189	38282	4
1189	38283	4
1189	38284	4
1189	38285	4
1189	38287	4
1189	38291	4
1189	72001	4
1189	74853	4
1189	74989	4
1189	75003	4
1189	75151	4
1189	77209	4
1189	77800	4
1189	78927	4
1189	78928	4
1190	65	4
1190	286	4
1190	2992	4
1190	23880	4
1190	24425	4
1190	24427	4
1190	25506	4
1190	26126	4
1190	26474	4
1190	30368	4
1191	2993	4
1191	2994	4
1191	20606	4
1191	23699	4
1191	27971	4
1191	38297	4
1192	2211	4
1192	2995	4
1192	2998	4
1192	3003	4
1192	3005	4
1192	8806	4
1192	10395	4
1192	20336	4
1192	20615	4
1192	20617	4
1192	20620	4
1192	24569	4
1192	28319	4
1192	29416	4
1192	29429	4
1192	29718	4
1192	30686	4
1192	30689	4
1192	31100	4
1192	31110	4
1192	31412	4
1192	31488	4
1192	32042	4
1192	32046	4
1192	32050	4
1192	32051	4
1192	32057	4
1192	32070	4
1192	32212	4
1192	32394	4
1192	33130	4
1192	33429	4
1192	33453	4
1192	33588	4
1192	34333	4
1192	35223	4
1192	35258	4
1192	36196	4
1192	36254	4
1192	36332	4
1192	36472	4
1192	36500	4
1192	36503	4
1192	36510	4
1192	36523	4
1192	37177	4
1192	37178	4
1192	37676	4
1192	37692	4
1192	37702	4
1192	38301	4
1192	38303	4
1192	38305	4
1192	38306	4
1192	38307	4
1192	38309	4
1192	38311	4
1192	38312	4
1192	38314	4
1192	38316	4
1192	38317	4
1192	38321	4
1192	38322	4
1192	38324	4
1192	38326	4
1192	38328	4
1192	38329	4
1192	38331	4
1192	38332	4
1192	38333	4
1192	38335	4
1192	38336	4
1192	38339	4
1192	38343	4
1192	38345	4
1192	38350	4
1192	38351	4
1192	38352	4
1192	38353	4
1192	38354	4
1192	38355	4
1192	38356	4
1192	38357	4
1192	38358	4
1192	38361	4
1192	38363	4
1192	38366	4
1192	38368	4
1192	38371	4
1192	38372	4
1192	38373	4
1192	38374	4
1192	38375	4
1192	38376	4
1192	38377	4
1192	38378	4
1192	38379	4
1192	38381	4
1192	38384	4
1192	38385	4
1192	38386	4
1192	38387	4
1192	38390	4
1192	38395	4
1192	38398	4
1192	38399	4
1192	38403	4
1192	38404	4
1192	38405	4
1192	38406	4
1192	38408	4
1192	38412	4
1192	38416	4
1192	38418	4
1192	38419	4
1192	38420	4
1192	38422	4
1192	38426	4
1192	38428	4
1192	38430	4
1192	38432	4
1192	38433	4
1192	38434	4
1192	38435	4
1192	38437	4
1192	38439	4
1192	38440	4
1192	38444	4
1192	38445	4
1192	38446	4
1192	47322	4
1192	71344	4
1192	71347	4
1192	77406	4
1192	77414	4
1192	78377	4
1192	78383	4
1192	78936	4
1192	78937	4
1192	78940	4
1192	78942	4
1192	78943	4
1192	78944	4
1192	78945	4
1192	78946	4
1192	78947	4
1192	78949	4
1192	78950	4
1192	78956	4
1192	78957	4
1192	78958	4
1192	78960	4
1192	78961	4
1192	78964	4
1192	78965	4
1192	78966	4
1192	78967	4
1192	78968	4
1192	78969	4
1193	3009	4
1193	10405	4
1193	20621	4
1193	20623	4
1193	20625	4
1193	24964	4
1193	26877	4
1193	38450	4
1193	72123	4
1193	78972	4
1193	78973	4
1193	78974	4
1194	24831	4
1194	26142	4
1194	26151	4
1194	27371	4
1194	31346	4
1195	10413	4
1195	23991	4
1195	27938	4
1195	32898	4
1195	78988	4
1195	78990	4
1195	78992	4
1196	278	4
1196	466	4
1196	1369	4
1196	24752	4
1196	25194	4
1196	25563	4
1196	26734	4
1196	31781	4
1196	32914	4
1196	75007	4
1196	76623	4
1197	228	4
1197	3013	4
1197	19030	4
1197	20105	4
1197	27371	4
1197	30447	4
1197	35614	4
1197	38477	4
1197	38478	4
1197	71493	4
1197	72809	4
1197	74676	4
1197	76823	4
1197	78994	4
1197	78997	4
1198	17	4
1198	191	4
1198	1409	4
1198	1504	4
1198	1860	4
1198	7510	4
1198	7626	4
1198	8546	4
1198	8606	4
1198	8609	4
1198	9400	4
1198	9726	4
1198	10255	4
1198	10305	4
1198	10418	4
1198	10424	4
1198	10430	4
1198	10433	4
1198	18826	4
1198	18942	4
1198	19406	4
1198	19444	4
1198	23775	4
1198	23777	4
1198	23783	4
1198	23806	4
1198	23824	4
1198	23855	4
1198	23857	4
1198	23865	4
1198	23897	4
1198	23899	4
1198	23909	4
1198	24063	4
1198	24090	4
1198	24092	4
1198	24094	4
1198	24129	4
1198	24368	4
1198	24397	4
1198	24415	4
1198	24422	4
1198	24518	4
1198	24621	4
1198	24626	4
1198	25042	4
1198	25073	4
1198	25468	4
1198	25475	4
1198	25494	4
1198	25838	4
1198	25993	4
1198	26039	4
1198	26281	4
1198	26304	4
1198	26322	4
1198	26337	4
1198	26517	4
1198	26554	4
1198	26591	4
1198	26594	4
1198	26596	4
1198	26781	4
1198	27274	4
1198	27449	4
1198	27690	4
1198	28131	4
1198	28210	4
1198	28211	4
1198	28216	4
1198	28261	4
1198	28297	4
1198	28354	4
1198	28591	4
1198	28957	4
1198	29418	4
1198	29426	4
1198	29874	4
1198	29956	4
1198	29991	4
1198	30794	4
1198	30795	4
1198	31759	4
1198	31840	4
1198	31850	4
1198	32110	4
1198	32369	4
1198	33285	4
1198	34385	4
1198	35124	4
1198	37328	4
1198	38491	4
1198	38492	4
1198	38494	4
1198	38495	4
1198	38497	4
1198	71419	4
1198	71542	4
1198	71554	4
1198	71924	4
1198	72430	4
1198	72753	4
1198	72902	4
1198	72964	4
1198	73001	4
1198	73002	4
1198	73044	4
1198	73478	4
1198	73753	4
1198	73760	4
1198	73784	4
1198	74140	4
1198	74570	4
1198	74674	4
1198	74707	4
1198	74708	4
1198	76279	4
1198	77021	4
1198	77524	4
1198	77892	4
1198	78159	4
1198	78998	4
1198	79001	4
1198	79003	4
1198	79005	4
1198	79006	4
1198	79013	4
1198	79015	4
1199	1282	4
1199	24774	4
1199	25283	4
1199	26803	4
1199	27424	4
1199	28337	4
1199	32210	4
1199	33945	4
1199	34056	4
1200	89	4
1200	7509	4
1200	7951	4
1200	7996	4
1200	8045	4
1200	8111	4
1200	8606	4
1200	8762	4
1200	8830	4
1200	18899	4
1200	19179	4
1200	23804	4
1200	23806	4
1200	23807	4
1200	23813	4
1200	23818	4
1200	23832	4
1200	23899	4
1200	24094	4
1200	24403	4
1200	24545	4
1200	24552	4
1200	24556	4
1200	24633	4
1200	24883	4
1200	25002	4
1200	25144	4
1200	25474	4
1200	25476	4
1200	26042	4
1200	26304	4
1200	26517	4
1200	26542	4
1200	26584	4
1200	26854	4
1200	27022	4
1200	27235	4
1200	27261	4
1200	27346	4
1200	27586	4
1200	28120	4
1200	28310	4
1200	28330	4
1200	28596	4
1200	30242	4
1200	30790	4
1200	31251	4
1200	31252	4
1200	31794	4
1200	38499	4
1200	38500	4
1200	71223	4
1200	71352	4
1200	71411	4
1200	71743	4
1200	72249	4
1200	72904	4
1200	72958	4
1200	73446	4
1200	73478	4
1200	74392	4
1200	75251	4
1200	76789	4
1200	79018	4
1200	79019	4
1200	79021	4
1201	3020	4
1201	10199	4
1201	10440	4
1201	24173	4
1201	24205	4
1201	24797	4
1201	35149	4
1201	38505	4
1201	38506	4
1201	38507	4
1201	79031	4
1202	1374	4
1202	24913	4
1202	71819	4
1203	3022	4
1203	16538	4
1203	38509	4
1203	79033	4
1204	3024	4
1204	8569	4
1204	16539	4
1204	20636	4
1204	20637	4
1204	24550	4
1204	26468	4
1204	27985	4
1204	38511	4
1204	38512	4
1204	71805	4
1205	10205	4
1205	10446	4
1205	10447	4
1205	23804	4
1205	24145	4
1205	24612	4
1205	25227	4
1205	25490	4
1205	26304	4
1205	26386	4
1205	26591	4
1205	27067	4
1205	27107	4
1205	27690	4
1205	29239	4
1205	33698	4
1205	35377	4
1205	38513	4
1205	44896	4
1205	72663	4
1205	72999	4
1205	74585	4
1205	76801	4
1206	19337	4
1206	24659	4
1206	25243	4
1206	25272	4
1206	25884	4
1206	32536	4
1206	34703	4
1206	35429	4
1206	36980	4
1206	38514	4
1206	38515	4
1206	38517	4
1206	38518	4
1206	38519	4
1206	38520	4
1206	38523	4
1206	38524	4
1206	38526	4
1206	38529	4
1206	45184	4
1206	79041	4
1206	79046	4
1206	79048	4
1207	3028	4
1207	20639	4
1207	71825	4
1207	79052	4
1208	438	4
1208	25762	4
1208	71636	4
1209	10453	4
1209	23778	4
1209	25005	4
1209	25006	4
1209	25218	4
1209	26556	4
1209	27210	4
1209	27261	4
1209	27281	4
1209	28261	4
1209	28923	4
1209	29375	4
1209	29845	4
1209	34887	4
1209	35692	4
1209	71986	4
1209	73522	4
1210	94	4
1210	175	4
1210	1586	4
1210	2701	4
1210	3029	4
1210	10454	4
1210	10455	4
1210	10458	4
1210	16541	4
1210	19271	4
1210	24466	4
1210	72211	4
1210	72613	4
1210	74165	4
1210	76552	4
1210	79057	4
1210	79058	4
1210	79059	4
1210	79062	4
1210	79064	4
1211	248	4
1211	8046	4
1211	8328	4
1211	10459	4
1211	26050	4
1211	26154	4
1211	26589	4
1211	27148	4
1211	27171	4
1211	28122	4
1211	28194	4
1211	31430	4
1211	31441	4
1211	33659	4
1211	34510	4
1211	71913	4
1212	190	4
1212	8798	4
1212	16542	4
1212	19133	4
1212	19522	4
1212	20436	4
1212	23783	4
1212	24105	4
1212	24118	4
1212	24403	4
1212	26337	4
1212	26340	4
1212	27673	4
1212	28627	4
1212	28691	4
1212	32133	4
1212	32368	4
1212	36099	4
1212	37472	4
1212	37828	4
1212	38536	4
1212	38538	4
1212	38540	4
1212	38541	4
1212	71298	4
1212	78097	4
1212	79068	4
1212	79073	4
1212	79074	4
1213	10464	4
1213	10465	4
1213	23727	4
1213	27618	4
1213	29055	4
1213	36738	4
1213	38544	4
1213	79083	4
1214	8058	4
1214	8892	4
1214	23802	4
1214	23832	4
1214	24092	4
1214	24114	4
1214	24326	4
1214	24407	4
1214	24454	4
1214	24509	4
1214	24511	4
1214	24537	4
1214	25033	4
1214	25467	4
1214	25488	4
1214	25494	4
1214	26358	4
1214	26800	4
1214	27010	4
1214	27164	4
1214	33285	4
1214	35311	4
1214	38548	4
1214	73780	4
1214	79087	4
1215	292	4
1215	7681	4
1215	25549	4
1215	26097	4
1215	26254	4
1215	28629	4
1215	30329	4
1215	38553	4
1216	186	4
1216	252	4
1216	313	4
1216	7502	4
1216	10466	4
1216	10467	4
1216	18844	4
1216	20647	4
1216	23698	4
1216	23793	4
1216	23800	4
1216	23802	4
1216	23903	4
1216	23911	4
1216	23924	4
1216	23926	4
1216	23931	4
1216	23936	4
1216	24031	4
1216	24033	4
1216	24067	4
1216	24108	4
1216	24245	4
1216	24325	4
1216	24364	4
1216	24375	4
1216	24441	4
1216	24452	4
1216	24775	4
1216	24865	4
1216	24871	4
1216	24899	4
1216	25072	4
1216	25206	4
1216	25249	4
1216	25434	4
1216	25437	4
1216	25459	4
1216	25460	4
1216	25506	4
1216	25607	4
1216	25613	4
1216	25614	4
1216	25618	4
1216	25622	4
1216	25965	4
1216	26238	4
1216	26573	4
1216	26786	4
1216	27358	4
1216	27397	4
1216	27545	4
1216	27786	4
1216	27936	4
1216	29461	4
1216	30270	4
1216	30453	4
1216	30718	4
1216	31204	4
1216	31327	4
1216	33828	4
1216	35934	4
1216	38554	4
1216	38557	4
1216	38563	4
1216	71197	4
1216	71260	4
1216	71265	4
1216	71273	4
1216	71296	4
1216	71450	4
1216	73381	4
1216	74720	4
1216	75230	4
1216	75932	4
1216	77791	4
1216	79096	4
1217	2046	4
1217	25344	4
1217	25527	4
1217	25747	4
1217	25935	4
1217	27653	4
1217	27986	4
1217	30598	4
1217	30599	4
1217	36227	4
1217	38567	4
1217	38569	4
1217	38571	4
1217	38573	4
1218	24108	4
1218	24569	4
1218	24600	4
1218	25307	4
1218	28972	4
1218	38578	4
1218	38579	4
1218	71489	4
1218	73508	4
1218	76810	4
1218	77421	4
1218	77423	4
1218	78472	4
1218	79106	4
1218	79107	4
1219	23987	4
1219	25731	4
1219	26102	4
1219	26243	4
1219	27487	4
1219	27493	4
1220	7875	4
1220	23698	4
1220	23701	4
1220	24325	4
1220	24330	4
1220	24364	4
1220	24930	4
1220	25204	4
1220	25443	4
1220	25458	4
1220	30118	4
1220	38596	4
1221	3034	4
1221	20648	4
1221	24023	4
1221	24080	4
1221	24338	4
1221	24417	4
1221	24465	4
1221	24691	4
1221	24896	4
1221	24918	4
1221	24945	4
1221	25622	4
1221	25717	4
1221	28914	4
1221	29007	4
1221	30015	4
1221	30328	4
1221	32894	4
1221	35548	4
1221	71636	4
1221	76166	4
1221	79111	4
1222	3035	4
1222	10468	4
1222	23899	4
1222	24098	4
1222	24511	4
1222	26535	4
1222	27581	4
1223	1293	4
1223	24000	4
1223	24264	4
1223	25959	4
1223	26381	4
1223	26388	4
1223	27731	4
1223	27740	4
1223	28033	4
1223	28395	4
1223	28938	4
1223	28941	4
1223	29194	4
1223	29224	4
1223	29999	4
1223	30199	4
1223	30443	4
1223	30449	4
1223	31613	4
1223	32438	4
1223	32494	4
1223	33011	4
1223	35136	4
1223	38610	4
1223	38611	4
1223	38612	4
1223	38615	4
1223	38616	4
1223	79119	4
1223	79120	4
1224	341	4
1224	1662	4
1224	3036	4
1224	3037	4
1224	24297	4
1224	25380	4
1224	25518	4
1224	26488	4
1224	27371	4
1224	27938	4
1224	28416	4
1224	28752	4
1224	29223	4
1224	29787	4
1224	32469	4
1224	34166	4
1224	38617	4
1224	71817	4
1224	73856	4
1224	75533	4
1224	79122	4
1225	27	4
1225	94	4
1225	278	4
1225	441	4
1225	476	4
1225	1180	4
1225	1187	4
1225	1717	4
1225	3039	4
1225	3040	4
1225	3041	4
1225	3042	4
1225	3043	4
1225	3045	4
1225	3046	4
1225	16548	4
1225	18942	4
1225	19098	4
1225	20286	4
1225	24981	4
1225	24990	4
1225	24991	4
1225	25076	4
1225	25082	4
1225	25100	4
1225	25102	4
1225	25151	4
1225	25172	4
1225	25198	4
1225	25539	4
1225	26000	4
1225	28080	4
1225	28085	4
1225	29183	4
1225	31441	4
1225	34996	4
1225	35348	4
1225	36082	4
1225	38620	4
1225	38622	4
1225	79126	4
1225	79127	4
1226	3049	4
1226	10334	4
1226	16550	4
1226	18844	4
1226	19295	4
1226	23750	4
1226	25230	4
1226	25899	4
1226	26772	4
1226	27017	4
1226	27206	4
1226	34956	4
1226	38137	4
1226	38631	4
1226	38636	4
1226	71253	4
1226	72667	4
1226	73146	4
1226	73160	4
1226	74542	4
1226	74646	4
1226	74652	4
1226	76253	4
1226	78824	4
1226	79131	4
1226	79141	4
1226	79142	4
1226	79145	4
1226	79147	4
1227	3044	4
1227	25223	4
1227	29097	4
1227	71429	4
1228	29354	4
1229	256	4
1229	26046	4
1229	28115	4
1229	79156	4
1229	79157	4
1230	25940	4
1230	29635	4
1230	77533	4
1231	3055	4
1231	3056	4
1231	3057	4
1231	3058	4
1231	9364	4
1231	10478	4
1231	19201	4
1231	19292	4
1231	20656	4
1231	24381	4
1231	27218	4
1231	31756	4
1231	33950	4
1231	38498	4
1231	38648	4
1231	38649	4
1231	38650	4
1231	38655	4
1231	45190	4
1231	76090	4
1232	1293	4
1232	16556	4
1232	27750	4
1232	28402	4
1232	29238	4
1232	29734	4
1232	29736	4
1232	30190	4
1232	30343	4
1232	30346	4
1232	32117	4
1232	32549	4
1232	32627	4
1232	33135	4
1232	34729	4
1232	34862	4
1232	38656	4
1232	38662	4
1232	38663	4
1232	38667	4
1232	38668	4
1232	38669	4
1232	38671	4
1232	38673	4
1232	38676	4
1232	38680	4
1232	38681	4
1232	38684	4
1232	38687	4
1232	38688	4
1232	38691	4
1232	38692	4
1232	38693	4
1232	71935	4
1232	72680	4
1232	73556	4
1232	73773	4
1232	75239	4
1232	76559	4
1232	79159	4
1232	79161	4
1232	79164	4
1232	79165	4
1232	79168	4
1232	79169	4
1233	185	4
1233	3061	4
1233	16557	4
1233	24053	4
1233	24072	4
1233	24074	4
1233	24300	4
1233	24715	4
1233	25116	4
1233	25384	4
1233	25731	4
1233	26496	4
1233	26554	4
1233	29513	4
1233	29518	4
1233	30247	4
1233	32286	4
1233	32287	4
1233	32983	4
1233	32984	4
1233	32985	4
1233	33933	4
1233	34040	4
1233	34115	4
1233	34206	4
1233	34291	4
1233	34413	4
1233	34414	4
1233	35212	4
1233	35611	4
1233	36119	4
1233	38698	4
1233	38699	4
1233	38702	4
1233	71599	4
1233	74927	4
1233	75033	4
1233	79111	4
1233	79177	4
1233	79179	4
1234	3062	4
1234	7562	4
1234	20660	4
1234	20663	4
1234	20664	4
1234	20668	4
1234	20670	4
1234	28292	4
1234	29419	4
1234	31828	4
1234	38287	4
1234	38714	4
1234	38719	4
1234	38722	4
1234	38724	4
1234	79181	4
1234	79182	4
1234	79183	4
1234	79184	4
1235	3063	4
1235	3066	4
1235	3067	4
1235	10494	4
1235	19485	4
1235	20674	4
1235	24774	4
1235	26204	4
1235	26214	4
1235	26409	4
1235	30164	4
1235	33289	4
1235	34271	4
1235	37837	4
1235	38728	4
1235	38733	4
1235	38735	4
1235	38738	4
1235	38739	4
1235	77829	4
1235	79192	4
1235	79193	4
1235	79195	4
1235	79196	4
1235	79197	4
1236	30665	4
1236	31028	4
1236	31044	4
1236	31239	4
1236	33060	4
1237	10495	4
1237	20677	4
1237	33106	4
1237	38749	4
1237	71634	4
1237	79200	4
1238	18840	4
1238	23856	4
1238	25486	4
1238	25544	4
1238	25640	4
1238	38752	4
1238	38757	4
1238	74474	4
1238	79059	4
1238	79205	4
1238	79207	4
1239	38761	4
1240	622	4
1240	3072	4
1240	10501	4
1240	16426	4
1240	19073	4
1240	19346	4
1240	27125	4
1240	27180	4
1240	31428	4
1240	32645	4
1240	35490	4
1240	37300	4
1240	38484	4
1240	38762	4
1240	38764	4
1240	79218	4
1240	79221	4
1242	2582	4
1242	24076	4
1242	24639	4
1242	24767	4
1242	25451	4
1242	25507	4
1242	26061	4
1242	26484	4
1242	27971	4
1242	28472	4
1242	29155	4
1242	71214	4
1242	71625	4
1243	288	4
1243	296	4
1243	9784	4
1243	20682	4
1243	20684	4
1243	24011	4
1243	24517	4
1243	24530	4
1243	24602	4
1243	25045	4
1243	25172	4
1243	26506	4
1243	27347	4
1243	28426	4
1243	28553	4
1243	29130	4
1243	31660	4
1243	32134	4
1243	33659	4
1243	38774	4
1243	72768	4
1243	74471	4
1243	78265	4
1243	79229	4
1243	79230	4
1243	79233	4
1243	79239	4
1244	24283	4
1244	35204	4
1244	77996	4
1245	3080	4
1245	26484	4
1245	27543	4
1245	32388	4
1245	79100	4
1246	28293	4
1246	38778	4
1248	19005	4
1248	23772	4
1248	23775	4
1248	23781	4
1248	23786	4
1248	24031	4
1248	24094	4
1248	24541	4
1248	24553	4
1248	24554	4
1248	24627	4
1248	24632	4
1248	25480	4
1248	25635	4
1248	26315	4
1248	26506	4
1248	26996	4
1248	27680	4
1248	28262	4
1248	28269	4
1248	29726	4
1248	30824	4
1248	34887	4
1248	38779	4
1248	73446	4
1248	79243	4
1249	572	4
1249	2941	4
1249	9167	4
1249	23727	4
1249	23870	4
1249	23922	4
1249	24100	4
1249	24122	4
1249	24461	4
1249	24462	4
1249	24885	4
1249	25113	4
1249	25114	4
1249	25183	4
1249	25225	4
1249	25227	4
1249	25356	4
1249	25527	4
1249	25556	4
1249	25656	4
1249	25771	4
1249	25899	4
1249	25952	4
1249	25958	4
1249	26423	4
1249	26772	4
1249	27069	4
1249	27573	4
1249	28149	4
1249	28354	4
1249	28557	4
1249	29047	4
1249	29071	4
1249	29949	4
1249	30846	4
1249	32859	4
1249	34469	4
1249	35150	4
1249	37697	4
1249	37709	4
1249	71617	4
1249	74994	4
1250	33124	4
1250	38789	4
1250	71307	4
1250	71816	4
1250	73803	4
1251	2899	4
1251	23835	4
1251	25113	4
1251	25498	4
1251	25527	4
1251	28985	4
1251	38790	4
1252	10520	4
1252	24063	4
1252	28031	4
1253	744	4
1253	16574	4
1253	16576	4
1253	18924	4
1253	20352	4
1253	23770	4
1253	24405	4
1253	26318	4
1253	26759	4
1253	27160	4
1253	27681	4
1253	28212	4
1253	28389	4
1253	29835	4
1253	31759	4
1253	34593	4
1253	35009	4
1253	38792	4
1253	38794	4
1253	71663	4
1253	72030	4
1253	72169	4
1253	72818	4
1253	72874	4
1253	73201	4
1253	73753	4
1253	75959	4
1253	77362	4
1253	79011	4
1253	79252	4
1253	79264	4
1254	6	4
1254	117	4
1254	194	4
1254	744	4
1254	1487	4
1254	7626	4
1254	7639	4
1254	8300	4
1254	8330	4
1254	18813	4
1254	18818	4
1254	18945	4
1254	19310	4
1254	20170	4
1254	23702	4
1254	23810	4
1254	23813	4
1254	23832	4
1254	23858	4
1254	23890	4
1254	23899	4
1254	23903	4
1254	23959	4
1254	24012	4
1254	24036	4
1254	24058	4
1254	24076	4
1254	24293	4
1254	24378	4
1254	24390	4
1254	24408	4
1254	24410	4
1254	24465	4
1254	24466	4
1254	24636	4
1254	24700	4
1254	24840	4
1254	24876	4
1254	25205	4
1254	25443	4
1254	25455	4
1254	25494	4
1254	25622	4
1254	25623	4
1254	26876	4
1254	27023	4
1254	27251	4
1254	27934	4
1254	28465	4
1254	28621	4
1254	29414	4
1254	29432	4
1254	30543	4
1254	30730	4
1254	31266	4
1254	31279	4
1254	31348	4
1254	31850	4
1254	31961	4
1254	32280	4
1254	32865	4
1254	33055	4
1254	33288	4
1254	33954	4
1254	35692	4
1254	38352	4
1254	71265	4
1254	71636	4
1254	71659	4
1254	71731	4
1254	71742	4
1254	71912	4
1254	71964	4
1254	71975	4
1254	71987	4
1254	72058	4
1254	72612	4
1254	72768	4
1254	72920	4
1254	73440	4
1254	73548	4
1254	73770	4
1254	76591	4
1254	77487	4
1254	77687	4
1254	78474	4
1254	78627	4
1254	79275	4
1254	79276	4
1254	79285	4
1254	79287	4
1256	19176	4
1256	20690	4
1256	24048	4
1256	36933	4
1256	38806	4
1256	38807	4
1256	38808	4
1256	38809	4
1257	7687	4
1257	18895	4
1257	19026	4
1257	23690	4
1257	23701	4
1257	23704	4
1257	23706	4
1257	23757	4
1257	23858	4
1257	24031	4
1257	24271	4
1257	24275	4
1257	24364	4
1257	24471	4
1257	24702	4
1257	24721	4
1257	24775	4
1257	26094	4
1257	26573	4
1257	28758	4
1257	29462	4
1257	30281	4
1257	30544	4
1257	30628	4
1257	31676	4
1257	38812	4
1257	79293	4
1258	2868	4
1258	24502	4
1258	25459	4
1258	72494	4
1259	10368	4
1259	19090	4
1259	19677	4
1259	20691	4
1259	34027	4
1259	72166	4
1259	75394	4
1260	726	4
1260	901	4
1260	2973	4
1260	3095	4
1260	10530	4
1260	24562	4
1260	25150	4
1260	25230	4
1260	25236	4
1260	25627	4
1260	25659	4
1260	25677	4
1260	25759	4
1260	25772	4
1260	25778	4
1260	28901	4
1260	30423	4
1260	31301	4
1260	31853	4
1261	7579	4
1261	9491	4
1261	23774	4
1261	23816	4
1261	23822	4
1261	23861	4
1261	23945	4
1261	23959	4
1261	24608	4
1261	26759	4
1261	28208	4
1261	28312	4
1261	30737	4
1261	31076	4
1261	35780	4
1261	38491	4
1261	45063	4
1261	71964	4
1262	20163	4
1262	23772	4
1262	24407	4
1262	24551	4
1262	24621	4
1262	26359	4
1262	28208	4
1262	29445	4
1262	30786	4
1262	35959	4
1262	71343	4
1262	71628	4
1262	72078	4
1262	72770	4
1262	77024	4
1262	79299	4
1263	558	4
1263	637	4
1263	1151	4
1263	3101	4
1263	10539	4
1263	16127	4
1263	20694	4
1263	23786	4
1263	23811	4
1263	24021	4
1263	24040	4
1263	25220	4
1263	26772	4
1263	27058	4
1263	27845	4
1263	28436	4
1263	30289	4
1263	30419	4
1263	30630	4
1263	30649	4
1263	30654	4
1263	30657	4
1263	30659	4
1263	30675	4
1263	30690	4
1263	30852	4
1263	31041	4
1263	31080	4
1263	31086	4
1263	31092	4
1263	31113	4
1263	31140	4
1263	31199	4
1263	31733	4
1263	31744	4
1263	31871	4
1263	31892	4
1263	31933	4
1263	32045	4
1263	32099	4
1263	33382	4
1263	33544	4
1263	33547	4
1263	33564	4
1263	33570	4
1263	33579	4
1263	33587	4
1263	33602	4
1263	33920	4
1263	34185	4
1263	34519	4
1263	35012	4
1263	35017	4
1263	35253	4
1263	35263	4
1263	35638	4
1263	35734	4
1263	35737	4
1263	35746	4
1263	35748	4
1263	36592	4
1263	36611	4
1263	36785	4
1263	38571	4
1263	38820	4
1263	38822	4
1263	38830	4
1263	38831	4
1263	38838	4
1263	38839	4
1263	38843	4
1263	38845	4
1263	38846	4
1263	38847	4
1263	72668	4
1263	73950	4
1263	74413	4
1263	75759	4
1263	75772	4
1263	76401	4
1263	76533	4
1263	77015	4
1263	78144	4
1263	78346	4
1263	79303	4
1263	79305	4
1263	79316	4
1263	79319	4
1263	79320	4
1264	3104	4
1264	16580	4
1264	20696	4
1264	35061	4
1264	35230	4
1264	36506	4
1264	38857	4
1264	79323	4
1264	79324	4
1265	8958	4
1265	10541	4
1265	10543	4
1265	19550	4
1265	23701	4
1265	24058	4
1265	24720	4
1265	34116	4
1265	38858	4
1267	411	4
1267	615	4
1267	1699	4
1267	20705	4
1267	20706	4
1267	24094	4
1267	24715	4
1267	24854	4
1267	25312	4
1267	27558	4
1267	30586	4
1267	36345	4
1267	38487	4
1267	38862	4
1267	38865	4
1267	38866	4
1267	47794	4
1267	72632	4
1267	76118	4
1267	79327	4
1268	2406	4
1268	3105	4
1268	10547	4
1268	16583	4
1268	20708	4
1268	26838	4
1268	28319	4
1268	28936	4
1268	29429	4
1268	30669	4
1268	32054	4
1268	32472	4
1268	32584	4
1268	32678	4
1268	33265	4
1268	36254	4
1268	36472	4
1268	36498	4
1268	37182	4
1268	38871	4
1268	38873	4
1268	38874	4
1268	38875	4
1268	38876	4
1268	45199	4
1268	71243	4
1268	71805	4
1268	71975	4
1268	72403	4
1268	74821	4
1268	74872	4
1268	75155	4
1268	76064	4
1268	77403	4
1268	79239	4
1268	79329	4
1268	79336	4
1268	79344	4
1269	16	4
1269	1197	4
1269	3110	4
1269	7551	4
1269	8983	4
1269	19865	4
1269	20168	4
1269	20710	4
1269	20711	4
1269	20713	4
1269	20714	4
1269	23793	4
1269	23909	4
1269	23922	4
1269	23935	4
1269	24028	4
1269	24057	4
1269	24108	4
1269	24286	4
1269	24383	4
1269	24465	4
1269	24466	4
1269	24471	4
1269	24730	4
1269	25313	4
1269	25459	4
1269	25975	4
1269	27329	4
1269	27691	4
1269	29021	4
1269	31119	4
1269	31206	4
1269	31761	4
1269	35846	4
1269	38884	4
1269	38885	4
1269	38886	4
1269	38888	4
1269	71508	4
1269	72662	4
1269	76547	4
1270	277	4
1270	595	4
1270	2020	4
1270	3111	4
1270	18884	4
1270	19091	4
1270	24064	4
1270	24689	4
1270	24706	4
1270	24840	4
1270	25078	4
1270	25098	4
1270	25392	4
1270	27371	4
1270	30587	4
1270	33716	4
1270	33927	4
1270	38777	4
1270	38890	4
1270	38892	4
1270	38893	4
1270	38897	4
1270	72226	4
1270	72393	4
1270	72398	4
1270	73413	4
1270	74101	4
1270	75247	4
1270	76844	4
1271	659	4
1271	1717	4
1271	3114	4
1271	24262	4
1271	24563	4
1271	24951	4
1271	25091	4
1271	25864	4
1271	25981	4
1271	26013	4
1271	26171	4
1271	26399	4
1271	26431	4
1271	27601	4
1271	27682	4
1271	27995	4
1271	28647	4
1271	28651	4
1271	28777	4
1271	28800	4
1271	29707	4
1271	30227	4
1271	31604	4
1271	31606	4
1271	31888	4
1271	31923	4
1271	32148	4
1271	32946	4
1271	34425	4
1271	34434	4
1271	34447	4
1271	34459	4
1271	34462	4
1271	34704	4
1271	35140	4
1271	37350	4
1271	37357	4
1271	37787	4
1271	38899	4
1271	38900	4
1271	38901	4
1271	38904	4
1271	38905	4
1271	72493	4
1271	75334	4
1271	79358	4
1271	79359	4
1271	79361	4
1272	8014	4
1272	8425	4
1272	8585	4
1272	10091	4
1272	23914	4
1272	23929	4
1272	24970	4
1272	71809	4
1272	71816	4
1272	77989	4
1273	88	4
1273	379	4
1273	435	4
1273	2763	4
1273	10556	4
1273	16048	4
1273	20417	4
1273	20719	4
1273	23747	4
1273	23803	4
1273	23839	4
1273	23856	4
1273	23899	4
1273	24098	4
1273	24551	4
1273	24574	4
1273	24602	4
1273	24611	4
1273	25018	4
1273	25144	4
1273	25476	4
1273	25484	4
1273	25498	4
1273	26118	4
1273	26547	4
1273	26753	4
1273	26780	4
1273	27003	4
1273	27017	4
1273	27117	4
1273	27552	4
1273	27555	4
1273	27678	4
1273	27724	4
1273	28085	4
1273	28316	4
1273	28336	4
1273	29432	4
1273	29790	4
1273	31266	4
1273	31659	4
1273	31765	4
1273	31824	4
1273	31850	4
1273	32027	4
1273	32275	4
1273	33287	4
1273	33919	4
1273	38909	4
1273	38912	4
1273	38914	4
1273	38915	4
1273	38916	4
1273	38918	4
1273	38919	4
1273	45202	4
1273	71219	4
1273	71255	4
1273	73023	4
1273	73623	4
1273	74881	4
1273	76363	4
1273	78602	4
1274	1862	4
1274	16589	4
1274	27305	4
1275	1658	4
1275	3118	4
1275	23904	4
1275	23915	4
1275	23923	4
1275	23938	4
1275	23996	4
1275	24027	4
1275	24266	4
1275	24290	4
1275	24427	4
1275	25252	4
1275	25446	4
1275	25448	4
1275	25959	4
1275	26172	4
1275	26391	4
1275	26428	4
1275	27123	4
1275	27627	4
1275	27642	4
1275	28410	4
1275	30343	4
1275	30723	4
1275	31173	4
1275	31301	4
1275	31339	4
1275	32432	4
1275	32434	4
1275	32442	4
1275	37788	4
1275	38924	4
1275	38925	4
1275	38926	4
1275	38929	4
1275	38931	4
1275	71296	4
1275	74598	4
1275	79364	4
1276	1751	4
1276	2273	4
1276	10559	4
1276	10560	4
1276	10561	4
1276	10563	4
1276	20192	4
1276	30113	4
1276	35892	4
1276	35893	4
1276	35898	4
1276	35909	4
1276	35916	4
1276	35934	4
1276	35935	4
1276	35946	4
1276	36394	4
1276	37614	4
1276	37617	4
1276	38933	4
1276	38938	4
1276	38940	4
1276	38945	4
1276	78269	4
1276	78284	4
1276	79369	4
1276	79370	4
1277	117	4
1277	3080	4
1277	15677	4
1277	15700	4
1277	18886	4
1277	24058	4
1277	30714	4
1277	33387	4
1277	33975	4
1277	36136	4
1277	36902	4
1277	38949	4
1277	38950	4
1277	71957	4
1277	72166	4
1277	77661	4
1277	79374	4
1278	14	4
1278	17	4
1278	21	4
1278	426	4
1278	448	4
1278	606	4
1278	1063	4
1278	1285	4
1278	1845	4
1278	1938	4
1278	3122	4
1278	3123	4
1278	3124	4
1278	3126	4
1278	3129	4
1278	7830	4
1278	7905	4
1278	8200	4
1278	8584	4
1278	8681	4
1278	8850	4
1278	9014	4
1278	9859	4
1278	10565	4
1278	10569	4
1278	10570	4
1278	15772	4
1278	16591	4
1278	16593	4
1278	18934	4
1278	18945	4
1278	18968	4
1278	19290	4
1278	19301	4
1278	20723	4
1278	24012	4
1278	25067	4
1278	25198	4
1278	25421	4
1278	25499	4
1278	25531	4
1278	25673	4
1278	26043	4
1278	26289	4
1278	26306	4
1278	26322	4
1278	26329	4
1278	26330	4
1278	26335	4
1278	26351	4
1278	26705	4
1278	26709	4
1278	27159	4
1278	27175	4
1278	27192	4
1278	27334	4
1278	28194	4
1278	28198	4
1278	28203	4
1278	29329	4
1278	31350	4
1278	31361	4
1278	31427	4
1278	31703	4
1278	31704	4
1278	32133	4
1278	34091	4
1278	36651	4
1278	37801	4
1278	37865	4
1278	37866	4
1278	38954	4
1278	45206	4
1278	71412	4
1278	71629	4
1278	71908	4
1278	71924	4
1278	72029	4
1278	72147	4
1278	72182	4
1278	72874	4
1278	74232	4
1278	75322	4
1278	76382	4
1278	77430	4
1278	78253	4
1278	79376	4
1278	79377	4
1279	1442	4
1279	3133	4
1279	19406	4
1279	26415	4
1279	28886	4
1279	29211	4
1279	30341	4
1279	30432	4
1279	31127	4
1279	33208	4
1279	34344	4
1279	34407	4
1279	36752	4
1279	38284	4
1279	38673	4
1279	38958	4
1279	38960	4
1279	38961	4
1279	38964	4
1279	74844	4
1280	19121	4
1280	23913	4
1280	24096	4
1280	24201	4
1280	26476	4
1280	27940	4
1280	30213	4
1280	37792	4
1280	38967	4
1281	1100	4
1281	1258	4
1281	19593	4
1281	24194	4
1281	24266	4
1281	24371	4
1281	25471	4
1281	25496	4
1281	25639	4
1281	25660	4
1281	25686	4
1281	26233	4
1281	27103	4
1281	27898	4
1281	28463	4
1281	29436	4
1281	29647	4
1281	30015	4
1281	31722	4
1281	33629	4
1281	33753	4
1281	35254	4
1281	36658	4
1281	36914	4
1281	38213	4
1281	38973	4
1281	38975	4
1281	38980	4
1281	71744	4
1282	3136	4
1282	76271	4
1282	79386	4
1283	19060	4
1283	23973	4
1283	24647	4
1283	28781	4
1283	34066	4
1284	292	4
1284	3137	4
1284	16598	4
1284	24513	4
1284	26081	4
1284	29010	4
1284	29012	4
1284	36291	4
1284	38985	4
1284	72579	4
1284	74528	4
1284	79388	4
1285	3138	4
1285	16600	4
1285	18953	4
1285	19923	4
1285	20601	4
1285	23918	4
1285	24503	4
1285	24690	4
1285	25243	4
1285	32793	4
1285	38989	4
1285	38990	4
1286	3121	4
1286	10567	4
1286	25854	4
1286	26313	4
1286	26319	4
1286	26331	4
1286	26333	4
1286	26542	4
1286	26588	4
1286	26596	4
1286	26605	4
1286	26781	4
1286	28954	4
1286	29954	4
1286	29994	4
1286	38992	4
1286	38994	4
1286	71878	4
1286	77155	4
1287	3140	4
1287	19140	4
1287	23911	4
1287	23917	4
1287	24643	4
1287	24831	4
1287	24973	4
1287	25575	4
1287	30626	4
1287	38998	4
1287	39000	4
1287	39002	4
1287	71622	4
1287	71625	4
1287	73508	4
1287	79395	4
1288	43	4
1288	19340	4
1288	23716	4
1288	24274	4
1288	24289	4
1288	24503	4
1288	24663	4
1288	24666	4
1288	24724	4
1288	24768	4
1288	25396	4
1288	25433	4
1288	26767	4
1288	30234	4
1288	39003	4
1288	71309	4
1288	71636	4
1288	73441	4
1288	75273	4
1288	79402	4
1290	592	4
1290	24961	4
1291	10579	4
1291	19096	4
1291	19472	4
1291	19756	4
1291	23815	4
1291	23888	4
1291	24879	4
1291	25427	4
1291	25536	4
1291	26047	4
1291	26589	4
1291	26606	4
1291	26759	4
1291	27978	4
1291	28933	4
1291	28954	4
1291	29145	4
1291	30466	4
1291	30792	4
1291	30797	4
1291	31350	4
1291	31843	4
1292	216	4
1292	278	4
1292	399	4
1292	524	4
1292	1698	4
1292	3145	4
1292	8156	4
1292	19078	4
1292	19343	4
1292	19624	4
1292	24208	4
1292	24598	4
1292	25524	4
1292	25755	4
1292	26990	4
1292	27029	4
1292	27228	4
1292	28024	4
1292	28282	4
1292	28789	4
1292	28871	4
1292	29002	4
1292	29063	4
1292	29105	4
1292	32590	4
1292	32620	4
1292	72001	4
1292	72032	4
1292	73390	4
1292	78534	4
1292	79404	4
1292	79408	4
1292	79411	4
1292	79419	4
1293	8180	4
1293	8322	4
1293	8667	4
1293	10582	4
1293	10583	4
1293	19005	4
1293	20732	4
1293	20734	4
1293	24461	4
1293	25217	4
1293	28864	4
1293	29667	4
1293	34668	4
1293	37091	4
1293	72611	4
1293	73122	4
1293	73156	4
1293	79425	4
1294	23701	4
1294	24056	4
1294	25404	4
1294	25822	4
1294	26890	4
1294	33103	4
1294	79426	4
1294	79427	4
1295	137	4
1295	720	4
1295	1678	4
1295	2092	4
1295	2232	4
1295	3147	4
1295	3150	4
1295	7626	4
1295	9901	4
1295	10585	4
1295	10588	4
1295	16603	4
1295	19020	4
1295	19029	4
1295	20735	4
1295	20737	4
1295	23728	4
1295	25182	4
1295	25325	4
1295	25638	4
1295	25640	4
1295	25853	4
1295	26536	4
1295	26775	4
1295	27090	4
1295	27517	4
1295	28457	4
1295	29064	4
1295	29065	4
1295	30471	4
1295	30850	4
1295	30862	4
1295	31052	4
1295	31147	4
1295	31297	4
1295	31828	4
1295	32031	4
1295	35165	4
1295	37799	4
1295	39019	4
1295	39022	4
1295	39024	4
1295	39025	4
1295	39026	4
1295	39028	4
1295	39029	4
1295	39030	4
1295	39031	4
1295	39034	4
1295	71210	4
1295	71255	4
1295	71346	4
1295	71391	4
1295	71569	4
1295	72021	4
1295	72078	4
1295	72441	4
1295	72452	4
1295	72612	4
1295	72791	4
1295	73559	4
1295	74449	4
1295	76481	4
1295	77153	4
1295	77159	4
1295	78376	4
1295	79430	4
1295	79431	4
1295	79432	4
1295	79434	4
1295	79436	4
1295	79437	4
1295	79438	4
1295	79443	4
1295	79444	4
1295	79447	4
1295	79448	4
1295	79449	4
1295	79451	4
1295	79454	4
1295	79456	4
1295	79457	4
1295	79460	4
1295	79461	4
1295	79462	4
1295	79463	4
1295	79464	4
1295	79465	4
1295	79466	4
1295	79468	4
1295	79469	4
1295	79471	4
1295	79472	4
1295	79478	4
1295	79479	4
1295	79484	4
1295	79485	4
1296	1506	4
1296	2561	4
1296	3153	4
1296	3154	4
1296	26142	4
1296	27457	4
1296	30385	4
1296	32590	4
1296	34096	4
1296	34102	4
1296	37184	4
1296	38452	4
1296	38455	4
1296	38456	4
1296	39036	4
1296	39037	4
1296	39040	4
1296	39044	4
1296	39045	4
1296	39048	4
1296	39050	4
1296	39051	4
1296	73294	4
1296	76861	4
1296	79487	4
1296	79492	4
1297	65	4
1297	3036	4
1297	18812	4
1297	19167	4
1297	19513	4
1297	24027	4
1297	24775	4
1297	25400	4
1297	25552	4
1297	25857	4
1297	29941	4
1297	31416	4
1297	32231	4
1297	34472	4
1297	37107	4
1297	39052	4
1297	39056	4
1297	39058	4
1297	71429	4
1297	71821	4
1297	74101	4
1297	79496	4
1298	43	4
1298	7547	4
1298	8050	4
1298	10144	4
1298	18922	4
1298	23699	4
1298	23924	4
1298	24326	4
1298	24655	4
1298	25613	4
1298	26272	4
1298	27349	4
1298	29462	4
1298	34691	4
1298	34695	4
1298	34710	4
1298	36442	4
1298	37839	4
1298	38242	4
1298	39060	4
1298	39061	4
1298	79499	4
1299	10603	4
1299	10604	4
1299	20743	4
1299	20744	4
1299	30378	4
1299	30384	4
1299	33149	4
1299	38297	4
1299	38302	4
1299	38379	4
1299	39064	4
1299	39066	4
1299	39067	4
1299	39069	4
1299	39071	4
1299	39072	4
1299	39073	4
1299	39076	4
1299	39077	4
1299	39078	4
1299	39080	4
1299	39081	4
1299	39083	4
1299	39084	4
1299	39085	4
1299	39086	4
1299	39087	4
1299	39089	4
1299	39090	4
1299	39091	4
1299	39093	4
1299	39096	4
1299	73818	4
1299	79501	4
1299	79503	4
1299	79506	4
1299	79508	4
1299	79510	4
1299	79511	4
1299	79512	4
1299	79513	4
1299	79514	4
1299	79515	4
1299	79517	4
1299	79518	4
1299	79520	4
1300	228	4
1300	519	4
1300	535	4
1300	592	4
1300	10606	4
1300	15743	4
1300	18825	4
1300	18844	4
1300	18922	4
1300	18923	4
1300	18998	4
1300	19019	4
1300	19030	4
1300	19076	4
1300	19140	4
1300	20379	4
1300	20692	4
1300	20745	4
1300	20746	4
1300	23829	4
1300	23882	4
1300	24012	4
1300	24410	4
1300	24421	4
1300	24535	4
1300	24540	4
1300	24620	4
1300	24621	4
1300	24628	4
1300	25034	4
1300	25042	4
1300	25067	4
1300	25470	4
1300	25845	4
1300	26037	4
1300	26048	4
1300	26285	4
1300	26348	4
1300	26517	4
1300	26524	4
1300	26854	4
1300	27210	4
1300	27588	4
1300	27673	4
1300	27678	4
1300	27683	4
1300	28449	4
1300	29445	4
1300	31279	4
1300	31850	4
1300	34386	4
1300	35936	4
1300	36746	4
1300	37248	4
1300	38530	4
1300	39097	4
1300	39098	4
1300	45213	4
1300	51515	4
1300	71255	4
1300	71356	4
1300	71361	4
1300	71524	4
1300	71542	4
1300	71629	4
1300	71739	4
1300	71743	4
1300	71745	4
1300	71986	4
1300	71991	4
1300	72430	4
1300	72471	4
1300	72506	4
1300	72766	4
1300	72889	4
1300	72937	4
1300	73446	4
1300	73474	4
1300	73528	4
1300	74036	4
1300	74392	4
1300	74479	4
1300	74628	4
1300	74795	4
1300	75751	4
1300	79527	4
1301	475	4
1301	477	4
1301	1192	4
1301	1225	4
1301	1783	4
1301	3165	4
1301	3167	4
1301	3168	4
1301	3171	4
1301	3172	4
1301	3173	4
1301	3175	4
1301	3176	4
1301	3177	4
1301	3178	4
1301	3179	4
1301	10608	4
1301	10609	4
1301	19182	4
1301	19559	4
1301	19653	4
1301	19952	4
1301	20747	4
1301	20750	4
1301	20751	4
1301	24109	4
1301	24381	4
1301	24685	4
1301	24723	4
1301	24933	4
1301	25056	4
1301	25363	4
1301	26391	4
1301	27248	4
1301	27262	4
1301	27372	4
1301	28075	4
1301	28082	4
1301	28149	4
1301	28811	4
1301	29696	4
1301	29773	4
1301	30457	4
1301	30972	4
1301	31391	4
1301	31393	4
1301	31524	4
1301	31529	4
1301	31532	4
1301	31533	4
1301	32515	4
1301	32975	4
1301	33891	4
1301	33945	4
1301	34110	4
1301	35417	4
1301	35425	4
1301	35963	4
1301	36821	4
1301	37712	4
1301	37824	4
1301	38505	4
1301	38507	4
1301	39099	4
1301	39102	4
1301	39105	4
1301	39106	4
1301	39109	4
1301	39110	4
1301	39111	4
1301	39112	4
1301	39128	4
1301	39130	4
1301	39131	4
1301	39138	4
1301	39139	4
1301	39143	4
1301	39151	4
1301	39152	4
1301	39153	4
1301	39155	4
1301	39156	4
1301	39158	4
1301	39160	4
1301	39161	4
1301	39164	4
1301	39166	4
1301	39168	4
1301	58279	4
1301	73521	4
1301	77708	4
1301	79533	4
1301	79535	4
1301	79536	4
1301	79537	4
1301	79538	4
1301	79540	4
1301	79542	4
1301	79545	4
1301	79547	4
1301	79548	4
1301	79550	4
1301	79551	4
1302	2397	4
1302	2398	4
1302	16608	4
1302	45215	4
1302	77359	4
1302	79553	4
1302	79554	4
1302	79557	4
1302	79558	4
1302	79559	4
1303	137	4
1303	287	4
1303	1504	4
1303	1798	4
1303	3182	4
1303	18818	4
1303	19189	4
1303	20359	4
1303	23694	4
1303	23820	4
1303	23909	4
1303	23927	4
1303	24023	4
1303	24066	4
1303	24276	4
1303	24325	4
1303	24338	4
1303	24643	4
1303	24690	4
1303	24836	4
1303	24893	4
1303	25078	4
1303	25548	4
1303	25868	4
1303	26251	4
1303	26849	4
1303	27285	4
1303	27357	4
1303	27363	4
1303	27366	4
1303	27493	4
1303	27496	4
1303	27855	4
1303	28914	4
1303	29146	4
1303	30278	4
1303	30544	4
1303	32141	4
1303	33326	4
1303	34027	4
1303	71473	4
1303	71741	4
1303	72468	4
1304	3184	4
1304	15953	4
1304	16611	4
1304	18872	4
1304	18919	4
1304	19106	4
1304	26716	4
1304	26728	4
1304	27059	4
1304	27538	4
1304	27916	4
1304	36661	4
1304	39180	4
1304	74056	4
1304	77535	4
1304	79565	4
1304	79571	4
1304	79574	4
1305	8683	4
1305	10615	4
1305	19292	4
1305	24371	4
1305	24556	4
1305	25860	4
1305	26039	4
1305	27145	4
1305	27274	4
1305	28080	4
1305	28120	4
1305	28203	4
1305	31712	4
1305	32669	4
1305	32729	4
1305	71314	4
1305	71328	4
1305	72161	4
1305	73017	4
1305	78006	4
1305	78470	4
1305	79576	4
1305	79577	4
1305	79580	4
1305	79583	4
1306	3189	4
1306	19939	4
1306	23711	4
1306	23802	4
1306	23911	4
1306	24274	4
1306	24323	4
1306	24788	4
1306	25260	4
1306	25433	4
1306	26102	4
1306	26113	4
1306	26448	4
1306	26916	4
1306	26964	4
1306	27373	4
1306	29680	4
1306	32889	4
1306	33685	4
1306	34853	4
1306	37082	4
1306	37722	4
1306	39184	4
1306	39185	4
1306	71354	4
1306	76432	4
1306	78978	4
1306	79585	4
1307	9287	4
1307	23698	4
1307	23705	4
1307	23793	4
1307	23858	4
1307	23908	4
1307	23921	4
1307	24500	4
1307	24646	4
1307	25087	4
1307	25393	4
1307	25731	4
1307	25876	4
1307	26104	4
1307	26126	4
1307	26262	4
1307	27570	4
1307	27966	4
1307	29008	4
1307	29940	4
1307	32452	4
1307	38059	4
1307	38077	4
1307	39187	4
1307	79587	4
1308	336	4
1308	607	4
1308	683	4
1308	2063	4
1308	23843	4
1308	23866	4
1308	24405	4
1308	24531	4
1308	24541	4
1308	24545	4
1308	26155	4
1308	26517	4
1308	28199	4
1308	31712	4
1308	31841	4
1308	32162	4
1308	71228	4
1308	71525	4
1308	71964	4
1308	72078	4
1308	73471	4
1308	76752	4
1308	77233	4
1308	77236	4
1308	77265	4
1308	77515	4
1308	79591	4
1309	3190	4
1309	3191	4
1309	20091	4
1309	26139	4
1309	27044	4
1309	27868	4
1309	30720	4
1309	72326	4
1309	79592	4
1309	79593	4
1310	7703	4
1310	18899	4
1310	19103	4
1310	24206	4
1310	25341	4
1310	25344	4
1310	25556	4
1310	25692	4
1310	30605	4
1310	31301	4
1310	31853	4
1310	33634	4
1310	39192	4
1311	24456	4
1311	29140	4
1311	34208	4
1311	39195	4
1312	3193	4
1312	3194	4
1312	20344	4
1312	24651	4
1312	24677	4
1312	24707	4
1312	24904	4
1312	25459	4
1312	26011	4
1312	26017	4
1312	26431	4
1312	29309	4
1312	30252	4
1312	32733	4
1312	37408	4
1312	39197	4
1312	39198	4
1312	74977	4
1313	1384	4
1313	8720	4
1313	10100	4
1313	10398	4
1313	10624	4
1313	16015	4
1313	18948	4
1313	20760	4
1313	20761	4
1313	20767	4
1313	20769	4
1313	23917	4
1313	25613	4
1313	25727	4
1313	25871	4
1313	26194	4
1313	26472	4
1313	27461	4
1313	27561	4
1313	27979	4
1313	29944	4
1313	30669	4
1313	30915	4
1313	30916	4
1313	32050	4
1313	32472	4
1313	32525	4
1313	32681	4
1313	33265	4
1313	36116	4
1313	36485	4
1313	37223	4
1313	37237	4
1313	38392	4
1313	39199	4
1313	39201	4
1313	39206	4
1313	39207	4
1313	39209	4
1313	39210	4
1313	39215	4
1313	39217	4
1313	71842	4
1313	72325	4
1313	76064	4
1313	76635	4
1313	79606	4
1314	24880	4
1314	25726	4
1314	26242	4
1315	459	4
1315	2069	4
1315	3198	4
1315	10630	4
1315	19123	4
1315	19135	4
1315	23712	4
1315	23903	4
1315	24032	4
1315	24334	4
1315	24636	4
1315	24689	4
1315	25391	4
1315	25398	4
1315	26573	4
1315	27485	4
1315	27936	4
1315	30238	4
1315	34718	4
1315	39221	4
1316	3200	4
1316	20771	4
1316	20772	4
1316	25101	4
1316	26389	4
1316	26392	4
1316	26833	4
1316	30202	4
1316	32083	4
1316	32569	4
1316	33172	4
1316	34153	4
1316	74223	4
1316	75127	4
1316	79168	4
1316	79609	4
1317	369	4
1317	3201	4
1317	9755	4
1317	10632	4
1317	10633	4
1317	18919	4
1317	25194	4
1317	26628	4
1317	26689	4
1317	27975	4
1317	28972	4
1317	28980	4
1317	31337	4
1317	33241	4
1317	33649	4
1317	35570	4
1317	35571	4
1317	39222	4
1317	39223	4
1317	39225	4
1317	39226	4
1317	45217	4
1317	54609	4
1317	72365	4
1317	78530	4
1317	79610	4
1317	79611	4
1318	641	4
1318	37491	4
1318	72646	4
1319	7962	4
1319	8300	4
1319	24785	4
1319	24863	4
1319	25391	4
1319	32983	4
1319	37457	4
1319	47794	4
1319	71633	4
1319	76889	4
1320	3204	4
1320	18820	4
1320	24027	4
1320	24642	4
1320	24902	4
1320	27446	4
1320	27537	4
1320	27640	4
1320	28476	4
1320	28684	4
1320	30104	4
1320	37044	4
1320	39232	4
1320	71817	4
1320	79615	4
1320	79617	4
1321	1817	4
1321	8711	4
1321	10642	4
1321	19419	4
1321	19984	4
1321	20652	4
1321	20776	4
1321	20777	4
1321	20778	4
1321	24473	4
1321	24482	4
1321	24490	4
1321	24665	4
1321	24741	4
1321	24765	4
1321	24824	4
1321	25366	4
1321	25369	4
1321	25404	4
1321	25547	4
1321	25738	4
1321	25790	4
1321	25979	4
1321	26446	4
1321	27719	4
1321	28263	4
1321	28333	4
1321	29529	4
1321	29537	4
1321	29539	4
1321	29703	4
1321	30693	4
1321	30974	4
1321	31269	4
1321	31495	4
1321	31496	4
1321	31503	4
1321	31544	4
1321	31548	4
1321	35362	4
1321	35371	4
1321	37560	4
1321	38296	4
1321	39234	4
1321	39235	4
1321	39240	4
1321	39242	4
1321	39243	4
1321	39244	4
1321	72664	4
1321	72939	4
1321	74171	4
1321	74179	4
1321	74305	4
1321	74331	4
1321	75865	4
1321	76613	4
1321	76614	4
1321	76878	4
1321	77194	4
1321	78095	4
1321	78527	4
1321	79619	4
1321	79621	4
1321	79626	4
1321	79628	4
1321	79629	4
1321	79630	4
1321	79634	4
1321	79636	4
1321	79637	4
1322	26437	4
1323	3210	4
1323	77475	4
1324	1973	4
1324	19110	4
1324	39247	4
1324	74579	4
1324	79640	4
1325	23754	4
1325	23765	4
1325	23820	4
1325	23898	4
1325	23903	4
1325	23927	4
1325	23929	4
1325	24028	4
1325	24404	4
1325	24639	4
1325	24767	4
1325	24899	4
1325	24902	4
1325	25258	4
1325	25378	4
1325	25981	4
1325	27364	4
1325	27401	4
1325	27621	4
1325	28131	4
1325	28442	4
1325	29557	4
1325	29784	4
1325	30557	4
1325	39248	4
1325	44947	4
1325	71453	4
1325	71636	4
1325	71648	4
1325	71781	4
1325	71819	4
1326	1504	4
1326	23916	4
1326	25731	4
1326	27351	4
1326	27354	4
1326	27543	4
1326	28007	4
1326	30247	4
1326	34210	4
1326	35197	4
1326	38038	4
1326	39252	4
1327	1	4
1327	7	4
1327	17	4
1327	21	4
1327	29	4
1327	93	4
1327	324	4
1327	330	4
1327	335	4
1327	339	4
1327	398	4
1327	610	4
1327	622	4
1327	623	4
1327	631	4
1327	655	4
1327	1205	4
1327	1346	4
1327	1963	4
1327	2063	4
1327	2244	4
1327	2496	4
1327	3074	4
1327	3186	4
1327	3213	4
1327	3214	4
1327	3215	4
1327	3216	4
1327	3217	4
1327	3219	4
1327	3222	4
1327	3223	4
1327	3224	4
1327	3225	4
1327	3227	4
1327	7628	4
1327	8058	4
1327	16629	4
1327	16630	4
1327	19756	4
1327	20782	4
1327	24612	4
1327	25146	4
1327	25482	4
1327	25640	4
1327	25855	4
1327	26313	4
1327	26350	4
1327	26705	4
1327	29976	4
1327	32096	4
1327	34158	4
1327	36098	4
1327	37762	4
1327	39258	4
1327	55580	4
1327	63117	4
1327	72797	4
1327	72824	4
1327	72837	4
1327	74232	4
1327	79643	4
1327	79644	4
1327	79645	4
1327	79646	4
1327	79647	4
1327	79648	4
1327	79649	4
1327	79651	4
1327	79652	4
1328	30450	4
1328	34154	4
1328	34556	4
1328	39261	4
1329	1968	4
1329	2945	4
1329	8586	4
1329	10647	4
1329	16631	4
1329	20071	4
1329	26744	4
1329	26830	4
1329	28044	4
1329	28051	4
1329	28665	4
1329	29187	4
1329	30450	4
1329	30486	4
1329	33813	4
1329	39265	4
1329	39266	4
1329	39267	4
1329	39270	4
1329	74979	4
1329	79653	4
1329	79654	4
1330	23802	4
1330	25843	4
1331	3230	4
1331	10648	4
1331	19061	4
1331	20784	4
1331	27942	4
1331	36619	4
1331	39275	4
1332	20785	4
1332	23899	4
1332	24505	4
1332	25469	4
1332	27210	4
1332	32468	4
1332	33757	4
1333	728	4
1333	741	4
1333	10650	4
1333	10653	4
1333	18932	4
1333	25056	4
1333	25684	4
1333	25763	4
1333	26057	4
1333	26735	4
1333	27917	4
1333	28416	4
1333	28828	4
1333	28860	4
1333	28891	4
1333	28972	4
1333	32127	4
1333	33673	4
1333	39284	4
1333	45221	4
1333	71694	4
1333	72362	4
1333	73122	4
1333	79657	4
1333	79660	4
1333	79663	4
1333	79666	4
1334	10656	4
1334	18872	4
1334	19560	4
1334	27656	4
1334	27831	4
1334	28319	4
1334	30674	4
1334	73930	4
1334	76953	4
1334	77955	4
1334	79668	4
1334	79670	4
1334	79674	4
1334	79676	4
1335	1718	4
1335	3238	4
1335	7756	4
1335	7937	4
1335	10664	4
1335	10669	4
1335	10671	4
1335	19989	4
1335	20787	4
1335	23866	4
1335	25997	4
1335	26337	4
1335	27993	4
1335	28802	4
1335	30221	4
1335	32149	4
1335	32925	4
1335	34441	4
1335	37511	4
1335	37810	4
1335	37811	4
1335	37916	4
1335	39219	4
1335	39289	4
1335	39294	4
1335	39296	4
1335	39298	4
1335	39300	4
1335	39301	4
1335	39306	4
1335	39307	4
1335	71987	4
1335	78574	4
1335	78933	4
1335	79678	4
1335	79679	4
1335	79681	4
1335	79684	4
1335	79685	4
1335	79688	4
1335	79689	4
1335	79690	4
1335	79691	4
1335	79692	4
1335	79694	4
1335	79696	4
1335	79697	4
1335	79700	4
1335	79702	4
1335	79703	4
1336	1629	4
1336	1654	4
1336	3240	4
1336	7891	4
1336	8077	4
1336	9996	4
1336	10674	4
1336	10675	4
1336	23975	4
1336	24748	4
1336	24835	4
1336	24961	4
1336	25277	4
1336	25283	4
1336	25786	4
1336	26009	4
1336	27441	4
1336	28309	4
1336	28326	4
1336	31226	4
1336	33459	4
1336	39309	4
1336	39312	4
1336	39313	4
1337	26139	4
1338	24357	4
1338	26533	4
1338	39316	4
1338	39318	4
1339	0	4
1339	8	4
1339	1055	4
1339	1151	4
1339	3122	4
1339	3244	4
1339	9949	4
1339	24533	4
1339	25673	4
1339	26304	4
1339	27847	4
1339	31742	4
1339	33382	4
1339	35640	4
1339	71249	4
1339	72586	4
1339	73404	4
1339	79307	4
1339	79715	4
1339	79716	4
1340	117	4
1340	597	4
1340	3246	4
1340	3248	4
1340	3252	4
1340	3254	4
1340	3256	4
1340	7502	4
1340	8639	4
1340	9386	4
1340	10680	4
1340	10681	4
1340	18884	4
1340	18894	4
1340	19237	4
1340	19324	4
1340	20792	4
1340	23700	4
1340	23766	4
1340	24076	4
1340	24293	4
1340	24323	4
1340	24338	4
1340	24471	4
1340	24641	4
1340	24650	4
1340	24675	4
1340	24775	4
1340	24857	4
1340	25126	4
1340	25309	4
1340	25574	4
1340	25712	4
1340	25730	4
1340	26122	4
1340	26578	4
1340	26961	4
1340	27269	4
1340	27929	4
1340	27961	4
1340	29461	4
1340	30261	4
1340	30407	4
1340	30410	4
1340	30913	4
1340	33928	4
1340	34000	4
1340	36262	4
1340	36921	4
1340	38608	4
1340	38752	4
1340	39323	4
1340	39326	4
1340	39328	4
1340	39329	4
1340	39331	4
1340	39333	4
1340	39336	4
1340	39339	4
1340	39340	4
1340	39341	4
1340	39344	4
1340	39346	4
1340	71784	4
1340	72166	4
1340	72517	4
1340	74768	4
1340	79717	4
1340	79718	4
1340	79719	4
1340	79722	4
1340	79724	4
1340	79726	4
1340	79728	4
1340	79733	4
1340	79736	4
1340	79737	4
1341	3258	4
1341	3263	4
1341	3265	4
1341	10687	4
1341	10688	4
1341	16645	4
1341	18917	4
1341	19366	4
1341	20794	4
1341	20796	4
1341	25961	4
1341	27724	4
1341	28979	4
1341	29257	4
1341	29935	4
1341	30909	4
1341	33500	4
1341	38373	4
1341	38440	4
1341	38872	4
1341	39350	4
1341	39352	4
1341	39355	4
1341	39356	4
1341	39359	4
1341	39360	4
1341	45223	4
1341	73669	4
1341	75384	4
1341	79741	4
1341	79744	4
1341	79748	4
1341	79751	4
1341	79756	4
1342	446	4
1342	1272	4
1342	9536	4
1342	10690	4
1342	23878	4
1342	24374	4
1342	25023	4
1342	25418	4
1342	25471	4
1342	25755	4
1342	25996	4
1342	26043	4
1342	26050	4
1342	26287	4
1342	26296	4
1342	26351	4
1342	26365	4
1342	26588	4
1342	26696	4
1342	26759	4
1342	26847	4
1342	27015	4
1342	27141	4
1342	27162	4
1342	27173	4
1342	27184	4
1342	28790	4
1342	29044	4
1342	29433	4
1342	29698	4
1342	29741	4
1342	30128	4
1342	31704	4
1342	31722	4
1342	36631	4
1342	38021	4
1342	39362	4
1342	39363	4
1343	3266	4
1343	20798	4
1343	30501	4
1343	31948	4
1343	39366	4
1343	39368	4
1343	39369	4
1344	1665	4
1344	1667	4
1344	2050	4
1344	2309	4
1344	3267	4
1344	3276	4
1344	10691	4
1344	10692	4
1344	10693	4
1344	10695	4
1344	18923	4
1344	19240	4
1344	20424	4
1344	20799	4
1344	24088	4
1344	28039	4
1344	28082	4
1344	28096	4
1344	28817	4
1344	28820	4
1344	28822	4
1344	28826	4
1344	29764	4
1344	29767	4
1344	29769	4
1344	29772	4
1344	29778	4
1344	29780	4
1344	30056	4
1344	33366	4
1344	33370	4
1344	33873	4
1344	33885	4
1344	35972	4
1344	36045	4
1344	36052	4
1344	36056	4
1344	36059	4
1344	36967	4
1344	37282	4
1344	39371	4
1344	39376	4
1344	39377	4
1344	39378	4
1344	39385	4
1344	71270	4
1344	75630	4
1344	75642	4
1344	75690	4
1344	76425	4
1344	79762	4
1344	79763	4
1344	79765	4
1344	79767	4
1344	79768	4
1344	79771	4
1345	411	4
1345	3278	4
1345	20801	4
1345	23712	4
1345	23800	4
1345	23913	4
1345	24058	4
1345	24063	4
1345	24247	4
1345	24256	4
1345	24345	4
1345	24427	4
1345	24501	4
1345	24637	4
1345	24712	4
1345	24930	4
1345	25387	4
1345	25731	4
1345	26089	4
1345	26111	4
1345	26255	4
1345	27787	4
1345	28071	4
1345	28072	4
1345	28608	4
1345	30120	4
1345	33370	4
1345	34708	4
1345	38787	4
1345	71216	4
1345	71636	4
1345	71705	4
1345	74676	4
1345	79772	4
1346	576	4
1346	8234	4
1346	9036	4
1346	10698	4
1346	25109	4
1346	30506	4
1346	32813	4
1346	34172	4
1346	34583	4
1346	38856	4
1346	73537	4
1346	74692	4
1346	76557	4
1346	76566	4
1346	79775	4
1346	79776	4
1346	79777	4
1346	79780	4
1346	79781	4
1346	79784	4
1346	79785	4
1347	720	4
1347	7857	4
1347	10699	4
1347	10703	4
1347	10705	4
1347	10709	4
1347	10710	4
1347	10711	4
1347	15720	4
1347	16653	4
1347	16654	4
1347	19615	4
1347	20806	4
1347	24538	4
1347	25356	4
1347	25361	4
1347	25652	4
1347	25936	4
1347	25953	4
1347	27080	4
1347	28782	4
1347	29028	4
1347	29714	4
1347	29715	4
1347	29741	4
1347	30424	4
1347	30474	4
1347	32168	4
1347	32594	4
1347	35995	4
1347	36010	4
1347	37795	4
1347	39391	4
1347	39392	4
1347	39394	4
1347	39395	4
1347	39399	4
1347	39400	4
1347	39403	4
1347	39406	4
1347	45224	4
1347	45225	4
1347	45226	4
1347	45232	4
1347	71281	4
1347	71665	4
1347	73116	4
1347	73208	4
1347	73276	4
1347	73358	4
1347	73583	4
1347	75962	4
1347	77068	4
1347	78343	4
1347	79787	4
1347	79796	4
1347	79801	4
1347	79802	4
1347	79808	4
1347	79811	4
1347	79817	4
1348	3283	4
1348	23719	4
1348	23813	4
1348	26772	4
1348	28429	4
1348	28436	4
1348	31035	4
1348	31178	4
1348	35305	4
1348	71867	4
1348	76720	4
1348	79818	4
1348	79821	4
1349	183	4
1349	256	4
1349	1175	4
1349	3284	4
1349	8653	4
1349	8947	4
1349	9186	4
1349	18949	4
1349	19078	4
1349	19108	4
1349	19288	4
1349	19334	4
1349	19674	4
1349	23744	4
1349	23954	4
1349	24012	4
1349	24074	4
1349	24114	4
1349	24135	4
1349	24163	4
1349	24175	4
1349	24527	4
1349	24539	4
1349	24556	4
1349	25024	4
1349	25047	4
1349	25056	4
1349	25067	4
1349	25333	4
1349	25344	4
1349	25419	4
1349	25462	4
1349	25463	4
1349	25556	4
1349	25698	4
1349	25904	4
1349	26419	4
1349	26611	4
1349	26613	4
1349	26781	4
1349	26784	4
1349	27038	4
1349	27074	4
1349	27087	4
1349	27457	4
1349	27646	4
1349	28519	4
1349	29051	4
1349	29275	4
1349	30838	4
1349	32177	4
1349	37790	4
1349	38800	4
1349	38915	4
1349	39283	4
1349	39416	4
1349	79823	4
1350	15689	4
1350	16247	4
1350	19201	4
1350	28297	4
1350	44897	4
1350	45140	4
1350	71356	4
1350	71805	4
1350	71980	4
1350	72068	4
1350	72958	4
1350	75948	4
1350	76569	4
1350	79829	4
1350	79830	4
1350	79831	4
1350	79832	4
1350	79833	4
1350	79834	4
1351	23835	4
1351	28416	4
1351	28946	4
1351	34733	4
1352	2196	4
1352	34017	4
1352	39420	4
1353	36	4
1353	500	4
1353	3285	4
1353	3288	4
1353	8856	4
1353	10716	4
1353	10717	4
1353	10718	4
1353	15743	4
1353	18901	4
1353	19005	4
1353	19176	4
1353	23694	4
1353	23836	4
1353	23880	4
1353	23991	4
1353	24028	4
1353	24096	4
1353	24421	4
1353	24422	4
1353	24429	4
1353	24613	4
1353	24895	4
1353	25046	4
1353	25067	4
1353	25078	4
1353	25854	4
1353	26343	4
1353	26702	4
1353	26841	4
1353	26846	4
1353	27250	4
1353	27586	4
1353	27593	4
1353	27674	4
1353	29946	4
1353	31032	4
1353	31049	4
1353	31176	4
1353	32396	4
1353	32412	4
1353	33030	4
1353	35713	4
1353	36564	4
1353	36701	4
1353	37096	4
1353	39426	4
1353	39428	4
1353	45235	4
1353	71222	4
1353	71228	4
1353	71364	4
1353	71410	4
1353	71741	4
1353	72140	4
1353	72483	4
1353	72787	4
1353	79840	4
1354	3290	4
1354	23979	4
1354	24357	4
1354	24473	4
1354	24477	4
1354	24494	4
1354	24691	4
1354	24748	4
1354	24968	4
1354	25266	4
1354	25295	4
1354	25669	4
1354	25741	4
1354	26195	4
1354	26416	4
1354	26552	4
1354	27408	4
1354	27468	4
1354	27529	4
1354	28155	4
1354	28167	4
1354	33062	4
1354	34060	4
1354	34071	4
1354	35332	4
1354	35698	4
1354	36939	4
1354	37001	4
1354	39438	4
1354	39439	4
1354	39441	4
1354	39444	4
1354	39446	4
1354	71622	4
1354	72965	4
1355	23814	4
1355	24540	4
1355	24803	4
1355	25484	4
1355	25498	4
1355	39454	4
1356	7638	4
1356	23895	4
1356	39456	4
1357	23793	4
1357	23903	4
1357	23938	4
1357	24338	4
1357	24893	4
1357	24964	4
1357	25102	4
1357	26272	4
1357	26448	4
1357	27133	4
1357	29094	4
1357	33828	4
1357	34071	4
1357	34101	4
1357	35123	4
1357	39060	4
1357	39457	4
1358	3297	4
1358	3298	4
1358	3299	4
1358	3300	4
1358	8494	4
1358	10722	4
1358	10724	4
1358	18851	4
1358	19078	4
1358	23780	4
1358	23816	4
1358	23883	4
1358	23909	4
1358	23997	4
1358	24001	4
1358	24412	4
1358	24511	4
1358	25109	4
1358	25721	4
1358	25933	4
1358	25955	4
1358	26272	4
1358	26375	4
1358	26391	4
1358	26392	4
1358	26529	4
1358	26831	4
1358	26887	4
1358	26966	4
1358	26970	4
1358	27630	4
1358	27737	4
1358	27741	4
1358	27759	4
1358	28078	4
1358	28391	4
1358	28410	4
1358	28412	4
1358	28627	4
1358	28732	4
1358	28753	4
1358	28937	4
1358	29138	4
1358	29160	4
1358	29182	4
1358	29214	4
1358	29227	4
1358	29591	4
1358	29799	4
1358	29964	4
1358	29967	4
1358	29997	4
1358	30007	4
1358	30192	4
1358	30346	4
1358	30795	4
1358	31156	4
1358	31158	4
1358	31230	4
1358	32220	4
1358	32228	4
1358	32553	4
1358	32555	4
1358	32571	4
1358	32634	4
1358	32657	4
1358	32660	4
1358	32662	4
1358	32905	4
1358	33143	4
1358	33195	4
1358	33208	4
1358	33852	4
1358	33860	4
1358	34402	4
1358	34502	4
1358	34582	4
1358	34723	4
1358	35289	4
1358	35453	4
1358	35523	4
1358	35754	4
1358	35755	4
1358	36724	4
1358	36752	4
1358	36753	4
1358	36798	4
1358	36816	4
1358	36944	4
1358	37393	4
1358	38262	4
1358	38515	4
1358	39145	4
1358	39219	4
1358	39461	4
1358	39462	4
1358	39463	4
1358	39465	4
1358	39466	4
1358	39467	4
1358	39468	4
1358	39469	4
1358	39470	4
1358	39471	4
1358	39473	4
1358	39475	4
1358	39476	4
1358	39478	4
1358	39479	4
1358	39480	4
1358	39485	4
1358	39486	4
1358	39487	4
1358	39488	4
1358	74158	4
1358	75121	4
1358	78565	4
1358	79845	4
1358	79846	4
1358	79847	4
1358	79849	4
1358	79851	4
1359	26205	4
1360	19935	4
1360	24105	4
1360	24642	4
1360	25409	4
1360	26783	4
1360	27933	4
1360	28209	4
1360	28915	4
1360	29289	4
1360	32894	4
1360	33321	4
1360	33522	4
1360	36063	4
1360	37216	4
1360	39489	4
1360	39495	4
1360	72642	4
1360	72670	4
1360	79852	4
1360	79853	4
1361	191	4
1361	277	4
1361	586	4
1361	3304	4
1361	3307	4
1361	3310	4
1361	3313	4
1361	3314	4
1361	10728	4
1361	16660	4
1361	19030	4
1361	19340	4
1361	20809	4
1361	23868	4
1361	24121	4
1361	29725	4
1361	29729	4
1361	31706	4
1361	31708	4
1361	31750	4
1361	31959	4
1361	32143	4
1361	33690	4
1361	34489	4
1361	35105	4
1361	35894	4
1361	35898	4
1361	35902	4
1361	35903	4
1361	35936	4
1361	35980	4
1361	36947	4
1361	36961	4
1361	37046	4
1361	37276	4
1361	37622	4
1361	39316	4
1361	39498	4
1361	39499	4
1361	39501	4
1361	39502	4
1361	39507	4
1361	39510	4
1361	39512	4
1361	39513	4
1361	39516	4
1361	39518	4
1361	39519	4
1361	39521	4
1361	39522	4
1361	39524	4
1361	39528	4
1361	71745	4
1361	74752	4
1361	78284	4
1361	79866	4
1361	79869	4
1363	743	4
1363	7615	4
1363	7763	4
1363	8826	4
1363	9094	4
1363	23775	4
1363	23786	4
1363	23845	4
1363	23866	4
1363	24031	4
1363	24105	4
1363	24106	4
1363	24945	4
1363	25042	4
1363	25502	4
1363	26013	4
1363	26437	4
1363	27380	4
1363	28206	4
1363	30790	4
1363	31052	4
1363	33685	4
1363	71359	4
1363	72937	4
1363	74397	4
1363	79185	4
1364	606	4
1364	3317	4
1364	8200	4
1364	16664	4
1364	19026	4
1364	19098	4
1364	19428	4
1364	19756	4
1364	23832	4
1364	23878	4
1364	23943	4
1364	24429	4
1364	24443	4
1364	24576	4
1364	24989	4
1364	25490	4
1364	25536	4
1364	25948	4
1364	26051	4
1364	26283	4
1364	26589	4
1364	26754	4
1364	26761	4
1364	27020	4
1364	27029	4
1364	27166	4
1364	29655	4
1364	30303	4
1364	36450	4
1364	37979	4
1364	39532	4
1364	71748	4
1364	73021	4
1364	77557	4
1364	78894	4
1364	79871	4
1364	79873	4
1364	79874	4
1365	3318	4
1365	3319	4
1365	16665	4
1365	18934	4
1365	24789	4
1365	24898	4
1365	26551	4
1365	27007	4
1365	28767	4
1365	31502	4
1365	36805	4
1365	37561	4
1365	39241	4
1365	39533	4
1365	39534	4
1365	39538	4
1365	39541	4
1365	74350	4
1365	76614	4
1365	79632	4
1366	23908	4
1366	24027	4
1366	24977	4
1366	25899	4
1366	26671	4
1366	26681	4
1367	10731	4
1367	36022	4
1367	79877	4
1368	204	4
1368	411	4
1368	2593	4
1368	3321	4
1368	3326	4
1368	3328	4
1368	16669	4
1368	19436	4
1368	24362	4
1368	25396	4
1368	25437	4
1368	26484	4
1368	26489	4
1368	26496	4
1368	26805	4
1368	30178	4
1368	32469	4
1368	71450	4
1368	71622	4
1368	71636	4
1368	72579	4
1368	79226	4
1368	79881	4
1368	79883	4
1368	79885	4
1369	23899	4
1369	24006	4
1369	24011	4
1369	24114	4
1369	24506	4
1369	24602	4
1369	25471	4
1369	25626	4
1369	25771	4
1369	27110	4
1369	27194	4
1369	29656	4
1369	31711	4
1369	39551	4
1369	39552	4
1369	39553	4
1369	44907	4
1370	801	4
1370	10736	4
1370	15699	4
1370	16350	4
1370	16671	4
1370	25527	4
1370	25559	4
1370	25772	4
1370	25914	4
1370	26469	4
1370	28864	4
1370	30518	4
1370	39567	4
1370	71762	4
1370	73893	4
1370	78809	4
1370	79810	4
1370	79894	4
1370	79897	4
1370	79904	4
1370	79910	4
1370	79912	4
1371	2946	4
1371	7899	4
1371	26430	4
1371	30737	4
1372	424	4
1372	932	4
1372	1542	4
1372	3336	4
1372	7829	4
1372	9508	4
1372	9563	4
1372	10741	4
1372	18830	4
1372	18923	4
1372	20815	4
1372	23693	4
1372	23850	4
1372	24007	4
1372	24009	4
1372	24505	4
1372	24518	4
1372	25046	4
1372	25084	4
1372	25476	4
1372	26343	4
1372	26590	4
1372	27004	4
1372	27669	4
1372	27709	4
1372	28087	4
1372	30183	4
1372	31719	4
1372	31765	4
1372	34510	4
1372	37947	4
1372	39569	4
1372	79915	4
1373	18872	4
1373	26380	4
1373	29503	4
1373	39269	4
1373	39570	4
1373	75127	4
1373	79918	4
1374	23701	4
1374	24622	4
1374	24836	4
1374	71990	4
1375	3338	4
1375	23772	4
1375	27847	4
1375	30630	4
1375	30654	4
1375	30684	4
1375	30687	4
1375	31041	4
1375	31914	4
1375	33918	4
1375	34339	4
1375	35797	4
1375	37501	4
1376	2357	4
1376	10745	4
1376	18894	4
1376	26679	4
1376	32059	4
1376	39581	4
1376	39582	4
1376	79922	4
1376	79923	4
1376	79924	4
1377	379	4
1377	7586	4
1377	7923	4
1377	19675	4
1377	23693	4
1377	23783	4
1377	23923	4
1377	24032	4
1377	24122	4
1377	24137	4
1377	25420	4
1377	25673	4
1377	25851	4
1377	25907	4
1377	26043	4
1377	26289	4
1377	26333	4
1377	26501	4
1377	26545	4
1377	26692	4
1377	26758	4
1377	27010	4
1377	27046	4
1377	27160	4
1377	28116	4
1377	28186	4
1377	28203	4
1377	28674	4
1377	28948	4
1377	29461	4
1377	29690	4
1377	31349	4
1377	31418	4
1377	31423	4
1377	32539	4
1377	33694	4
1377	35572	4
1377	39608	4
1377	39611	4
1377	71232	4
1377	71629	4
1377	73752	4
1377	74232	4
1377	78253	4
1377	78292	4
1377	79934	4
1378	19169	4
1378	24496	4
1378	24697	4
1378	25706	4
1378	26552	4
1378	26564	4
1378	31260	4
1378	34413	4
1378	35731	4
1378	36634	4
1378	39614	4
1378	39616	4
1378	39617	4
1378	39618	4
1379	668	4
1379	7697	4
1379	9841	4
1379	10542	4
1379	10750	4
1379	10751	4
1379	10752	4
1379	18818	4
1379	23754	4
1379	24375	4
1379	24914	4
1379	24992	4
1379	25098	4
1379	25201	4
1379	25884	4
1379	25975	4
1379	27486	4
1379	28608	4
1379	28912	4
1379	30237	4
1379	32639	4
1379	34620	4
1379	35276	4
1379	36296	4
1379	36546	4
1379	36801	4
1379	45180	4
1380	72	4
1380	10757	4
1380	10763	4
1380	16676	4
1380	16678	4
1380	16681	4
1380	28292	4
1380	39623	4
1380	39624	4
1380	39625	4
1380	39627	4
1380	39632	4
1380	39634	4
1380	39636	4
1380	39642	4
1380	39647	4
1380	39649	4
1380	39654	4
1380	39659	4
1380	39665	4
1380	39668	4
1380	39669	4
1380	39670	4
1380	39673	4
1380	39677	4
1380	39678	4
1380	39682	4
1380	39687	4
1380	39688	4
1380	39689	4
1380	39690	4
1380	39691	4
1380	39693	4
1380	39696	4
1380	39699	4
1380	39711	4
1380	39712	4
1380	39713	4
1380	39714	4
1380	39719	4
1380	39722	4
1380	39723	4
1380	39725	4
1380	39726	4
1380	39727	4
1380	39729	4
1380	39731	4
1380	39733	4
1380	39738	4
1380	39740	4
1380	39741	4
1380	39742	4
1380	39746	4
1380	39747	4
1380	39750	4
1380	39751	4
1380	39752	4
1380	39756	4
1380	39759	4
1380	39762	4
1380	39764	4
1380	39766	4
1380	39768	4
1380	39769	4
1380	39775	4
1380	39778	4
1380	39781	4
1380	39784	4
1380	39788	4
1380	39792	4
1380	39794	4
1380	39801	4
1380	39804	4
1380	39805	4
1380	39807	4
1380	39810	4
1380	39811	4
1380	45245	4
1380	79937	4
1380	79938	4
1380	79946	4
1380	79947	4
1380	79948	4
1380	79950	4
1380	79952	4
1380	79954	4
1380	79955	4
1380	79957	4
1380	79958	4
1380	79959	4
1380	79960	4
1380	79962	4
1380	79965	4
1380	79966	4
1380	79972	4
1380	79973	4
1380	79976	4
1380	79978	4
1380	79980	4
1380	79981	4
1380	79982	4
1380	79983	4
1380	79987	4
1380	79991	4
1380	79992	4
1380	80000	4
1380	80001	4
1381	221	4
1381	7691	4
1381	20561	4
1381	24031	4
1381	24271	4
1381	24383	4
1381	24977	4
1381	25711	4
1381	25712	4
1381	25725	4
1381	26061	4
1381	27505	4
1381	27726	4
1381	28761	4
1381	31206	4
1381	32008	4
1381	32809	4
1381	71296	4
1381	72398	4
1381	74677	4
1381	80013	4
1382	305	4
1382	10769	4
1382	10771	4
1382	16683	4
1382	20830	4
1382	20832	4
1382	24070	4
1382	25566	4
1382	25805	4
1382	26167	4
1382	26819	4
1382	27574	4
1382	28765	4
1382	33621	4
1382	34063	4
1382	37163	4
1382	39826	4
1382	46679	4
1382	71654	4
1382	71658	4
1382	72070	4
1382	72166	4
1382	72304	4
1382	72307	4
1382	72582	4
1382	72951	4
1382	75305	4
1382	77508	4
1382	78210	4
1382	80015	4
1383	3346	4
1383	24267	4
1383	24338	4
1383	24857	4
1383	25126	4
1383	25458	4
1383	25577	4
1383	25775	4
1383	25956	4
1383	26238	4
1383	27353	4
1383	28466	4
1383	39843	4
1383	72812	4
1383	75273	4
1384	435	4
1384	16685	4
1384	18946	4
1384	18949	4
1384	19137	4
1384	20834	4
1384	23881	4
1384	24178	4
1384	24204	4
1384	25329	4
1384	25330	4
1384	25914	4
1384	26419	4
1384	27071	4
1384	29381	4
1384	29960	4
1384	30424	4
1384	31829	4
1384	32094	4
1384	32594	4
1384	33527	4
1384	33700	4
1384	34886	4
1384	39847	4
1384	71660	4
1384	72188	4
1384	72611	4
1385	9777	4
1385	18917	4
1385	18942	4
1385	19098	4
1385	20835	4
1385	23786	4
1385	23806	4
1385	23824	4
1385	23857	4
1385	23862	4
1385	23899	4
1385	23903	4
1385	24023	4
1385	24386	4
1385	24553	4
1385	24610	4
1385	24709	4
1385	24840	4
1385	25471	4
1385	25480	4
1385	25494	4
1385	26554	4
1385	26559	4
1385	28289	4
1385	28346	4
1385	29375	4
1385	30474	4
1385	30793	4
1385	31308	4
1385	32722	4
1385	32955	4
1385	33098	4
1385	38787	4
1385	39277	4
1385	71388	4
1385	72926	4
1385	80030	4
1386	424	4
1386	3352	4
1386	3354	4
1386	7931	4
1386	10331	4
1386	10774	4
1386	18987	4
1386	19108	4
1386	19232	4
1386	19650	4
1386	23857	4
1386	23861	4
1386	23866	4
1386	25144	4
1386	25214	4
1386	25556	4
1386	25761	4
1386	26469	4
1386	26692	4
1386	26738	4
1386	28979	4
1386	29033	4
1386	29653	4
1386	31997	4
1386	37946	4
1386	39851	4
1386	80032	4
1387	17	4
1387	628	4
1387	877	4
1387	3356	4
1387	15632	4
1387	23851	4
1387	24103	4
1387	24203	4
1387	24385	4
1387	25996	4
1387	26285	4
1387	26287	4
1387	26322	4
1387	26328	4
1387	26356	4
1387	26591	4
1387	26595	4
1387	26596	4
1387	27020	4
1387	28528	4
1387	32923	4
1387	39853	4
1387	39854	4
1387	71249	4
1387	71318	4
1387	71328	4
1387	71344	4
1387	71359	4
1387	71416	4
1387	71419	4
1387	72030	4
1387	72506	4
1387	74389	4
1387	74682	4
1387	74796	4
1387	75186	4
1387	75267	4
1387	75808	4
1387	78016	4
1387	80033	4
1387	80035	4
1387	80036	4
1387	80037	4
1388	1506	4
1388	24162	4
1388	24179	4
1388	25634	4
1388	25771	4
1388	27626	4
1388	39856	4
1389	23802	4
1389	24465	4
1389	24720	4
1389	24766	4
1389	24914	4
1389	25072	4
1389	26964	4
1389	28606	4
1390	1360	4
1390	3362	4
1390	3364	4
1390	10784	4
1390	18934	4
1390	24262	4
1390	25587	4
1390	26011	4
1390	28473	4
1390	28586	4
1390	28597	4
1390	28777	4
1390	28803	4
1390	29003	4
1390	29295	4
1390	30092	4
1390	32144	4
1390	32155	4
1390	32235	4
1390	32749	4
1390	34429	4
1390	34435	4
1390	34466	4
1390	35465	4
1390	37163	4
1390	37537	4
1390	37548	4
1390	39866	4
1390	80046	4
1390	80047	4
1390	80049	4
1391	0	4
1391	24422	4
1391	24438	4
1391	28259	4
1391	71629	4
1391	72770	4
1392	581	4
1392	1028	4
1392	2320	4
1392	3366	4
1392	8323	4
1392	19294	4
1392	20291	4
1392	23694	4
1392	23843	4
1392	24106	4
1392	24163	4
1392	24398	4
1392	25229	4
1392	25563	4
1392	25948	4
1392	26230	4
1392	26232	4
1392	27914	4
1392	28191	4
1392	28316	4
1392	28321	4
1392	28419	4
1392	29360	4
1392	29439	4
1392	32769	4
1392	36957	4
1392	39870	4
1392	44919	4
1392	45250	4
1392	74202	4
1392	74809	4
1392	78827	4
1392	79423	4
1392	80052	4
1392	80055	4
1392	80056	4
1393	2205	4
1393	26286	4
1393	39872	4
1394	3367	4
1394	25459	4
1394	38890	4
1394	80058	4
1395	82	4
1395	2520	4
1395	9389	4
1395	10789	4
1395	18972	4
1395	19070	4
1395	23740	4
1395	23746	4
1395	23804	4
1395	23836	4
1395	23837	4
1395	23861	4
1395	23883	4
1395	24090	4
1395	24406	4
1395	24407	4
1395	24410	4
1395	24556	4
1395	24628	4
1395	25471	4
1395	25477	4
1395	25642	4
1395	25673	4
1395	25855	4
1395	25858	4
1395	26230	4
1395	26597	4
1395	27067	4
1395	27083	4
1395	27093	4
1395	27460	4
1395	27597	4
1395	27671	4
1395	27983	4
1395	28437	4
1395	29414	4
1395	31850	4
1395	31976	4
1395	32098	4
1395	32865	4
1395	34508	4
1395	35803	4
1395	36957	4
1395	37757	4
1395	39877	4
1395	44876	4
1395	71249	4
1395	71356	4
1395	71362	4
1395	71401	4
1395	71416	4
1395	71742	4
1395	71743	4
1395	71857	4
1395	72753	4
1395	72924	4
1395	72926	4
1395	78050	4
1396	8119	4
1397	691	4
1397	7984	4
1397	8587	4
1397	8640	4
1397	9567	4
1397	18945	4
1397	19135	4
1397	19950	4
1397	23706	4
1397	23801	4
1397	23923	4
1397	23924	4
1397	24275	4
1397	24296	4
1397	24325	4
1397	24334	4
1397	24366	4
1397	24504	4
1397	24651	4
1397	24655	4
1397	24775	4
1397	24841	4
1397	24901	4
1397	24976	4
1397	25207	4
1397	25307	4
1397	25397	4
1397	25883	4
1397	25956	4
1397	26266	4
1397	26574	4
1397	26576	4
1397	26686	4
1397	26781	4
1397	27329	4
1397	27360	4
1397	27696	4
1397	28106	4
1397	28921	4
1397	29709	4
1397	30256	4
1397	30557	4
1397	30640	4
1397	31122	4
1397	31618	4
1397	39881	4
1397	39882	4
1397	39885	4
1397	39886	4
1397	71216	4
1397	72804	4
1397	74977	4
1398	643	4
1398	652	4
1398	839	4
1398	10793	4
1398	10794	4
1398	10796	4
1398	19033	4
1398	20818	4
1398	20843	4
1398	20845	4
1398	23973	4
1398	23981	4
1398	24472	4
1398	24496	4
1398	24701	4
1398	25284	4
1398	25286	4
1398	25366	4
1398	25369	4
1398	26206	4
1398	26407	4
1398	26408	4
1398	26416	4
1398	26540	4
1398	26564	4
1398	27132	4
1398	28309	4
1398	28338	4
1398	30115	4
1398	31367	4
1398	32770	4
1398	33047	4
1398	33292	4
1398	34071	4
1398	35327	4
1398	37223	4
1398	39887	4
1398	39892	4
1398	44670	4
1398	45252	4
1398	71375	4
1398	71485	4
1398	71488	4
1398	71500	4
1398	71611	4
1398	72324	4
1398	72518	4
1398	72951	4
1398	72955	4
1398	73746	4
1398	74016	4
1398	74070	4
1398	77165	4
1398	77757	4
1398	79623	4
1398	80064	4
1398	80065	4
1398	80066	4
1398	80070	4
1398	80071	4
1398	80072	4
1398	80074	4
1398	80078	4
1398	80079	4
1399	3373	4
1399	24653	4
1399	27023	4
1399	71426	4
1399	71468	4
1400	18895	4
1400	38920	4
1400	73418	4
1400	80085	4
1401	8168	4
1401	39901	4
1402	28306	4
1402	33066	4
1403	766	4
1403	18884	4
1403	23705	4
1403	23938	4
1403	25627	4
1403	27070	4
1403	30227	4
1403	30230	4
1403	30233	4
1403	39902	4
1403	39904	4
1403	65324	4
1403	80086	4
1404	1728	4
1404	2286	4
1404	7697	4
1404	8240	4
1404	19034	4
1404	19041	4
1404	23698	4
1404	23801	4
1404	24058	4
1404	24333	4
1404	24342	4
1404	24426	4
1404	24655	4
1404	24690	4
1404	24715	4
1404	24721	4
1404	24840	4
1404	24863	4
1404	25382	4
1404	25604	4
1404	25841	4
1404	26097	4
1404	26314	4
1404	27368	4
1404	27642	4
1404	27726	4
1404	32889	4
1404	38555	4
1404	39906	4
1404	39907	4
1404	39908	4
1404	71307	4
1404	71647	4
1404	72654	4
1405	1128	4
1405	3375	4
1405	3377	4
1405	9895	4
1405	10801	4
1405	20848	4
1405	20853	4
1405	23820	4
1405	23923	4
1405	23926	4
1405	23937	4
1405	24276	4
1405	25308	4
1405	25507	4
1405	25575	4
1405	26024	4
1405	26074	4
1405	26496	4
1405	27287	4
1405	27489	4
1405	27496	4
1405	27530	4
1405	27959	4
1405	29088	4
1405	29151	4
1405	29152	4
1405	29155	4
1405	29462	4
1405	30143	4
1405	30212	4
1405	32499	4
1405	33984	4
1405	37106	4
1405	39913	4
1405	39923	4
1405	39931	4
1405	39933	4
1405	39935	4
1405	39937	4
1405	71360	4
1405	75798	4
1405	80089	4
1405	80090	4
1407	24264	4
1407	25135	4
1407	30398	4
1407	39944	4
1407	39945	4
1407	39946	4
1408	155	4
1408	25102	4
1408	26214	4
1408	26911	4
1408	27272	4
1408	27429	4
1408	28284	4
1408	31786	4
1408	38762	4
1408	39472	4
1408	39956	4
1408	39957	4
1408	39958	4
1408	39959	4
1408	39964	4
1408	39965	4
1408	39966	4
1408	39967	4
1408	72091	4
1408	72100	4
1408	80097	4
1408	80098	4
1408	80102	4
1408	80103	4
1408	80106	4
1408	80110	4
1409	3384	4
1409	7987	4
1409	23706	4
1409	23903	4
1409	23923	4
1409	23931	4
1409	24276	4
1409	24776	4
1409	24902	4
1409	25078	4
1409	25392	4
1409	26065	4
1409	26091	4
1409	26122	4
1409	26484	4
1409	27489	4
1409	27500	4
1409	30337	4
1409	39969	4
1409	39971	4
1409	80113	4
1409	80114	4
1410	23926	4
1410	25410	4
1410	27329	4
1410	34031	4
1410	35596	4
1410	36887	4
1410	39973	4
1410	71452	4
1410	80116	4
1411	762	4
1411	2512	4
1411	3389	4
1411	16691	4
1411	16692	4
1411	19014	4
1411	20859	4
1411	25210	4
1411	25562	4
1411	25697	4
1411	25936	4
1411	25958	4
1411	25965	4
1411	26741	4
1411	26775	4
1411	27324	4
1411	31813	4
1411	31857	4
1411	32015	4
1411	33350	4
1411	35617	4
1411	36138	4
1411	38440	4
1411	38605	4
1411	39974	4
1411	39977	4
1411	39979	4
1411	45099	4
1411	71210	4
1411	75051	4
1411	78320	4
1411	78356	4
1411	78935	4
1411	80118	4
1411	80120	4
1411	80121	4
1411	80122	4
1412	2087	4
1412	23914	4
1412	24245	4
1412	24293	4
1412	24333	4
1412	24854	4
1412	27642	4
1412	30053	4
1412	33934	4
1412	35840	4
1412	39980	4
1412	71374	4
1412	71433	4
1412	73817	4
1413	25483	4
1413	25493	4
1413	26092	4
1414	334	4
1414	2499	4
1414	8786	4
1414	10814	4
1414	19206	4
1414	25144	4
1414	25748	4
1414	26545	4
1414	28262	4
1414	28954	4
1414	28965	4
1414	31281	4
1414	31660	4
1414	34093	4
1414	39982	4
1414	39983	4
1414	56496	4
1414	75889	4
1414	79582	4
1415	25072	4
1416	3391	4
1416	28504	4
1416	28700	4
1416	28712	4
1416	32528	4
1416	32841	4
1416	33726	4
1416	35324	4
1416	37012	4
1416	37024	4
1416	39989	4
1416	39991	4
1416	39993	4
1416	39995	4
1416	77063	4
1416	80125	4
1416	80126	4
1416	80127	4
1417	1483	4
1417	3393	4
1417	3396	4
1417	8829	4
1417	9078	4
1417	10119	4
1417	10826	4
1417	10830	4
1417	19340	4
1417	20443	4
1417	25588	4
1417	26012	4
1417	27995	4
1417	28655	4
1417	28777	4
1417	28804	4
1417	29305	4
1417	29309	4
1417	32925	4
1417	34474	4
1417	34682	4
1417	37511	4
1417	37541	4
1417	39303	4
1417	39998	4
1417	40001	4
1417	40002	4
1417	40004	4
1417	46361	4
1418	3399	4
1418	3401	4
1418	20862	4
1418	20864	4
1418	20867	4
1418	20869	4
1418	40011	4
1418	40012	4
1418	40013	4
1418	80132	4
1418	80134	4
1419	7849	4
1420	10348	4
1420	19081	4
1420	24056	4
1420	24359	4
1420	24729	4
1420	25043	4
1420	25056	4
1420	25059	4
1420	25068	4
1420	25402	4
1420	25609	4
1420	26116	4
1420	26271	4
1420	26625	4
1420	27464	4
1420	29014	4
1420	30118	4
1420	30256	4
1420	30332	4
1420	30405	4
1420	33061	4
1420	33104	4
1420	35779	4
1420	37408	4
1420	38502	4
1420	38812	4
1420	39884	4
1420	40018	4
1420	40019	4
1420	40022	4
1420	40024	4
1421	567	4
1421	1514	4
1421	10835	4
1421	23711	4
1421	24399	4
1421	24440	4
1421	24719	4
1421	24757	4
1421	24955	4
1421	24977	4
1421	25072	4
1421	25382	4
1421	25388	4
1421	25400	4
1421	25437	4
1421	25451	4
1421	25600	4
1421	26102	4
1421	26166	4
1421	26484	4
1421	26980	4
1421	27397	4
1421	28060	4
1421	28762	4
1421	29155	4
1421	31609	4
1421	36466	4
1421	37106	4
1421	38099	4
1421	40031	4
1421	71625	4
1421	72389	4
1421	80136	4
1422	916	4
1422	19189	4
1422	23858	4
1422	24069	4
1422	24274	4
1422	25391	4
1422	25885	4
1422	25889	4
1422	29366	4
1422	32539	4
1422	38518	4
1423	1055	4
1423	1067	4
1423	2608	4
1423	3406	4
1423	7979	4
1423	9675	4
1423	9677	4
1423	10838	4
1423	20871	4
1423	23776	4
1423	23786	4
1423	23883	4
1423	24039	4
1423	24040	4
1423	26792	4
1423	27839	4
1423	27849	4
1423	28251	4
1423	29416	4
1423	29647	4
1423	29990	4
1423	30651	4
1423	30654	4
1423	30662	4
1423	31067	4
1423	31086	4
1423	31088	4
1423	31106	4
1423	31878	4
1423	31900	4
1423	31914	4
1423	33039	4
1423	33556	4
1423	33557	4
1423	33570	4
1423	33574	4
1423	33584	4
1423	33595	4
1423	33603	4
1423	34516	4
1423	34607	4
1423	35253	4
1423	35254	4
1423	35255	4
1423	35261	4
1423	35736	4
1423	35737	4
1423	35740	4
1423	35796	4
1423	36880	4
1423	37136	4
1423	37430	4
1423	39245	4
1423	40035	4
1423	40036	4
1423	40038	4
1423	40041	4
1423	40042	4
1423	40043	4
1423	40046	4
1423	73931	4
1423	73934	4
1423	73950	4
1423	73964	4
1423	73983	4
1423	74483	4
1423	75425	4
1423	75428	4
1423	75432	4
1423	75766	4
1423	76533	4
1423	76536	4
1423	76544	4
1423	76962	4
1423	77008	4
1423	77929	4
1423	77932	4
1423	77955	4
1423	78143	4
1423	80138	4
1423	80139	4
1423	80140	4
1423	80145	4
1423	80147	4
1423	80148	4
1423	80149	4
1423	80152	4
1423	80154	4
1423	80155	4
1423	80157	4
1423	80160	4
1423	80163	4
1424	134	4
1424	189	4
1424	398	4
1424	399	4
1424	519	4
1424	530	4
1424	772	4
1424	823	4
1424	838	4
1424	932	4
1424	1063	4
1424	1504	4
1424	7561	4
1424	7628	4
1424	7764	4
1424	7867	4
1424	8030	4
1424	8031	4
1424	8045	4
1424	8098	4
1424	8624	4
1424	8917	4
1424	8932	4
1424	9396	4
1424	10096	4
1424	10840	4
1424	10841	4
1424	10843	4
1424	18882	4
1424	18942	4
1424	18991	4
1424	19005	4
1424	19136	4
1424	19281	4
1424	19851	4
1424	20875	4
1424	20876	4
1424	23782	4
1424	23826	4
1424	23827	4
1424	23834	4
1424	23845	4
1424	23852	4
1424	23855	4
1424	23859	4
1424	23872	4
1424	23884	4
1424	23895	4
1424	24006	4
1424	24007	4
1424	24011	4
1424	24013	4
1424	24094	4
1424	24124	4
1424	24195	4
1424	24321	4
1424	24378	4
1424	24397	4
1424	24405	4
1424	24415	4
1424	24421	4
1424	24430	4
1424	24435	4
1424	24506	4
1424	24541	4
1424	24552	4
1424	24556	4
1424	24602	4
1424	24608	4
1424	24614	4
1424	25018	4
1424	25144	4
1424	25495	4
1424	25640	4
1424	25645	4
1424	25679	4
1424	25683	4
1424	25747	4
1424	26012	4
1424	26013	4
1424	26229	4
1424	26419	4
1424	26517	4
1424	26535	4
1424	26585	4
1424	26851	4
1424	27004	4
1424	27010	4
1424	27115	4
1424	27194	4
1424	27322	4
1424	27324	4
1424	27460	4
1424	27525	4
1424	27686	4
1424	27921	4
1424	27989	4
1424	28131	4
1424	28188	4
1424	28262	4
1424	28297	4
1424	28346	4
1424	28430	4
1424	28555	4
1424	28585	4
1424	28781	4
1424	28981	4
1424	29296	4
1424	30414	4
1424	30636	4
1424	30790	4
1424	31983	4
1424	32704	4
1424	32749	4
1424	32751	4
1424	32874	4
1424	33227	4
1424	35441	4
1424	36472	4
1424	40053	4
1424	40057	4
1424	40058	4
1424	40060	4
1424	40061	4
1424	71218	4
1424	71228	4
1424	71244	4
1424	71255	4
1424	71356	4
1424	71381	4
1424	71413	4
1424	71636	4
1424	71671	4
1424	71805	4
1424	71905	4
1424	71914	4
1424	71987	4
1424	72375	4
1424	72753	4
1424	72959	4
1424	73458	4
1424	74036	4
1424	74038	4
1424	74464	4
1424	74503	4
1424	74872	4
1424	76762	4
1424	77541	4
1424	80169	4
1424	80170	4
1424	80173	4
1424	80175	4
1425	3413	4
1425	9013	4
1425	20878	4
1425	24570	4
1425	24593	4
1425	24596	4
1425	24600	4
1425	26628	4
1425	26644	4
1425	26661	4
1425	26666	4
1425	27482	4
1425	27907	4
1425	28419	4
1425	28999	4
1425	29111	4
1425	29317	4
1425	29349	4
1425	29652	4
1425	29732	4
1425	30922	4
1425	31936	4
1425	31947	4
1425	33647	4
1425	35149	4
1425	36612	4
1425	37126	4
1425	39401	4
1425	40063	4
1425	40064	4
1425	80184	4
1426	72	4
1426	171	4
1426	767	4
1426	19105	4
1426	24564	4
1426	25210	4
1426	25227	4
1426	25896	4
1426	27086	4
1426	30289	4
1426	31300	4
1426	38209	4
1426	74651	4
1427	655	4
1427	2331	4
1427	3415	4
1427	8563	4
1427	8749	4
1427	10850	4
1427	23855	4
1427	23889	4
1427	24164	4
1427	24430	4
1427	25471	4
1427	25673	4
1427	27990	4
1427	28954	4
1427	29421	4
1427	32020	4
1427	35440	4
1427	73555	4
1428	403	4
1428	39019	4
1429	663	4
1429	10851	4
1429	16700	4
1429	20775	4
1429	20883	4
1429	26171	4
1429	28640	4
1429	31602	4
1429	39132	4
1429	40073	4
1429	72506	4
1429	74269	4
1429	74358	4
1429	74361	4
1429	76738	4
1429	80193	4
1429	80194	4
1429	80195	4
1430	3346	4
1430	7554	4
1430	9085	4
1430	24058	4
1430	24426	4
1430	24954	4
1431	90	4
1431	1604	4
1431	2174	4
1431	3121	4
1431	10860	4
1431	18846	4
1431	20884	4
1431	23878	4
1431	24429	4
1431	24617	4
1431	24625	4
1431	24879	4
1431	25421	4
1431	25545	4
1431	26037	4
1431	26761	4
1431	27150	4
1431	27189	4
1431	27200	4
1431	27555	4
1431	27586	4
1431	27593	4
1431	28924	4
1431	29727	4
1431	32645	4
1431	36580	4
1431	37802	4
1431	39529	4
1431	40076	4
1431	40079	4
1431	40082	4
1431	40083	4
1431	40084	4
1431	80200	4
1432	3422	4
1432	10861	4
1432	19374	4
1432	20842	4
1432	20885	4
1432	20887	4
1432	20889	4
1432	23978	4
1432	24357	4
1432	25369	4
1432	27132	4
1432	32827	4
1432	36323	4
1432	36718	4
1432	37837	4
1432	40085	4
1432	40088	4
1432	40093	4
1432	40095	4
1432	40096	4
1432	40097	4
1432	80201	4
1432	80212	4
1432	80213	4
1433	10864	4
1433	23711	4
1433	23979	4
1433	23982	4
1433	23984	4
1433	24481	4
1433	24491	4
1433	24797	4
1433	24968	4
1433	25745	4
1433	27430	4
1433	27468	4
1433	29677	4
1433	32681	4
1433	33472	4
1433	34067	4
1433	38202	4
1433	40099	4
1433	44840	4
1433	71500	4
1433	72426	4
1433	72965	4
1433	80214	4
1433	80217	4
1434	90	4
1434	1285	4
1434	10865	4
1434	20099	4
1434	24613	4
1434	25449	4
1434	27194	4
1434	27725	4
1434	35311	4
1434	37298	4
1434	40100	4
1435	1507	4
1435	1546	4
1435	19694	4
1435	20891	4
1435	23727	4
1435	23730	4
1435	24096	4
1435	24160	4
1435	24179	4
1435	24522	4
1435	25556	4
1435	25563	4
1435	25643	4
1435	25692	4
1435	25703	4
1435	25759	4
1435	25761	4
1435	25764	4
1435	25967	4
1435	26423	4
1435	26764	4
1435	26778	4
1435	27723	4
1435	28030	4
1435	28795	4
1435	29036	4
1435	29047	4
1435	30591	4
1435	30846	4
1435	32588	4
1435	36760	4
1435	37451	4
1435	40103	4
1435	40108	4
1436	8	4
1436	71	4
1436	75	4
1436	228	4
1436	278	4
1436	302	4
1436	378	4
1436	399	4
1436	423	4
1436	500	4
1436	542	4
1436	1860	4
1436	3416	4
1436	3428	4
1436	3433	4
1436	3435	4
1436	7537	4
1436	7730	4
1436	8156	4
1436	8496	4
1436	10524	4
1436	10874	4
1436	18942	4
1436	18950	4
1436	18974	4
1436	19078	4
1436	19355	4
1436	19820	4
1436	19947	4
1436	20892	4
1436	20893	4
1436	23806	4
1436	23839	4
1436	24016	4
1436	24338	4
1436	24552	4
1436	24573	4
1436	24583	4
1436	24592	4
1436	24600	4
1436	25046	4
1436	25857	4
1436	26243	4
1436	26631	4
1436	26681	4
1436	26990	4
1436	27238	4
1436	27460	4
1436	27550	4
1436	27588	4
1436	27689	4
1436	28779	4
1436	28981	4
1436	29002	4
1436	29105	4
1436	29106	4
1436	29115	4
1436	29317	4
1436	29353	4
1436	29355	4
1436	29953	4
1436	29981	4
1436	31938	4
1436	31941	4
1436	31943	4
1436	31946	4
1436	33633	4
1436	33703	4
1436	34801	4
1436	40111	4
1436	40115	4
1436	40117	4
1436	40119	4
1436	40123	4
1436	40124	4
1436	45059	4
1436	45263	4
1436	71388	4
1436	71466	4
1436	71753	4
1436	71982	4
1436	71999	4
1436	72033	4
1436	72143	4
1436	72160	4
1436	72753	4
1436	76762	4
1436	76768	4
1436	77429	4
1436	78405	4
1436	78848	4
1436	80175	4
1436	80221	4
1436	80222	4
1436	80223	4
1436	80224	4
1436	80227	4
1436	80237	4
1436	80238	4
1436	80239	4
1437	23802	4
1437	24326	4
1437	24466	4
1437	24634	4
1437	25207	4
1437	25391	4
1437	25618	4
1437	27487	4
1437	27964	4
1437	31957	4
1437	38969	4
1438	3440	4
1438	3441	4
1438	20895	4
1438	20897	4
1438	23694	4
1438	23824	4
1438	23856	4
1438	24556	4
1438	26366	4
1438	26529	4
1438	27339	4
1438	30791	4
1438	32989	4
1438	35310	4
1438	40127	4
1438	45265	4
1438	71883	4
1438	80240	4
1438	80241	4
1439	207	4
1439	847	4
1439	2694	4
1439	9522	4
1439	10875	4
1439	23727	4
1439	25190	4
1439	25327	4
1439	25643	4
1439	25660	4
1439	25692	4
1439	25697	4
1439	25853	4
1439	27058	4
1439	27067	4
1439	27071	4
1439	27072	4
1439	29043	4
1439	30475	4
1439	30726	4
1439	31841	4
1439	33350	4
1439	37668	4
1439	40128	4
1439	40130	4
1439	71210	4
1439	72814	4
1439	73202	4
1439	74995	4
1439	75788	4
1440	2266	4
1440	2543	4
1440	7536	4
1440	9239	4
1440	9609	4
1440	10876	4
1440	24348	4
1440	40131	4
1440	40132	4
1440	72378	4
1441	904	4
1441	2568	4
1441	7690	4
1441	19340	4
1441	24656	4
1441	25067	4
1441	25144	4
1441	25145	4
1441	25489	4
1441	28120	4
1441	28822	4
1441	28826	4
1441	29754	4
1441	29772	4
1441	29773	4
1441	31150	4
1441	33363	4
1441	35069	4
1441	35918	4
1441	36398	4
1441	37281	4
1441	37436	4
1441	37607	4
1441	39430	4
1441	40135	4
1441	40139	4
1441	40142	4
1441	40145	4
1441	40146	4
1441	40149	4
1441	40153	4
1441	72211	4
1441	75718	4
1441	77708	4
1442	24286	4
1442	26130	4
1443	1540	4
1443	10878	4
1443	10879	4
1443	18932	4
1443	20124	4
1443	20899	4
1443	31494	4
1443	36129	4
1443	36132	4
1443	38521	4
1443	40159	4
1443	40164	4
1443	40165	4
1443	40166	4
1443	40167	4
1443	40168	4
1443	40169	4
1443	40170	4
1443	40171	4
1443	40172	4
1443	79358	4
1443	80247	4
1443	80248	4
1443	80249	4
1444	8	4
1444	27	4
1444	117	4
1444	184	4
1444	198	4
1444	309	4
1444	318	4
1444	477	4
1444	503	4
1444	576	4
1444	651	4
1444	762	4
1444	1047	4
1444	1101	4
1444	1218	4
1444	1272	4
1444	1643	4
1444	1767	4
1444	1937	4
1444	1998	4
1444	2060	4
1444	2071	4
1444	2496	4
1444	2763	4
1444	3113	4
1444	3247	4
1444	3336	4
1444	3415	4
1444	3450	4
1444	3453	4
1444	3454	4
1444	3455	4
1444	3459	4
1444	3461	4
1444	3463	4
1444	3468	4
1444	3469	4
1444	15783	4
1444	16715	4
1444	18818	4
1444	18884	4
1444	18946	4
1444	19049	4
1444	19096	4
1444	19131	4
1444	19178	4
1444	19310	4
1444	19837	4
1444	20678	4
1444	20905	4
1444	23738	4
1444	23782	4
1444	24052	4
1444	24371	4
1444	24378	4
1444	25145	4
1444	26467	4
1444	26699	4
1444	26875	4
1444	27681	4
1444	27914	4
1444	28130	4
1444	30543	4
1444	31058	4
1444	40176	4
1444	40177	4
1444	40180	4
1444	40183	4
1444	40187	4
1444	40192	4
1444	71212	4
1444	71218	4
1444	71629	4
1444	71986	4
1444	72767	4
1444	72868	4
1444	73924	4
1444	76352	4
1444	76601	4
1444	80258	4
1444	80261	4
1444	80262	4
1444	80263	4
1445	3470	4
1445	32305	4
1445	34152	4
1445	40194	4
1445	80267	4
1445	80268	4
1445	80269	4
1446	333	4
1446	954	4
1446	1293	4
1446	7756	4
1446	9350	4
1446	9444	4
1446	10881	4
1446	20405	4
1446	24001	4
1446	25955	4
1446	25959	4
1446	25977	4
1446	26384	4
1446	26744	4
1446	27750	4
1446	28040	4
1446	28041	4
1446	28051	4
1446	28395	4
1446	28402	4
1446	28732	4
1446	28938	4
1446	29179	4
1446	29182	4
1446	29194	4
1446	29223	4
1446	29250	4
1446	29470	4
1446	29481	4
1446	29491	4
1446	29999	4
1446	30006	4
1446	30013	4
1446	30188	4
1446	30197	4
1446	30346	4
1446	30370	4
1446	30496	4
1446	31129	4
1446	32571	4
1446	32614	4
1446	32630	4
1446	33006	4
1446	33126	4
1446	33127	4
1446	33157	4
1446	33162	4
1446	34736	4
1446	34845	4
1446	35523	4
1446	35911	4
1446	36362	4
1446	36473	4
1446	39459	4
1446	39477	4
1446	40197	4
1446	40198	4
1446	40199	4
1446	40200	4
1446	40201	4
1446	40202	4
1446	40203	4
1446	40205	4
1446	40206	4
1446	40214	4
1446	40215	4
1446	72367	4
1446	73224	4
1446	73718	4
1446	73880	4
1446	73882	4
1446	75061	4
1446	75287	4
1446	75553	4
1446	75570	4
1446	77150	4
1446	78416	4
1446	78566	4
1446	78973	4
1446	80270	4
1446	80271	4
1446	80272	4
1446	80273	4
1446	80276	4
1446	80281	4
1446	80283	4
1447	23982	4
1447	28313	4
1448	317	4
1448	474	4
1448	514	4
1448	553	4
1448	677	4
1448	1847	4
1448	7811	4
1448	7871	4
1448	7890	4
1448	7903	4
1448	10883	4
1448	18893	4
1448	23690	4
1448	23793	4
1448	23801	4
1448	23910	4
1448	23914	4
1448	23918	4
1448	24036	4
1448	24096	4
1448	24465	4
1448	24745	4
1448	24863	4
1448	24890	4
1448	24943	4
1448	25127	4
1448	25312	4
1448	25382	4
1448	25384	4
1448	25443	4
1448	25612	4
1448	25721	4
1448	25875	4
1448	25956	4
1448	26448	4
1448	26552	4
1448	27358	4
1448	27397	4
1448	27503	4
1448	27934	4
1448	28349	4
1448	28608	4
1448	29012	4
1448	29316	4
1448	31628	4
1448	33210	4
1448	71307	4
1448	71433	4
1448	71466	4
1448	71484	4
1448	72106	4
1448	72264	4
1448	72378	4
1448	72416	4
1448	72460	4
1448	76517	4
1448	78858	4
1448	78984	4
1448	79091	4
1449	2625	4
1449	30655	4
1449	40217	4
1449	40218	4
1450	35	4
1450	32199	4
1451	8645	4
1451	18827	4
1451	23950	4
1451	24269	4
1451	26043	4
1451	31618	4
1451	79269	4
1451	79271	4
1452	8201	4
1452	10889	4
1452	16722	4
1452	19201	4
1452	23859	4
1452	23879	4
1452	25544	4
1452	26306	4
1452	32337	4
1452	71924	4
1452	72757	4
1452	80287	4
1453	241	4
1453	25118	4
1453	26485	4
1453	28011	4
1453	28344	4
1453	28548	4
1453	32300	4
1453	32804	4
1453	32987	4
1453	34031	4
1453	34042	4
1453	34045	4
1453	34122	4
1453	35206	4
1453	37764	4
1453	38055	4
1453	74702	4
1453	74927	4
1453	74930	4
1453	74937	4
1453	75028	4
1453	76527	4
1453	80288	4
1453	80289	4
1454	28818	4
1454	33383	4
1454	36968	4
1454	73569	4
1455	16	4
1455	125	4
1455	514	4
1455	8656	4
1455	18813	4
1455	18884	4
1455	19406	4
1455	23698	4
1455	23701	4
1455	23706	4
1455	23765	4
1455	23866	4
1455	23926	4
1455	23927	4
1455	23931	4
1455	23936	4
1455	23993	4
1455	24027	4
1455	24028	4
1455	24036	4
1455	24046	4
1455	24067	4
1455	24105	4
1455	24274	4
1455	24330	4
1455	24332	4
1455	24356	4
1455	24364	4
1455	24375	4
1455	24441	4
1455	24465	4
1455	24621	4
1455	24650	4
1455	24655	4
1455	24692	4
1455	24721	4
1455	24795	4
1455	24817	4
1455	25052	4
1455	25095	4
1455	25202	4
1455	25379	4
1455	25441	4
1455	25443	4
1455	25456	4
1455	25513	4
1455	25603	4
1455	25878	4
1455	26094	4
1455	26125	4
1455	26163	4
1455	26474	4
1455	27358	4
1455	27374	4
1455	27458	4
1455	27787	4
1455	27936	4
1455	27940	4
1455	28609	4
1455	28979	4
1455	29136	4
1455	30270	4
1455	30801	4
1455	31308	4
1455	31310	4
1455	38774	4
1455	38784	4
1455	40225	4
1455	40226	4
1455	71216	4
1455	71450	4
1456	25509	4
1456	26830	4
1456	27495	4
1456	28739	4
1456	28776	4
1456	28946	4
1456	29201	4
1456	29204	4
1456	29482	4
1456	30043	4
1456	30198	4
1456	32634	4
1456	33020	4
1456	33154	4
1456	33304	4
1456	34445	4
1456	34506	4
1456	35538	4
1456	36611	4
1456	37845	4
1456	37856	4
1456	38964	4
1456	40227	4
1456	40231	4
1456	40232	4
1456	40233	4
1456	40235	4
1456	40236	4
1456	40239	4
1457	1506	4
1457	3476	4
1457	3477	4
1457	7942	4
1457	8237	4
1457	8667	4
1457	8950	4
1457	10897	4
1457	19422	4
1457	25354	4
1457	25356	4
1457	25359	4
1457	25557	4
1457	25963	4
1457	27920	4
1457	29036	4
1457	29043	4
1457	30551	4
1457	30709	4
1457	32013	4
1457	32164	4
1457	32168	4
1457	36673	4
1457	37677	4
1457	40240	4
1457	73324	4
1457	74905	4
1458	11	4
1458	73	4
1458	641	4
1458	669	4
1458	1374	4
1458	1969	4
1458	3481	4
1458	3484	4
1458	3487	4
1458	7810	4
1458	8213	4
1458	10898	4
1458	10899	4
1458	16723	4
1458	18945	4
1458	18946	4
1458	18949	4
1458	19085	4
1458	19140	4
1458	19176	4
1458	19201	4
1458	19442	4
1458	19675	4
1458	20167	4
1458	20549	4
1458	20913	4
1458	23771	4
1458	23819	4
1458	23861	4
1458	23867	4
1458	23872	4
1458	23895	4
1458	23954	4
1458	24116	4
1458	24118	4
1458	24397	4
1458	24435	4
1458	24450	4
1458	24514	4
1458	24533	4
1458	24543	4
1458	24549	4
1458	24613	4
1458	24621	4
1458	25216	4
1458	25467	4
1458	25468	4
1458	25475	4
1458	25483	4
1458	25490	4
1458	25495	4
1458	25499	4
1458	25860	4
1458	26043	4
1458	26295	4
1458	26301	4
1458	26325	4
1458	26358	4
1458	26415	4
1458	26569	4
1458	26593	4
1458	26698	4
1458	26760	4
1458	26854	4
1458	27015	4
1458	27341	4
1458	27555	4
1458	28131	4
1458	28191	4
1458	28443	4
1458	29447	4
1458	29874	4
1458	31061	4
1458	31286	4
1458	31428	4
1458	31726	4
1458	32103	4
1458	34167	4
1458	36686	4
1458	37380	4
1458	38727	4
1458	40243	4
1458	40244	4
1458	40249	4
1458	40251	4
1458	44738	4
1458	45271	4
1458	45272	4
1458	71375	4
1458	71378	4
1458	71830	4
1458	72208	4
1458	72482	4
1458	72487	4
1458	72488	4
1458	72797	4
1458	73181	4
1458	73404	4
1458	73579	4
1458	73598	4
1458	73623	4
1458	74584	4
1458	75878	4
1458	75923	4
1458	77450	4
1458	77616	4
1458	77677	4
1458	78006	4
1458	80292	4
1458	80293	4
1458	80297	4
1458	80298	4
1458	80301	4
1458	80302	4
1458	80308	4
1458	80309	4
1458	80311	4
1458	80312	4
1458	80315	4
1458	80316	4
1459	24022	4
1460	3489	4
1460	24274	4
1460	27397	4
1461	312	4
1461	847	4
1461	3493	4
1461	3495	4
1461	9521	4
1461	24144	4
1461	24192	4
1461	25190	4
1461	25485	4
1461	25556	4
1461	25685	4
1461	25769	4
1461	26847	4
1461	27067	4
1461	27074	4
1461	28080	4
1461	28220	4
1461	28419	4
1461	28514	4
1461	28903	4
1461	29027	4
1461	30690	4
1461	31851	4
1461	32474	4
1461	32749	4
1461	36721	4
1461	36923	4
1461	44714	4
1461	71258	4
1461	72440	4
1461	74123	4
1461	75268	4
1461	80325	4
1462	10903	4
1462	37152	4
1462	40256	4
1463	3497	4
1463	16730	4
1463	18986	4
1463	20041	4
1463	20914	4
1463	24359	4
1463	26686	4
1463	29066	4
1463	35732	4
1463	40264	4
1463	40265	4
1464	18987	4
1464	23706	4
1464	23918	4
1464	24076	4
1464	24334	4
1464	27799	4
1464	29241	4
1464	31173	4
1464	33321	4
1464	36678	4
1464	40267	4
1464	71647	4
1465	80	4
1465	18917	4
1465	18977	4
1465	19026	4
1465	19080	4
1465	23690	4
1465	23783	4
1465	23786	4
1465	23883	4
1465	24097	4
1465	24118	4
1465	24421	4
1465	24443	4
1465	24883	4
1465	25378	4
1465	25492	4
1465	25541	4
1465	26671	4
1465	26851	4
1465	27007	4
1465	27022	4
1465	27179	4
1465	27458	4
1465	27686	4
1465	28120	4
1465	28434	4
1465	28440	4
1465	28584	4
1465	28703	4
1465	28993	4
1465	29445	4
1465	31282	4
1465	33356	4
1465	71452	4
1465	75409	4
1465	77001	4
1465	77023	4
1465	77692	4
1466	304	4
1466	34056	4
1467	3501	4
1467	19696	4
1467	23744	4
1467	23852	4
1467	23881	4
1467	23909	4
1467	24095	4
1467	24513	4
1467	25692	4
1467	26084	4
1467	27557	4
1467	28065	4
1467	29463	4
1467	30781	4
1467	31525	4
1467	32902	4
1467	35176	4
1467	38887	4
1467	40020	4
1467	40272	4
1467	71364	4
1467	71649	4
1468	3502	4
1468	24026	4
1468	27505	4
1468	27822	4
1468	29759	4
1468	29770	4
1468	32638	4
1468	36046	4
1468	36072	4
1468	37872	4
1468	39456	4
1468	40274	4
1468	40276	4
1468	40277	4
1468	80334	4
1469	7556	4
1469	18894	4
1469	19340	4
1469	23690	4
1469	23914	4
1469	24066	4
1469	24643	4
1469	25272	4
1469	25312	4
1469	25381	4
1469	25435	4
1469	25721	4
1469	26243	4
1469	26411	4
1469	26625	4
1469	27554	4
1469	28629	4
1469	30352	4
1469	34445	4
1469	73106	4
1470	65	4
1470	739	4
1470	894	4
1470	3503	4
1470	3504	4
1470	3505	4
1470	10910	4
1470	16736	4
1470	18821	4
1470	18838	4
1470	18884	4
1470	19026	4
1470	19043	4
1470	19121	4
1470	19140	4
1470	20919	4
1470	20920	4
1470	20922	4
1470	23699	4
1470	23768	4
1470	24023	4
1470	24027	4
1470	24029	4
1470	24052	4
1470	24058	4
1470	24065	4
1470	24068	4
1470	24074	4
1470	24096	4
1470	24326	4
1470	24388	4
1470	24467	4
1470	24715	4
1470	24760	4
1470	24863	4
1470	24899	4
1470	24945	4
1470	24967	4
1470	25305	4
1470	25309	4
1470	25384	4
1470	25437	4
1470	25718	4
1470	25733	4
1470	26114	4
1470	26122	4
1470	26438	4
1470	27489	4
1470	27642	4
1470	27782	4
1470	28085	4
1470	30585	4
1470	31202	4
1470	31416	4
1470	31618	4
1470	32011	4
1470	32074	4
1470	32496	4
1470	32500	4
1470	33021	4
1470	33268	4
1470	33466	4
1470	33530	4
1470	34472	4
1470	36535	4
1470	37387	4
1470	37865	4
1470	40278	4
1470	40279	4
1470	40281	4
1470	40283	4
1470	40285	4
1470	40288	4
1470	40290	4
1470	71216	4
1470	72166	4
1470	72460	4
1470	80340	4
1471	31	4
1471	1083	4
1471	1683	4
1471	10912	4
1471	10913	4
1471	19135	4
1471	23967	4
1471	23969	4
1471	24491	4
1471	24495	4
1471	24752	4
1471	24926	4
1471	25369	4
1471	25547	4
1471	26009	4
1471	26803	4
1471	26823	4
1471	27409	4
1471	27434	4
1471	28270	4
1471	29529	4
1471	30115	4
1471	30760	4
1471	30886	4
1471	31368	4
1471	32689	4
1471	37223	4
1471	71448	4
1471	71472	4
1471	71753	4
1471	80344	4
1471	80346	4
1472	24551	4
1473	13	4
1473	20928	4
1473	23782	4
1473	23921	4
1473	24671	4
1473	25471	4
1473	26854	4
1473	27667	4
1473	28191	4
1473	28670	4
1473	28892	4
1473	34131	4
1473	37491	4
1473	40295	4
1473	40296	4
1473	40301	4
1474	277	4
1474	592	4
1474	10915	4
1474	15907	4
1474	19030	4
1474	20662	4
1474	23690	4
1474	23793	4
1474	23996	4
1474	24012	4
1474	24027	4
1474	25857	4
1474	26111	4
1474	30291	4
1474	72211	4
1474	72739	4
1474	77634	4
1475	23911	4
1475	25391	4
1475	25712	4
1475	26256	4
1475	27806	4
1476	23802	4
1476	24333	4
1476	24945	4
1477	13	4
1477	352	4
1477	435	4
1477	696	4
1477	713	4
1477	2533	4
1477	3508	4
1477	3509	4
1477	3510	4
1477	3512	4
1477	3514	4
1477	3515	4
1477	3517	4
1477	3518	4
1477	3520	4
1477	3523	4
1477	3529	4
1477	7519	4
1477	7777	4
1477	8897	4
1477	9350	4
1477	9651	4
1477	10919	4
1477	10920	4
1477	10922	4
1477	10924	4
1477	10925	4
1477	10932	4
1477	16742	4
1477	18816	4
1477	18922	4
1477	18942	4
1477	19020	4
1477	19215	4
1477	19283	4
1477	19337	4
1477	20124	4
1477	20930	4
1477	20931	4
1477	20934	4
1477	20935	4
1477	23816	4
1477	24299	4
1477	24406	4
1477	24412	4
1477	24461	4
1477	24551	4
1477	25146	4
1477	25564	4
1477	26304	4
1477	26469	4
1477	27340	4
1477	27761	4
1477	28032	4
1477	28699	4
1477	28712	4
1477	28719	4
1477	28971	4
1477	29329	4
1477	29475	4
1477	29487	4
1477	29592	4
1477	29936	4
1477	29960	4
1477	30196	4
1477	30846	4
1477	31458	4
1477	31716	4
1477	33056	4
1477	33813	4
1477	34131	4
1477	35322	4
1477	35324	4
1477	35955	4
1477	36169	4
1477	37984	4
1477	38800	4
1477	39857	4
1477	39994	4
1477	40311	4
1477	40312	4
1477	40314	4
1477	40315	4
1477	40317	4
1477	40320	4
1477	40321	4
1477	40322	4
1477	40325	4
1477	40326	4
1477	40327	4
1477	40328	4
1477	40329	4
1477	40330	4
1477	40332	4
1477	40334	4
1477	40336	4
1477	40337	4
1477	40338	4
1477	40340	4
1477	40341	4
1477	40342	4
1477	40344	4
1477	45279	4
1477	72131	4
1477	73091	4
1477	73099	4
1477	75138	4
1477	77063	4
1477	80007	4
1477	80360	4
1477	80362	4
1477	80365	4
1477	80366	4
1477	80367	4
1477	80368	4
1477	80371	4
1477	80372	4
1477	80373	4
1477	80375	4
1477	80378	4
1477	80380	4
1477	80382	4
1477	80384	4
1477	80385	4
1477	80386	4
1477	80388	4
1477	80390	4
1477	80392	4
1477	80394	4
1477	80397	4
1477	80399	4
1478	10933	4
1478	25329	4
1478	25563	4
1478	26002	4
1478	27324	4
1478	27355	4
1478	27558	4
1478	32915	4
1478	40349	4
1478	40351	4
1478	75526	4
1478	76353	4
1478	80400	4
1478	80401	4
1479	7626	4
1479	8204	4
1479	8309	4
1479	8590	4
1479	9624	4
1479	10935	4
1479	10936	4
1479	19179	4
1479	19926	4
1479	23775	4
1479	23782	4
1479	23806	4
1479	23814	4
1479	23865	4
1479	23872	4
1479	23883	4
1479	23891	4
1479	24612	4
1479	24621	4
1479	24633	4
1479	24792	4
1479	25028	4
1479	25035	4
1479	25045	4
1479	25144	4
1479	25475	4
1479	25480	4
1479	25493	4
1479	25494	4
1479	25544	4
1479	25673	4
1479	26029	4
1479	26586	4
1479	26753	4
1479	26854	4
1479	27320	4
1479	27681	4
1479	28126	4
1479	28348	4
1479	28584	4
1479	30186	4
1479	30718	4
1479	31794	4
1479	33385	4
1479	34509	4
1479	36910	4
1479	40297	4
1479	71220	4
1479	71255	4
1479	71345	4
1479	71647	4
1479	72354	4
1479	73458	4
1479	77548	4
1479	80402	4
1479	80404	4
1479	80405	4
1479	80407	4
1480	2657	4
1480	24326	4
1480	26448	4
1480	44969	4
1480	80410	4
1481	704	4
1481	706	4
1481	26081	4
1481	37056	4
1482	20939	4
1482	24140	4
1482	27071	4
1482	30429	4
1482	34569	4
1483	707	4
1483	3538	4
1483	23704	4
1483	23936	4
1483	23969	4
1483	24105	4
1483	24721	4
1483	24899	4
1483	24964	4
1483	25074	4
1483	25202	4
1483	25616	4
1483	26432	4
1483	26484	4
1483	28293	4
1483	31454	4
1483	35221	4
1483	71941	4
1483	72366	4
1483	79356	4
1484	54	4
1484	1818	4
1484	9260	4
1484	15700	4
1484	18830	4
1484	19651	4
1484	19881	4
1484	23701	4
1484	23902	4
1484	23973	4
1484	23978	4
1484	23981	4
1484	24035	4
1484	24334	4
1484	24349	4
1484	24384	4
1484	24472	4
1484	24649	4
1484	24735	4
1484	24834	4
1484	24857	4
1484	24971	4
1484	24977	4
1484	25078	4
1484	25286	4
1484	25304	4
1484	25366	4
1484	25612	4
1484	25731	4
1484	25785	4
1484	25970	4
1484	26115	4
1484	26195	4
1484	26810	4
1484	27078	4
1484	27719	4
1484	33864	4
1484	34068	4
1484	34071	4
1484	40363	4
1484	45012	4
1484	71489	4
1484	71799	4
1484	71816	4
1484	73572	4
1484	73803	4
1484	74780	4
1484	76165	4
1484	80417	4
1485	3540	4
1485	10942	4
1485	23858	4
1485	24028	4
1485	37594	4
1485	40366	4
1485	40367	4
1485	40368	4
1485	40369	4
1485	40371	4
1485	40373	4
1485	40379	4
1485	40381	4
1485	71939	4
1485	75775	4
1485	78230	4
1485	80420	4
1486	93	4
1486	743	4
1486	3541	4
1486	3542	4
1486	3543	4
1486	7777	4
1486	8810	4
1486	10948	4
1486	10951	4
1486	19622	4
1486	19674	4
1486	20741	4
1486	20903	4
1486	23822	4
1486	23831	4
1486	23843	4
1486	23954	4
1486	24371	4
1486	24385	4
1486	24390	4
1486	24407	4
1486	24556	4
1486	25028	4
1486	25046	4
1486	25054	4
1486	25146	4
1486	25322	4
1486	25492	4
1486	25860	4
1486	26287	4
1486	26322	4
1486	26507	4
1486	26523	4
1486	26592	4
1486	26688	4
1486	26753	4
1486	26760	4
1486	26906	4
1486	26932	4
1486	26961	4
1486	27008	4
1486	27152	4
1486	27343	4
1486	27449	4
1486	27590	4
1486	27742	4
1486	28269	4
1486	28416	4
1486	28424	4
1486	28903	4
1486	28954	4
1486	29138	4
1486	29418	4
1486	29423	4
1486	30787	4
1486	30794	4
1486	31417	4
1486	31797	4
1486	32593	4
1486	33116	4
1486	33452	4
1486	35051	4
1486	36125	4
1486	36477	4
1486	36484	4
1486	36495	4
1486	36496	4
1486	36520	4
1486	36798	4
1486	37011	4
1486	37760	4
1486	39908	4
1486	40180	4
1486	40192	4
1486	40209	4
1486	40388	4
1486	40393	4
1486	40396	4
1486	40397	4
1486	40399	4
1486	40401	4
1486	40403	4
1486	40409	4
1486	40412	4
1486	40415	4
1486	40418	4
1486	40419	4
1486	40422	4
1486	40423	4
1486	40426	4
1486	40427	4
1486	71232	4
1486	71411	4
1486	74254	4
1486	74287	4
1486	75552	4
1486	77518	4
1486	78465	4
1486	80421	4
1486	80422	4
1486	80424	4
1486	80426	4
1486	80432	4
1486	80434	4
1486	80435	4
1486	80436	4
1486	80437	4
1486	80439	4
1486	80440	4
1487	7551	4
1487	7837	4
1487	7993	4
1487	9568	4
1487	10386	4
1487	10962	4
1487	15677	4
1487	18884	4
1487	19779	4
1487	23802	4
1487	24062	4
1487	24333	4
1487	24375	4
1487	24427	4
1487	24689	4
1487	24755	4
1487	24763	4
1487	25382	4
1487	25712	4
1487	25713	4
1487	25822	4
1487	26024	4
1487	26061	4
1487	26113	4
1487	27329	4
1487	27367	4
1487	27374	4
1487	27505	4
1487	27611	4
1487	27804	4
1487	27929	4
1487	27973	4
1487	28469	4
1487	29004	4
1487	29009	4
1487	30212	4
1487	30771	4
1487	32977	4
1487	33025	4
1487	34472	4
1487	36541	4
1487	37755	4
1487	38059	4
1487	38785	4
1487	40430	4
1487	40433	4
1487	40435	4
1487	40436	4
1487	40439	4
1487	44857	4
1487	71493	4
1487	72084	4
1487	75394	4
1487	75824	4
1487	77438	4
1487	80442	4
1488	10963	4
1488	24107	4
1488	24962	4
1488	25492	4
1488	25955	4
1488	30180	4
1488	30553	4
1488	30790	4
1488	34483	4
1488	40447	4
1488	71629	4
1488	72241	4
1488	74745	4
1489	3549	4
1489	19214	4
1489	19667	4
1489	25067	4
1489	31508	4
1489	31581	4
1489	40451	4
1489	40452	4
1489	73021	4
1489	80452	4
1490	870	4
1490	3550	4
1490	3551	4
1490	18923	4
1490	24271	4
1490	25318	4
1490	32925	4
1490	33685	4
1490	71433	4
1491	1198	4
1491	3557	4
1491	3558	4
1491	3559	4
1491	10971	4
1491	16752	4
1491	16753	4
1491	19656	4
1491	20622	4
1491	20951	4
1491	20956	4
1491	31404	4
1491	31410	4
1491	31413	4
1491	31415	4
1491	35200	4
1491	35217	4
1491	35223	4
1491	35364	4
1491	40458	4
1491	40459	4
1491	40461	4
1491	40468	4
1491	40472	4
1491	40479	4
1491	40483	4
1491	40493	4
1491	40498	4
1491	40504	4
1491	40507	4
1491	40508	4
1491	40511	4
1491	40513	4
1491	40516	4
1491	40519	4
1491	40527	4
1491	40528	4
1491	40529	4
1491	40530	4
1491	40533	4
1491	40535	4
1491	40536	4
1491	40538	4
1491	40539	4
1491	40540	4
1491	40544	4
1491	40547	4
1491	40548	4
1491	40553	4
1491	40561	4
1491	40568	4
1491	40573	4
1491	40577	4
1491	40581	4
1491	40582	4
1491	74247	4
1491	74249	4
1491	74250	4
1491	74251	4
1491	74252	4
1491	78950	4
1491	80459	4
1491	80460	4
1491	80462	4
1491	80463	4
1491	80465	4
1491	80469	4
1491	80470	4
1491	80477	4
1491	80478	4
1491	80479	4
1491	80480	4
1491	80481	4
1491	80483	4
1491	80484	4
1491	80487	4
1491	80488	4
1491	80489	4
1491	80498	4
1491	80499	4
1491	80501	4
1491	80502	4
1491	80503	4
1491	80504	4
1491	80511	4
1491	80512	4
1491	80513	4
1491	80514	4
1491	80517	4
1491	80518	4
1491	80519	4
1491	80522	4
1491	80523	4
1491	80524	4
1491	80529	4
1491	80530	4
1491	80534	4
1491	80542	4
1491	80543	4
1491	80546	4
1491	80550	4
1491	80551	4
1491	80553	4
1491	80555	4
1491	80558	4
1491	80560	4
1491	80563	4
1491	80564	4
1491	80571	4
1491	80572	4
1491	80574	4
1491	80575	4
1491	80578	4
1491	80579	4
1491	80583	4
1491	80584	4
1491	80585	4
1491	80586	4
1491	80588	4
1491	80592	4
1491	80593	4
1491	80595	4
1491	80596	4
1491	80599	4
1491	80600	4
1491	80603	4
1491	80604	4
1491	80605	4
1491	80609	4
1491	80610	4
1491	80616	4
1491	80620	4
1491	80622	4
1491	80624	4
1491	80625	4
1491	80628	4
1491	80629	4
1491	80634	4
1491	80635	4
1491	80639	4
1491	80642	4
1491	80645	4
1491	80647	4
1491	80648	4
1491	80654	4
1491	80659	4
1491	80660	4
1491	80662	4
1491	80663	4
1491	80665	4
1491	80667	4
1491	80672	4
1491	80675	4
1491	80678	4
1491	80679	4
1491	80680	4
1491	80684	4
1491	80686	4
1491	80689	4
1491	80690	4
1491	80691	4
1491	80695	4
1491	80696	4
1491	80698	4
1491	80699	4
1491	80701	4
1491	80702	4
1491	80703	4
1491	80706	4
1491	80708	4
1491	80713	4
1491	80716	4
1491	80717	4
1491	80720	4
1491	80721	4
1491	80727	4
1491	80731	4
1491	80734	4
1491	80737	4
1491	80740	4
1491	80742	4
1491	80748	4
1491	80751	4
1491	80754	4
1491	80755	4
1491	80756	4
1491	80758	4
1491	80759	4
1491	80760	4
1491	80764	4
1491	80769	4
1491	80770	4
1491	80773	4
1491	80778	4
1491	80782	4
1491	80783	4
1491	80786	4
1491	80788	4
1491	80790	4
1491	80791	4
1491	80795	4
1491	80799	4
1491	80800	4
1491	80803	4
1491	80804	4
1491	80805	4
1491	80814	4
1491	80816	4
1491	80817	4
1491	80822	4
1491	80825	4
1491	80827	4
1491	80828	4
1491	80829	4
1491	80830	4
1491	80831	4
1491	80834	4
1491	80835	4
1491	80836	4
1491	80839	4
1491	80841	4
1491	80845	4
1491	80853	4
1491	80855	4
1491	80861	4
1491	80865	4
1491	80866	4
1491	80874	4
1491	80878	4
1491	80880	4
1491	80882	4
1491	80883	4
1491	80887	4
1491	80889	4
1491	80890	4
1491	80891	4
1491	80892	4
1491	80894	4
1491	80902	4
1491	80905	4
1491	80907	4
1491	80910	4
1491	80912	4
1491	80918	4
1491	80919	4
1491	80920	4
1491	80922	4
1491	80929	4
1491	80931	4
1491	80933	4
1491	80936	4
1491	80939	4
1491	80941	4
1491	80943	4
1491	80944	4
1491	80947	4
1491	80950	4
1491	80951	4
1491	80957	4
1491	80960	4
1491	80962	4
1491	80967	4
1491	80970	4
1491	80971	4
1491	80975	4
1491	80978	4
1491	80980	4
1491	80983	4
1491	80985	4
1491	80992	4
1491	80994	4
1491	80995	4
1491	80997	4
1491	80999	4
1491	81001	4
1491	81003	4
1491	81005	4
1491	81007	4
1491	81009	4
1491	81011	4
1491	81012	4
1491	81013	4
1491	81015	4
1491	81018	4
1491	81020	4
1491	81025	4
1491	81026	4
1491	81033	4
1491	81034	4
1491	81035	4
1491	81036	4
1491	81037	4
1491	81038	4
1491	81039	4
1491	81040	4
1492	502	4
1492	23937	4
1492	25404	4
1492	25452	4
1492	25506	4
1492	29297	4
1492	31608	4
1492	33321	4
1492	35775	4
1492	73107	4
1492	81044	4
1493	24622	4
1493	26837	4
1493	30128	4
1493	34104	4
1493	81046	4
1494	23806	4
1494	23847	4
1494	23889	4
1494	24533	4
1494	25033	4
1494	25640	4
1494	26301	4
1494	26839	4
1494	27027	4
1494	27136	4
1494	40586	4
1494	71255	4
1494	78042	4
1494	79344	4
1495	117	4
1495	3568	4
1495	3569	4
1495	3570	4
1495	9809	4
1495	10973	4
1495	20960	4
1495	23858	4
1495	24288	4
1495	24338	4
1495	24364	4
1495	24679	4
1495	28106	4
1495	30405	4
1495	30555	4
1495	32454	4
1495	33022	4
1495	40588	4
1495	71817	4
1495	79389	4
1496	23801	4
1496	24058	4
1496	24466	4
1496	25437	4
1496	27333	4
1496	81050	4
1497	1835	4
1497	16760	4
1497	16762	4
1497	30726	4
1497	45099	4
1497	71617	4
1497	76292	4
1498	23702	4
1498	24812	4
1498	25435	4
1498	25949	4
1498	26236	4
1498	27329	4
1498	27779	4
1498	31134	4
1498	40597	4
1498	40598	4
1499	8753	4
1499	25457	4
1500	848	4
1500	2401	4
1500	2972	4
1500	3575	4
1500	10981	4
1500	16764	4
1500	16765	4
1500	16766	4
1500	25214	4
1500	25522	4
1500	25526	4
1500	25648	4
1500	25763	4
1500	25776	4
1500	25921	4
1500	26634	4
1500	27780	4
1500	27898	4
1500	28302	4
1500	28874	4
1500	30422	4
1500	34503	4
1500	36661	4
1500	36745	4
1500	38213	4
1500	40602	4
1500	40603	4
1500	53162	4
1500	72056	4
1500	81057	4
1500	81058	4
1501	23930	4
1502	436	4
1502	10986	4
1502	25190	4
1502	25229	4
1502	27065	4
1503	3577	4
1503	23765	4
1503	23858	4
1503	23996	4
1503	25252	4
1503	25260	4
1503	25457	4
1503	25458	4
1503	26103	4
1503	27612	4
1503	29155	4
1503	38730	4
1503	40608	4
1504	214	4
1504	3578	4
1504	20966	4
1504	24201	4
1504	25236	4
1504	27324	4
1504	40610	4
1504	40611	4
1504	40613	4
1505	185	4
1505	24513	4
1505	24739	4
1505	28604	4
1505	31609	4
1505	32230	4
1506	1739	4
1506	8086	4
1506	10989	4
1506	10990	4
1506	20967	4
1506	26389	4
1506	26391	4
1506	28395	4
1506	28416	4
1506	29209	4
1506	30009	4
1506	30444	4
1506	33152	4
1507	10992	4
1507	16771	4
1507	25277	4
1507	26406	4
1507	26411	4
1507	29467	4
1507	30309	4
1507	77765	4
1508	968	4
1508	23690	4
1508	23718	4
1508	23766	4
1508	23791	4
1508	23919	4
1508	24326	4
1508	24417	4
1508	24690	4
1508	25375	4
1508	25467	4
1508	25607	4
1508	26272	4
1508	26534	4
1508	27642	4
1508	27726	4
1508	28485	4
1508	28670	4
1508	31840	4
1508	32035	4
1508	32128	4
1508	32317	4
1508	32784	4
1508	37734	4
1509	3583	4
1509	20440	4
1509	71396	4
1509	81070	4
1509	81071	4
1510	389	4
1510	426	4
1510	2138	4
1510	3586	4
1510	3588	4
1510	3589	4
1510	20968	4
1510	20969	4
1510	23691	4
1510	27046	4
1510	29751	4
1510	71908	4
1510	72868	4
1510	77620	4
1510	77623	4
1510	79413	4
1511	1158	4
1511	1159	4
1511	23724	4
1511	24203	4
1511	25656	4
1511	26613	4
1511	28419	4
1511	28786	4
1511	29039	4
1511	30532	4
1511	34931	4
1511	35965	4
1511	36133	4
1511	40622	4
1511	40623	4
1511	75514	4
1512	10996	4
1512	15996	4
1512	24371	4
1512	26759	4
1512	27150	4
1512	28294	4
1512	30133	4
1512	31348	4
1512	31717	4
1512	40627	4
1512	40628	4
1512	45294	4
1512	81076	4
1513	1019	4
1513	20970	4
1513	30203	4
1513	30436	4
1513	31469	4
1513	35145	4
1513	39264	4
1514	7509	4
1514	23832	4
1514	23843	4
1514	74141	4
1515	7903	4
1515	19939	4
1515	23698	4
1515	24028	4
1515	24338	4
1515	24361	4
1515	27133	4
1515	27371	4
1515	30409	4
1515	40131	4
1515	71473	4
1515	71489	4
1515	71799	4
1515	72383	4
1515	72447	4
1515	72661	4
1515	74165	4
1515	75131	4
1515	75305	4
1515	75394	4
1515	77260	4
1516	3592	4
1517	823	4
1517	72454	4
1517	75520	4
1517	78067	4
1517	81080	4
1517	81081	4
1517	81082	4
1518	3595	4
1518	3596	4
1518	24565	4
1518	31339	4
1518	31602	4
1518	40635	4
1518	73961	4
1518	81087	4
1518	81090	4
1518	81091	4
1518	81092	4
1519	24654	4
1519	25433	4
1520	1968	4
1520	2088	4
1520	3597	4
1520	19005	4
1520	19070	4
1520	20462	4
1520	20973	4
1520	24612	4
1520	25493	4
1520	25645	4
1520	26695	4
1520	31839	4
1520	32595	4
1520	37308	4
1520	44736	4
1520	71416	4
1521	20169	4
1521	20975	4
1521	27243	4
1521	40645	4
1521	81096	4
1522	1152	4
1522	18813	4
1522	19066	4
1522	24293	4
1522	40431	4
1522	71731	4
1524	29089	4
1524	37495	4
1524	40663	4
1524	40664	4
1524	40666	4
1525	407	4
1525	1578	4
1525	19570	4
1525	20186	4
1525	20985	4
1525	23770	4
1525	23919	4
1525	23967	4
1525	23993	4
1525	24027	4
1525	24759	4
1525	26195	4
1525	26783	4
1525	27547	4
1525	28072	4
1525	30749	4
1525	31283	4
1525	31340	4
1525	31621	4
1525	36850	4
1525	36887	4
1525	38362	4
1525	40673	4
1525	40674	4
1525	40677	4
1525	40678	4
1525	71296	4
1525	71819	4
1525	72978	4
1525	74796	4
1526	2867	4
1526	8014	4
1526	19797	4
1526	23711	4
1526	23768	4
1526	23802	4
1526	23911	4
1526	23935	4
1526	24067	4
1526	24076	4
1526	24105	4
1526	24364	4
1526	24407	4
1526	24745	4
1526	25312	4
1526	25616	4
1526	25727	4
1526	25886	4
1526	26573	4
1526	26767	4
1526	27378	4
1526	27754	4
1526	29155	4
1526	38502	4
1526	71196	4
1526	71508	4
1526	71781	4
1526	72293	4
1526	74772	4
1527	304	4
1527	7891	4
1527	23974	4
1527	23977	4
1527	24470	4
1527	24478	4
1527	24479	4
1527	24482	4
1527	24647	4
1527	24797	4
1527	25067	4
1527	25262	4
1527	25266	4
1527	25304	4
1527	25547	4
1527	25756	4
1527	26532	4
1527	27408	4
1527	27437	4
1527	27468	4
1527	27719	4
1527	27720	4
1527	28091	4
1527	28263	4
1527	28339	4
1527	29126	4
1527	29752	4
1527	30207	4
1527	32684	4
1527	34071	4
1527	34081	4
1527	40687	4
1527	71377	4
1527	72314	4
1527	73096	4
1528	202	4
1528	2818	4
1528	7536	4
1528	8326	4
1528	18885	4
1528	18894	4
1528	24029	4
1528	24345	4
1528	24709	4
1528	24949	4
1528	25375	4
1528	25603	4
1528	25718	4
1528	26477	4
1528	26485	4
1528	26563	4
1528	27487	4
1528	27527	4
1528	28075	4
1528	71216	4
1528	72166	4
1528	75800	4
1529	278	4
1529	339	4
1529	542	4
1529	631	4
1529	878	4
1529	1249	4
1529	3215	4
1529	8804	4
1529	18946	4
1529	18949	4
1529	19131	4
1529	20988	4
1529	20989	4
1529	20990	4
1529	23808	4
1529	23859	4
1529	23889	4
1529	24371	4
1529	24378	4
1529	24385	4
1529	24412	4
1529	24416	4
1529	25046	4
1529	25147	4
1529	25449	4
1529	25858	4
1529	26292	4
1529	26307	4
1529	26792	4
1529	28137	4
1529	28596	4
1529	30132	4
1529	31418	4
1529	31423	4
1529	33094	4
1529	33101	4
1529	34093	4
1529	34382	4
1529	34512	4
1529	36098	4
1529	36651	4
1529	37460	4
1529	40695	4
1529	44802	4
1529	45198	4
1529	71218	4
1529	71241	4
1529	71328	4
1529	71743	4
1529	71748	4
1529	71907	4
1529	72796	4
1529	73770	4
1529	74497	4
1529	74503	4
1529	78663	4
1529	81107	4
1529	81109	4
1529	81110	4
1529	81112	4
1529	81114	4
1530	185	4
1530	223	4
1530	567	4
1530	7549	4
1530	7883	4
1530	9253	4
1530	9959	4
1530	19619	4
1530	23711	4
1530	23797	4
1530	23802	4
1530	23911	4
1530	23914	4
1530	24057	4
1530	24058	4
1530	24079	4
1530	24105	4
1530	24264	4
1530	24268	4
1530	24277	4
1530	24323	4
1530	24338	4
1530	24425	4
1530	24427	4
1530	24444	4
1530	24642	4
1530	24710	4
1530	24714	4
1530	24720	4
1530	24721	4
1530	24739	4
1530	24955	4
1530	24977	4
1530	25072	4
1530	25123	4
1530	25202	4
1530	25205	4
1530	25260	4
1530	25383	4
1530	25437	4
1530	25439	4
1530	25929	4
1530	26016	4
1530	26061	4
1530	26102	4
1530	26132	4
1530	26253	4
1530	26286	4
1530	26394	4
1530	26448	4
1530	26450	4
1530	26496	4
1530	26500	4
1530	26563	4
1530	26770	4
1530	26931	4
1530	27399	4
1530	27484	4
1530	27534	4
1530	27731	4
1530	27740	4
1530	27973	4
1530	28052	4
1530	28472	4
1530	29182	4
1530	29204	4
1530	29205	4
1530	29213	4
1530	29377	4
1530	29470	4
1530	29478	4
1530	29486	4
1530	29678	4
1530	29964	4
1530	29966	4
1530	30017	4
1530	30062	4
1530	30192	4
1530	30195	4
1530	30261	4
1530	30442	4
1530	30450	4
1530	31125	4
1530	32231	4
1530	32636	4
1530	32905	4
1530	33926	4
1530	33988	4
1530	34580	4
1530	34724	4
1530	36473	4
1530	36649	4
1530	37019	4
1530	37216	4
1530	37442	4
1530	37663	4
1530	37833	4
1530	38468	4
1530	40699	4
1530	40700	4
1530	40701	4
1530	40702	4
1530	40704	4
1530	40705	4
1530	40707	4
1530	40709	4
1530	40711	4
1530	40712	4
1530	71625	4
1530	71821	4
1530	73104	4
1530	74365	4
1530	75211	4
1530	76557	4
1530	78892	4
1530	80044	4
1531	25959	4
1531	28751	4
1531	32570	4
1531	35911	4
1531	37856	4
1533	1010	4
1533	8086	4
1533	11017	4
1533	26384	4
1533	28402	4
1533	28407	4
1533	28744	4
1533	31538	4
1533	32666	4
1533	35527	4
1533	78563	4
1533	81117	4
1534	3111	4
1534	26627	4
1534	29013	4
1535	23707	4
1535	23993	4
1535	24074	4
1535	24653	4
1535	24914	4
1535	24976	4
1535	25123	4
1535	27347	4
1535	29404	4
1536	190	4
1536	855	4
1536	984	4
1536	1963	4
1536	3608	4
1536	8252	4
1536	11021	4
1536	15632	4
1536	18876	4
1536	18896	4
1536	18948	4
1536	19301	4
1536	23694	4
1536	23774	4
1536	23806	4
1536	23815	4
1536	23824	4
1536	23829	4
1536	23857	4
1536	23861	4
1536	23866	4
1536	23895	4
1536	24092	4
1536	24094	4
1536	24118	4
1536	24540	4
1536	24541	4
1536	24612	4
1536	24628	4
1536	24987	4
1536	25042	4
1536	25216	4
1536	25431	4
1536	25490	4
1536	25491	4
1536	25673	4
1536	26281	4
1536	26534	4
1536	26535	4
1536	26569	4
1536	27280	4
1536	27369	4
1536	27592	4
1536	28297	4
1536	28600	4
1536	30553	4
1536	30824	4
1536	32163	4
1536	33098	4
1536	40057	4
1536	44858	4
1536	72478	4
1536	77546	4
1537	3132	4
1537	3494	4
1537	7714	4
1537	10086	4
1537	11024	4
1537	15804	4
1537	19232	4
1537	20578	4
1537	20995	4
1537	20997	4
1537	23881	4
1537	24100	4
1537	25115	4
1537	25322	4
1537	25327	4
1537	25508	4
1537	27069	4
1537	27667	4
1537	28419	4
1537	28903	4
1537	29644	4
1537	29949	4
1537	34751	4
1537	37848	4
1537	71674	4
1537	71690	4
1537	71729	4
1537	76551	4
1537	81121	4
1537	81122	4
1537	81124	4
1538	9877	4
1538	21000	4
1538	23782	4
1538	23786	4
1538	23807	4
1538	23831	4
1538	24419	4
1538	25039	4
1538	25493	4
1538	26515	4
1538	26642	4
1538	26851	4
1538	28134	4
1538	28259	4
1538	35148	4
1538	38723	4
1538	40721	4
1538	74661	4
1539	150	4
1539	3613	4
1539	3614	4
1539	24491	4
1539	24947	4
1539	25012	4
1539	25741	4
1539	25744	4
1539	26552	4
1539	26553	4
1539	26564	4
1539	26810	4
1539	26811	4
1539	27535	4
1539	37001	4
1539	40722	4
1539	40724	4
1539	40725	4
1539	44670	4
1539	71479	4
1539	71829	4
1539	71973	4
1539	72021	4
1539	72314	4
1539	72387	4
1539	72426	4
1539	72951	4
1539	72978	4
1539	77829	4
1539	77960	4
1539	80016	4
1539	80078	4
1539	81128	4
1539	81134	4
1539	81135	4
1539	81136	4
1539	81140	4
1540	16704	4
1540	16786	4
1540	18945	4
1540	18946	4
1540	21002	4
1540	23936	4
1540	25321	4
1540	25643	4
1540	25703	4
1540	25965	4
1540	30423	4
1540	30591	4
1540	36174	4
1540	37670	4
1540	39942	4
1540	40727	4
1540	71210	4
1540	78402	4
1540	81142	4
1540	81143	4
1540	81144	4
1541	356	4
1541	76368	4
1542	16	4
1542	24596	4
1542	24784	4
1542	24807	4
1542	33242	4
1543	507	4
1543	23898	4
1543	24306	4
1543	24332	4
1543	25384	4
1543	25460	4
1543	26111	4
1543	26484	4
1543	27543	4
1543	28107	4
1543	28688	4
1543	29716	4
1543	30557	4
1543	32766	4
1543	39060	4
1543	40731	4
1544	556	4
1544	1051	4
1544	24309	4
1544	24311	4
1544	24750	4
1544	24783	4
1544	24853	4
1544	27699	4
1544	27969	4
1544	29092	4
1544	30683	4
1544	31108	4
1544	31878	4
1544	31887	4
1544	31907	4
1544	32807	4
1544	32808	4
1544	33556	4
1544	33578	4
1544	33585	4
1544	35740	4
1544	36215	4
1544	40736	4
1544	76128	4
1544	81145	4
1544	81149	4
1544	81151	4
1545	19095	4
1545	28081	4
1545	56737	4
1546	599	4
1546	3618	4
1546	3619	4
1546	3622	4
1546	7602	4
1546	11029	4
1546	11030	4
1546	11032	4
1546	15783	4
1546	16788	4
1546	16791	4
1546	18825	4
1546	19098	4
1546	19559	4
1546	19694	4
1546	19771	4
1546	23688	4
1546	23744	4
1546	23775	4
1546	23786	4
1546	23804	4
1546	23806	4
1546	23810	4
1546	23883	4
1546	23959	4
1546	24064	4
1546	24131	4
1546	24402	4
1546	24406	4
1546	24407	4
1546	24411	4
1546	24511	4
1546	24514	4
1546	24515	4
1546	24542	4
1546	24556	4
1546	24621	4
1546	24686	4
1546	24853	4
1546	25001	4
1546	25379	4
1546	25485	4
1546	25500	4
1546	25502	4
1546	25575	4
1546	26092	4
1546	26118	4
1546	26515	4
1546	26591	4
1546	26772	4
1546	26784	4
1546	26996	4
1546	27014	4
1546	27205	4
1546	27335	4
1546	27450	4
1546	27555	4
1546	27680	4
1546	27990	4
1546	28208	4
1546	28259	4
1546	28269	4
1546	28429	4
1546	28446	4
1546	29148	4
1546	29341	4
1546	29794	4
1546	29945	4
1546	30056	4
1546	30451	4
1546	30795	4
1546	31228	4
1546	31356	4
1546	31372	4
1546	31716	4
1546	31794	4
1546	32197	4
1546	32199	4
1546	32480	4
1546	32922	4
1546	35157	4
1546	36169	4
1546	36461	4
1546	36910	4
1546	37432	4
1546	38099	4
1546	40744	4
1546	40745	4
1546	40747	4
1546	40748	4
1546	40750	4
1546	40753	4
1546	40756	4
1546	40758	4
1546	40760	4
1546	40761	4
1546	40763	4
1546	71228	4
1546	71988	4
1546	72442	4
1546	72952	4
1546	73183	4
1546	77591	4
1546	81156	4
1547	3624	4
1547	11034	4
1547	19992	4
1547	24091	4
1547	24223	4
1547	24872	4
1547	26014	4
1547	28567	4
1547	30468	4
1547	32971	4
1547	37057	4
1547	40764	4
1547	40766	4
1547	40768	4
1547	40769	4
1547	40770	4
1547	40772	4
1547	40773	4
1547	40777	4
1547	40778	4
1547	40779	4
1547	71431	4
1547	71636	4
1547	71772	4
1547	74417	4
1547	78876	4
1547	81162	4
1547	81163	4
1548	242	4
1548	3625	4
1548	18812	4
1548	20401	4
1548	24325	4
1548	27407	4
1548	71636	4
1548	74100	4
1548	81167	4
1549	3630	4
1549	3631	4
1549	18876	4
1549	21006	4
1549	21007	4
1549	21008	4
1549	24553	4
1549	26790	4
1549	31704	4
1549	40781	4
1549	45096	4
1549	45295	4
1549	71904	4
1549	76742	4
1549	77194	4
1549	77522	4
1549	79603	4
1549	81168	4
1549	81169	4
1549	81173	4
1549	81175	4
1550	3632	4
1550	11039	4
1550	20947	4
1550	23929	4
1550	28993	4
1550	29405	4
1550	37752	4
1550	37756	4
1550	40784	4
1550	40785	4
1550	40786	4
1550	40790	4
1550	40792	4
1550	40793	4
1550	40794	4
1550	81177	4
1551	130	4
1551	915	4
1551	21011	4
1551	30021	4
1551	34483	4
1551	35485	4
1551	38229	4
1551	40804	4
1551	40807	4
1551	40808	4
1551	40809	4
1551	81180	4
1551	81184	4
1551	81186	4
1552	292	4
1552	21013	4
1552	24291	4
1552	24366	4
1552	24465	4
1552	24961	4
1552	25118	4
1552	26476	4
1552	76805	4
1553	15632	4
1553	16797	4
1553	19727	4
1553	21014	4
1553	21016	4
1553	21017	4
1553	24015	4
1553	24621	4
1553	24677	4
1553	25856	4
1553	26305	4
1553	28905	4
1553	32418	4
1553	33053	4
1553	35301	4
1553	36139	4
1553	36227	4
1553	38544	4
1553	40445	4
1553	40814	4
1553	40815	4
1553	40816	4
1553	40817	4
1553	40819	4
1553	40822	4
1553	40823	4
1553	40824	4
1553	40825	4
1553	40826	4
1553	71220	4
1553	71743	4
1553	74965	4
1553	77469	4
1553	78912	4
1553	81188	4
1553	81189	4
1553	81191	4
1553	81192	4
1553	81193	4
1553	81194	4
1553	81195	4
1554	17	4
1554	448	4
1554	24386	4
1554	24613	4
1554	25531	4
1554	26688	4
1554	28775	4
1554	31349	4
1554	31361	4
1554	35124	4
1554	36450	4
1554	71329	4
1554	72168	4
1554	81199	4
1555	1717	4
1555	16798	4
1555	24353	4
1555	27924	4
1555	31730	4
1555	40352	4
1555	40829	4
1555	40831	4
1555	40832	4
1555	81201	4
1556	2937	4
1556	23858	4
1556	23898	4
1556	23917	4
1556	24067	4
1556	28993	4
1556	30291	4
1556	73516	4
1556	74101	4
1556	75394	4
1557	292	4
1557	2342	4
1557	9272	4
1557	9851	4
1557	16801	4
1557	23706	4
1557	23765	4
1557	23791	4
1557	23793	4
1557	23933	4
1557	24037	4
1557	24730	4
1557	24792	4
1557	24871	4
1557	25281	4
1557	25715	4
1557	26688	4
1557	27166	4
1557	27716	4
1557	27940	4
1557	31429	4
1557	35468	4
1557	38496	4
1557	40838	4
1557	81205	4
1558	1189	4
1558	7631	4
1558	23811	4
1558	23890	4
1558	24374	4
1558	25497	4
1558	26043	4
1558	26333	4
1558	26335	4
1558	27139	4
1558	27155	4
1558	37292	4
1558	40842	4
1558	71325	4
1558	71629	4
1558	71912	4
1558	72429	4
1558	79376	4
1559	24264	4
1559	29228	4
1560	1020	4
1560	1576	4
1560	2079	4
1560	3641	4
1560	3642	4
1560	3644	4
1560	3645	4
1560	3646	4
1560	11051	4
1560	16805	4
1560	16806	4
1560	16807	4
1560	16808	4
1560	16809	4
1560	21023	4
1560	23997	4
1560	25929	4
1560	26380	4
1560	26392	4
1560	26833	4
1560	27503	4
1560	27542	4
1560	27750	4
1560	28049	4
1560	28054	4
1560	28071	4
1560	28393	4
1560	28746	4
1560	28751	4
1560	29185	4
1560	29187	4
1560	29190	4
1560	29192	4
1560	29194	4
1560	29197	4
1560	29224	4
1560	29311	4
1560	29472	4
1560	29626	4
1560	29731	4
1560	29736	4
1560	29964	4
1560	30006	4
1560	30009	4
1560	30203	4
1560	30343	4
1560	30430	4
1560	30494	4
1560	30505	4
1560	32438	4
1560	32553	4
1560	32554	4
1560	32809	4
1560	32906	4
1560	33032	4
1560	33048	4
1560	33139	4
1560	33174	4
1560	33195	4
1560	33198	4
1560	33200	4
1560	34373	4
1560	34562	4
1560	34769	4
1560	34860	4
1560	34868	4
1560	34872	4
1560	34873	4
1560	35173	4
1560	35181	4
1560	35183	4
1560	35186	4
1560	35187	4
1560	35188	4
1560	35526	4
1560	37492	4
1560	38661	4
1560	38689	4
1560	39570	4
1560	40215	4
1560	40849	4
1560	40852	4
1560	40854	4
1560	40855	4
1560	40856	4
1560	40857	4
1560	40860	4
1560	40861	4
1560	40862	4
1560	40864	4
1560	40865	4
1560	40868	4
1560	40869	4
1560	40872	4
1560	40876	4
1560	40878	4
1560	40879	4
1560	40881	4
1560	40884	4
1560	40885	4
1560	40886	4
1560	40887	4
1560	45042	4
1560	72681	4
1560	75307	4
1560	76295	4
1560	76298	4
1560	76497	4
1560	79160	4
1560	79167	4
1560	79916	4
1560	81211	4
1560	81219	4
1560	81223	4
1560	81225	4
1560	81226	4
1560	81227	4
1560	81229	4
1560	81231	4
1560	81233	4
1560	81234	4
1561	3647	4
1561	25386	4
1561	40888	4
1562	16	4
1562	21025	4
1562	24739	4
1562	26098	4
1562	28602	4
1563	292	4
1563	7546	4
1563	7697	4
1563	9484	4
1563	11056	4
1563	23701	4
1563	23706	4
1563	23915	4
1563	24049	4
1563	24076	4
1563	24466	4
1563	24655	4
1563	24930	4
1563	25126	4
1563	25312	4
1563	25444	4
1563	25575	4
1563	26103	4
1563	26130	4
1563	26260	4
1563	26575	4
1563	26831	4
1563	27023	4
1563	27157	4
1563	27558	4
1563	27784	4
1563	28601	4
1563	28686	4
1563	29136	4
1563	29462	4
1563	30328	4
1563	31748	4
1563	32760	4
1563	36679	4
1563	40894	4
1563	40895	4
1563	40897	4
1563	40898	4
1563	40900	4
1563	71755	4
1564	567	4
1564	871	4
1564	24326	4
1564	24328	4
1564	24863	4
1564	25433	4
1564	25451	4
1564	25508	4
1564	27562	4
1564	30212	4
1564	32064	4
1564	75793	4
1564	77826	4
1565	1717	4
1565	3648	4
1565	16813	4
1565	18967	4
1565	20233	4
1565	24371	4
1565	26308	4
1565	28803	4
1565	30133	4
1565	31928	4
1565	32749	4
1565	39546	4
1565	40902	4
1565	40903	4
1565	40905	4
1565	40906	4
1565	40907	4
1565	40908	4
1565	40910	4
1565	40911	4
1565	46361	4
1565	52755	4
1565	71912	4
1565	72149	4
1565	72816	4
1565	73387	4
1565	75191	4
1565	81239	4
1565	81242	4
1566	453	4
1566	2603	4
1566	3650	4
1566	19029	4
1566	19428	4
1566	19650	4
1566	19756	4
1566	21028	4
1566	23772	4
1566	23803	4
1566	23805	4
1566	23837	4
1566	23949	4
1566	23957	4
1566	24540	4
1566	24556	4
1566	24619	4
1566	25009	4
1566	25146	4
1566	25489	4
1566	25533	4
1566	25535	4
1566	25536	4
1566	26711	4
1566	26797	4
1566	27174	4
1566	28205	4
1566	28209	4
1566	29082	4
1566	29419	4
1566	31262	4
1566	31289	4
1566	31482	4
1566	31793	4
1566	31851	4
1566	32328	4
1566	32364	4
1566	32595	4
1566	32883	4
1566	34012	4
1566	34657	4
1566	34672	4
1566	37300	4
1566	38510	4
1566	40914	4
1566	40915	4
1566	40916	4
1566	74232	4
1566	81244	4
1567	67	4
1567	186	4
1567	411	4
1567	841	4
1567	7667	4
1567	8742	4
1567	11062	4
1567	19026	4
1567	23710	4
1567	23716	4
1567	23759	4
1567	23768	4
1567	23909	4
1567	23919	4
1567	24058	4
1567	24675	4
1567	24717	4
1567	24857	4
1567	24902	4
1567	24915	4
1567	24940	4
1567	24967	4
1567	24974	4
1567	25060	4
1567	25067	4
1567	25095	4
1567	25391	4
1567	26109	4
1567	26114	4
1567	26126	4
1567	26160	4
1567	26211	4
1567	26250	4
1567	26820	4
1567	27407	4
1567	27487	4
1567	27855	4
1567	28085	4
1567	28486	4
1567	29403	4
1567	29422	4
1567	31763	4
1567	34085	4
1567	34425	4
1567	38732	4
1567	40921	4
1567	40922	4
1567	40923	4
1567	76819	4
1567	81245	4
1568	216	4
1568	399	4
1568	561	4
1568	823	4
1568	3652	4
1568	7661	4
1568	18832	4
1568	19005	4
1568	19798	4
1568	21031	4
1568	21033	4
1568	23727	4
1568	25355	4
1568	25948	4
1568	29030	4
1568	34846	4
1568	35407	4
1568	36745	4
1569	8332	4
1569	24545	4
1569	25544	4
1570	18830	4
1570	18975	4
1570	19675	4
1570	21037	4
1570	21038	4
1570	24030	4
1570	25756	4
1570	27383	4
1570	28085	4
1570	31355	4
1570	34561	4
1570	40391	4
1570	40681	4
1570	40930	4
1570	40931	4
1570	40935	4
1570	40936	4
1570	40938	4
1570	40939	4
1570	40941	4
1570	40943	4
1570	40944	4
1570	40945	4
1570	40947	4
1570	81249	4
1570	81251	4
1570	81253	4
1571	399	4
1571	960	4
1571	11067	4
1571	18945	4
1571	19070	4
1571	23740	4
1571	24147	4
1571	24149	4
1571	24158	4
1571	24166	4
1571	24987	4
1571	25190	4
1571	25211	4
1571	25560	4
1571	25662	4
1571	25665	4
1571	25677	4
1571	25746	4
1571	25748	4
1571	25901	4
1571	25941	4
1571	26057	4
1571	26422	4
1571	26773	4
1571	27086	4
1571	27460	4
1571	27546	4
1571	27573	4
1571	27657	4
1571	27917	4
1571	29641	4
1571	30270	4
1571	31068	4
1571	31971	4
1571	34360	4
1571	35802	4
1571	40950	4
1572	189	4
1572	472	4
1572	541	4
1572	673	4
1572	1409	4
1572	2550	4
1572	3658	4
1572	7868	4
1572	8081	4
1572	8111	4
1572	8590	4
1572	10498	4
1572	11073	4
1572	11074	4
1572	16476	4
1572	18872	4
1572	19098	4
1572	19233	4
1572	23777	4
1572	23778	4
1572	23779	4
1572	23782	4
1572	23786	4
1572	23803	4
1572	23806	4
1572	23828	4
1572	23845	4
1572	23855	4
1572	23861	4
1572	23891	4
1572	23892	4
1572	23894	4
1572	24090	4
1572	24118	4
1572	24128	4
1572	24130	4
1572	24406	4
1572	24411	4
1572	24430	4
1572	24435	4
1572	24540	4
1572	24556	4
1572	24628	4
1572	24632	4
1572	25046	4
1572	25145	4
1572	25216	4
1572	25467	4
1572	25471	4
1572	25475	4
1572	25477	4
1572	25480	4
1572	25489	4
1572	25495	4
1572	25502	4
1572	25630	4
1572	25673	4
1572	26542	4
1572	26547	4
1572	26559	4
1572	26589	4
1572	26592	4
1572	26677	4
1572	26698	4
1572	26760	4
1572	27004	4
1572	27009	4
1572	27014	4
1572	27179	4
1572	27211	4
1572	27280	4
1572	27450	4
1572	27522	4
1572	27590	4
1572	27593	4
1572	28131	4
1572	28316	4
1572	28367	4
1572	28451	4
1572	28580	4
1572	28642	4
1572	30824	4
1572	32199	4
1572	34510	4
1572	34829	4
1572	36100	4
1572	36664	4
1572	36686	4
1572	39895	4
1572	44858	4
1572	71218	4
1572	71228	4
1572	71272	4
1572	71276	4
1572	71314	4
1572	71356	4
1572	71401	4
1572	71495	4
1572	71508	4
1572	71551	4
1572	71629	4
1572	71676	4
1572	71742	4
1572	71978	4
1572	72078	4
1572	72142	4
1572	72154	4
1572	72254	4
1572	72354	4
1572	72403	4
1572	72464	4
1572	72607	4
1572	72753	4
1572	72768	4
1572	72841	4
1572	72889	4
1572	72908	4
1572	72924	4
1572	72986	4
1572	73404	4
1572	73446	4
1572	73478	4
1572	73642	4
1572	73792	4
1572	73911	4
1572	74141	4
1572	74366	4
1572	74672	4
1572	74877	4
1572	75174	4
1572	75180	4
1572	75701	4
1572	76774	4
1572	77058	4
1572	77615	4
1572	77782	4
1572	78082	4
1572	78099	4
1572	78159	4
1572	78194	4
1572	78465	4
1572	78502	4
1572	78600	4
1572	78829	4
1572	79016	4
1572	79157	4
1572	79239	4
1572	79931	4
1572	80169	4
1572	81259	4
1572	81261	4
1572	81263	4
1572	81267	4
1572	81276	4
1572	81277	4
1572	81278	4
1572	81284	4
1572	81289	4
1572	81290	4
1572	81291	4
1573	24284	4
1573	40961	4
1573	71221	4
1573	72813	4
1573	79870	4
1574	1063	4
1574	3662	4
1574	9121	4
1574	10607	4
1574	11077	4
1574	11078	4
1574	11079	4
1574	16823	4
1574	16826	4
1574	19151	4
1574	23781	4
1574	24019	4
1574	24038	4
1574	24149	4
1574	25312	4
1574	25374	4
1574	26505	4
1574	26845	4
1574	27839	4
1574	27840	4
1574	28217	4
1574	28221	4
1574	29071	4
1574	29647	4
1574	30651	4
1574	30665	4
1574	30675	4
1574	30684	4
1574	30693	4
1574	30694	4
1574	30916	4
1574	31019	4
1574	31029	4
1574	31036	4
1574	31078	4
1574	31086	4
1574	31098	4
1574	31101	4
1574	31108	4
1574	31112	4
1574	31875	4
1574	31877	4
1574	31897	4
1574	31904	4
1574	32220	4
1574	33600	4
1574	33796	4
1574	33970	4
1574	34643	4
1574	35252	4
1574	35263	4
1574	35744	4
1574	35746	4
1574	36472	4
1574	37139	4
1574	38306	4
1574	38375	4
1574	40740	4
1574	40963	4
1574	40964	4
1574	40967	4
1574	40971	4
1574	44852	4
1574	71243	4
1574	71324	4
1574	71356	4
1574	71499	4
1574	72249	4
1574	72429	4
1574	72667	4
1574	72908	4
1574	73195	4
1574	73924	4
1574	73930	4
1574	74483	4
1574	74523	4
1574	76064	4
1574	76092	4
1574	76128	4
1574	76535	4
1574	76929	4
1574	77901	4
1574	77960	4
1574	79307	4
1574	79676	4
1574	80147	4
1574	80148	4
1574	80157	4
1574	81300	4
1574	81301	4
1574	81308	4
1574	81310	4
1574	81312	4
1574	81314	4
1574	81318	4
1574	81319	4
1574	81321	4
1575	18830	4
1575	19271	4
1575	24105	4
1575	24148	4
1575	24162	4
1575	24182	4
1575	24460	4
1575	24539	4
1575	25331	4
1575	25706	4
1575	26611	4
1575	26928	4
1575	27082	4
1575	29275	4
1575	30727	4
1575	33528	4
1575	34378	4
1575	34564	4
1575	36748	4
1575	40973	4
1575	40974	4
1575	71617	4
1575	71668	4
1575	74053	4
1576	2094	4
1576	2095	4
1576	18818	4
1576	24715	4
1576	34413	4
1576	40976	4
1576	40977	4
1577	333	4
1577	579	4
1577	748	4
1577	1010	4
1577	3665	4
1577	3666	4
1577	3667	4
1577	3668	4
1577	9041	4
1577	9188	4
1577	9476	4
1577	11084	4
1577	11085	4
1577	16016	4
1577	16106	4
1577	16651	4
1577	19793	4
1577	25101	4
1577	26830	4
1577	26833	4
1577	28402	4
1577	28741	4
1577	28751	4
1577	28941	4
1577	29216	4
1577	29311	4
1577	29685	4
1577	29973	4
1577	30007	4
1577	30370	4
1577	30488	4
1577	30494	4
1577	30980	4
1577	31822	4
1577	32485	4
1577	32494	4
1577	32632	4
1577	32635	4
1577	32636	4
1577	33821	4
1577	35412	4
1577	35883	4
1577	38281	4
1577	40232	4
1577	40870	4
1577	40980	4
1577	40982	4
1577	71560	4
1577	71937	4
1577	72678	4
1577	72680	4
1577	73100	4
1577	73105	4
1577	73224	4
1577	73834	4
1577	73876	4
1577	73878	4
1577	74099	4
1577	74853	4
1577	74980	4
1577	74988	4
1577	75233	4
1577	75611	4
1577	76342	4
1577	77800	4
1577	78582	4
1577	78902	4
1577	78973	4
1577	81325	4
1577	81328	4
1577	81330	4
1577	81331	4
1577	81334	4
1577	81335	4
1577	81337	4
1577	81339	4
1577	81341	4
1577	81344	4
1577	81345	4
1577	81346	4
1578	88	4
1578	3669	4
1578	7962	4
1578	7997	4
1578	23700	4
1578	23832	4
1578	24027	4
1578	24465	4
1578	24515	4
1578	25650	4
1578	25875	4
1578	26596	4
1578	26606	4
1578	27010	4
1578	27681	4
1578	27690	4
1578	28120	4
1578	28302	4
1578	28304	4
1578	30790	4
1578	35556	4
1578	40128	4
1578	71329	4
1578	71362	4
1578	71634	4
1578	81268	4
1578	81349	4
1578	81350	4
1579	3674	4
1579	16830	4
1579	23816	4
1579	25146	4
1579	25370	4
1579	29156	4
1579	29290	4
1579	31811	4
1579	37585	4
1579	38754	4
1579	38756	4
1579	40984	4
1579	40989	4
1579	40990	4
1579	40991	4
1579	40993	4
1579	40995	4
1579	40996	4
1579	40997	4
1579	40998	4
1579	41002	4
1579	41006	4
1579	41008	4
1579	41009	4
1579	41010	4
1579	41011	4
1579	41012	4
1579	71388	4
1579	81352	4
1579	81353	4
1579	81355	4
1579	81356	4
1579	81357	4
1579	81359	4
1579	81360	4
1579	81361	4
1579	81363	4
1579	81364	4
1579	81365	4
1579	81367	4
1579	81369	4
1579	81374	4
1579	81375	4
1579	81377	4
1579	81378	4
1579	81379	4
1579	81381	4
1579	81382	4
1579	81383	4
1579	81385	4
1579	81386	4
1579	81389	4
1580	435	4
1580	2008	4
1580	3676	4
1580	11092	4
1580	24138	4
1580	24170	4
1580	24186	4
1580	24437	4
1580	25329	4
1580	25692	4
1580	25832	4
1580	25853	4
1580	25941	4
1580	27234	4
1580	27566	4
1580	28030	4
1580	28118	4
1580	28786	4
1580	29065	4
1580	29244	4
1580	29409	4
1580	30874	4
1580	33699	4
1580	34846	4
1580	38154	4
1580	71212	4
1580	71723	4
1580	76322	4
1581	43	4
1581	65	4
1581	1132	4
1581	2946	4
1581	3679	4
1581	3680	4
1581	3681	4
1581	3682	4
1581	3687	4
1581	16275	4
1581	16833	4
1581	18841	4
1581	19167	4
1581	21045	4
1581	21046	4
1581	21047	4
1581	23701	4
1581	23704	4
1581	23711	4
1581	23754	4
1581	23790	4
1581	23907	4
1581	23914	4
1581	24029	4
1581	24058	4
1581	24070	4
1581	24268	4
1581	24361	4
1581	24366	4
1581	24714	4
1581	24735	4
1581	24736	4
1581	24801	4
1581	24899	4
1581	24967	4
1581	25072	4
1581	25202	4
1581	25208	4
1581	25380	4
1581	25433	4
1581	25439	4
1581	25713	4
1581	25718	4
1581	26236	4
1581	26253	4
1581	27554	4
1581	28488	4
1581	29377	4
1581	29403	4
1581	29786	4
1581	29940	4
1581	30001	4
1581	30212	4
1581	30261	4
1581	30352	4
1581	31609	4
1581	31786	4
1581	32223	4
1581	37597	4
1581	37654	4
1581	37833	4
1581	38731	4
1581	38785	4
1581	38807	4
1581	41016	4
1581	41017	4
1581	41019	4
1581	41022	4
1581	41023	4
1581	41027	4
1581	41029	4
1581	44857	4
1581	71636	4
1581	72100	4
1581	72264	4
1581	72579	4
1581	74100	4
1581	74546	4
1581	77260	4
1581	79426	4
1581	79496	4
1581	81393	4
1581	81396	4
1581	81399	4
1581	81403	4
1582	956	4
1582	21048	4
1582	23706	4
1582	24031	4
1582	24681	4
1582	29718	4
1582	30929	4
1582	36334	4
1582	40974	4
1582	41031	4
1582	41032	4
1582	41035	4
1582	41037	4
1582	41041	4
1582	41042	4
1582	41043	4
1582	41045	4
1582	81404	4
1583	23765	4
1583	30587	4
1583	38778	4
1584	3688	4
1584	3689	4
1584	3690	4
1584	19030	4
1584	21049	4
1584	30030	4
1584	35933	4
1584	41053	4
1584	41054	4
1584	81411	4
1585	3692	4
1585	26205	4
1585	41056	4
1585	41062	4
1585	81419	4
1586	423	4
1586	2210	4
1586	2406	4
1586	2407	4
1586	3693	4
1586	3694	4
1586	3696	4
1586	11102	4
1586	24511	4
1586	24540	4
1586	24883	4
1586	26547	4
1586	26678	4
1586	26790	4
1586	30669	4
1586	31235	4
1586	31488	4
1586	32042	4
1586	32043	4
1586	32521	4
1586	34623	4
1586	35019	4
1586	36461	4
1586	36474	4
1586	36478	4
1586	36510	4
1586	36523	4
1586	36525	4
1586	36589	4
1586	38306	4
1586	38355	4
1586	38375	4
1586	38439	4
1586	39205	4
1586	39578	4
1586	41064	4
1586	41066	4
1586	41067	4
1586	41072	4
1586	41076	4
1586	41078	4
1586	41081	4
1586	41082	4
1586	41083	4
1586	41084	4
1586	41085	4
1586	41088	4
1586	41089	4
1586	41091	4
1586	41092	4
1586	41095	4
1586	72646	4
1586	74111	4
1586	76883	4
1586	77379	4
1586	77413	4
1586	79312	4
1586	79342	4
1586	79603	4
1586	81421	4
1586	81427	4
1586	81428	4
1586	81430	4
1586	81431	4
1586	81432	4
1586	81433	4
1587	137	4
1587	555	4
1587	1050	4
1587	3697	4
1587	3700	4
1587	3702	4
1587	9679	4
1587	10104	4
1587	11104	4
1587	11106	4
1587	16837	4
1587	20179	4
1587	21052	4
1587	21053	4
1587	21054	4
1587	21055	4
1587	27837	4
1587	31096	4
1587	32050	4
1587	33571	4
1587	33586	4
1587	34354	4
1587	35642	4
1587	37125	4
1587	37377	4
1587	41097	4
1587	41099	4
1587	41100	4
1587	41102	4
1587	41103	4
1587	41105	4
1587	41107	4
1587	41108	4
1587	41109	4
1587	41110	4
1587	77943	4
1587	78171	4
1587	81437	4
1587	81439	4
1587	81441	4
1587	81444	4
1588	1612	4
1588	16108	4
1588	25959	4
1588	30195	4
1588	32512	4
1588	32905	4
1588	33012	4
1588	73775	4
1588	73860	4
1588	74979	4
1588	75557	4
1588	81445	4
1589	186	4
1589	23820	4
1589	24899	4
1589	24914	4
1589	25457	4
1589	29152	4
1589	35786	4
1589	37106	4
1590	411	4
1590	7551	4
1591	3705	4
1591	8889	4
1591	23699	4
1591	23912	4
1591	28138	4
1591	29455	4
1591	30053	4
1591	41121	4
1591	41122	4
1591	72164	4
1592	23775	4
1592	23802	4
1592	23908	4
1592	24364	4
1592	26119	4
1592	27484	4
1592	28475	4
1592	29297	4
1592	29940	4
1592	30293	4
1592	30544	4
1592	32005	4
1592	39017	4
1592	40676	4
1592	41123	4
1593	1629	4
1593	3707	4
1593	8868	4
1593	11109	4
1593	16838	4
1593	16839	4
1593	20351	4
1593	23913	4
1593	23982	4
1593	24295	4
1593	24971	4
1593	25380	4
1593	25501	4
1593	26533	4
1593	26915	4
1593	27419	4
1593	28271	4
1593	28531	4
1593	29476	4
1593	30124	4
1593	35108	4
1593	37064	4
1593	37186	4
1593	39814	4
1593	41124	4
1593	41126	4
1593	41129	4
1593	41130	4
1593	41131	4
1593	41133	4
1593	46679	4
1593	71488	4
1593	72312	4
1593	72978	4
1593	81452	4
1594	16840	4
1594	21058	4
1594	24397	4
1594	24540	4
1594	25046	4
1594	25563	4
1594	26364	4
1594	33032	4
1594	71243	4
1595	11114	4
1595	24063	4
1595	24068	4
1595	24570	4
1595	28490	4
1595	31957	4
1595	32539	4
1595	35399	4
1595	41139	4
1596	3710	4
1596	16843	4
1596	24140	4
1596	24173	4
1596	24178	4
1596	24189	4
1596	24532	4
1596	25321	4
1596	25333	4
1596	25527	4
1596	25676	4
1596	29063	4
1596	29381	4
1596	29439	4
1596	29749	4
1596	30593	4
1596	30856	4
1596	31635	4
1596	32616	4
1596	32922	4
1596	34660	4
1596	36924	4
1596	41140	4
1596	41143	4
1596	41144	4
1596	55133	4
1596	72188	4
1596	74374	4
1596	81461	4
1597	65	4
1597	236	4
1597	241	4
1597	1185	4
1597	1961	4
1597	23985	4
1597	24058	4
1597	24361	4
1597	24817	4
1597	24864	4
1597	25384	4
1597	25733	4
1597	25889	4
1597	26108	4
1597	26270	4
1597	26371	4
1597	26372	4
1597	26495	4
1597	26850	4
1597	27463	4
1597	27465	4
1597	28764	4
1597	30238	4
1597	31201	4
1597	32010	4
1597	33726	4
1597	34194	4
1597	35398	4
1597	35399	4
1597	38478	4
1597	40356	4
1597	41148	4
1597	41149	4
1597	41150	4
1598	434	4
1598	2880	4
1598	3355	4
1598	3714	4
1598	23850	4
1598	24145	4
1598	24151	4
1598	25287	4
1598	29145	4
1598	29263	4
1598	41152	4
1598	41153	4
1598	71723	4
1598	74053	4
1598	74969	4
1598	81464	4
1599	287	4
1599	1802	4
1599	2820	4
1599	3716	4
1599	3717	4
1599	19030	4
1599	24046	4
1599	24335	4
1599	24359	4
1599	24465	4
1599	24712	4
1599	24906	4
1599	24936	4
1599	26097	4
1599	26254	4
1599	28112	4
1599	28967	4
1599	30579	4
1599	33976	4
1599	41155	4
1599	41157	4
1599	41158	4
1599	41159	4
1599	41160	4
1599	71309	4
1599	72211	4
1599	76249	4
1600	3718	4
1600	3719	4
1600	15728	4
1600	19151	4
1600	19463	4
1600	19927	4
1600	27252	4
1600	41162	4
1600	44700	4
1600	64271	4
1600	81477	4
1600	81478	4
1600	81479	4
1600	81481	4
1601	540	4
1601	23970	4
1601	24665	4
1601	24912	4
1601	25207	4
1601	25369	4
1601	25822	4
1601	26122	4
1601	26686	4
1601	27352	4
1601	28075	4
1601	30333	4
1601	33516	4
1601	36379	4
1601	36960	4
1601	41169	4
1601	41170	4
1603	24338	4
1604	18872	4
1604	19098	4
1604	19278	4
1604	23962	4
1604	28922	4
1605	78	4
1605	427	4
1605	850	4
1605	3728	4
1605	3729	4
1605	7763	4
1605	10265	4
1605	11128	4
1605	18949	4
1605	19780	4
1605	20285	4
1605	21064	4
1605	21068	4
1605	21069	4
1605	23772	4
1605	23780	4
1605	24443	4
1605	25144	4
1605	26515	4
1605	26559	4
1605	26845	4
1605	27451	4
1605	27512	4
1605	28210	4
1605	28269	4
1605	28584	4
1605	28600	4
1605	28794	4
1605	29743	4
1605	29982	4
1605	30461	4
1605	31039	4
1605	31044	4
1605	31262	4
1605	31282	4
1605	32101	4
1605	32874	4
1605	32880	4
1605	33221	4
1605	34003	4
1605	40841	4
1605	41172	4
1605	41174	4
1605	41181	4
1605	41184	4
1605	41185	4
1605	41186	4
1605	41188	4
1605	71221	4
1605	71223	4
1605	71386	4
1605	71388	4
1605	71628	4
1605	71878	4
1605	72487	4
1605	72914	4
1605	73447	4
1605	73458	4
1605	74119	4
1605	74492	4
1605	75133	4
1605	75181	4
1605	76328	4
1605	76658	4
1605	81487	4
1605	81489	4
1605	81490	4
1605	81493	4
1605	81494	4
1605	81498	4
1605	81501	4
1605	81502	4
1605	81504	4
1606	508	4
1606	8300	4
1606	24361	4
1606	24724	4
1606	24735	4
1606	24840	4
1606	25886	4
1606	27201	4
1606	27582	4
1606	28759	4
1606	73177	4
1606	73440	4
1606	78829	4
1606	80356	4
1606	80403	4
1607	1586	4
1607	28402	4
1607	32562	4
1607	40203	4
1607	41194	4
1607	41196	4
1607	41198	4
1607	41200	4
1607	45312	4
1607	45313	4
1607	73883	4
1607	75293	4
1607	79775	4
1607	80422	4
1607	81328	4
1607	81514	4
1607	81516	4
1608	27902	4
1608	29742	4
1608	81517	4
1609	72	4
1609	94	4
1609	136	4
1609	431	4
1609	2768	4
1609	3201	4
1609	3431	4
1609	3491	4
1609	3734	4
1609	3735	4
1609	3736	4
1609	3739	4
1609	3741	4
1609	3742	4
1609	8496	4
1609	9812	4
1609	11142	4
1609	11143	4
1609	11144	4
1609	11149	4
1609	11151	4
1609	16853	4
1609	16854	4
1609	18818	4
1609	18917	4
1609	18919	4
1609	18922	4
1609	18949	4
1609	19135	4
1609	21071	4
1609	24559	4
1609	25175	4
1609	25907	4
1609	27029	4
1609	27032	4
1609	28035	4
1609	28282	4
1609	28992	4
1609	28999	4
1609	29317	4
1609	29342	4
1609	29363	4
1609	31368	4
1609	34004	4
1609	36930	4
1609	38019	4
1609	38106	4
1609	41214	4
1609	41215	4
1609	41216	4
1609	41218	4
1609	41219	4
1609	41221	4
1609	45315	4
1609	45316	4
1609	76756	4
1609	76762	4
1609	81520	4
1609	81521	4
1609	81526	4
1609	81527	4
1609	81530	4
1609	81533	4
1609	81534	4
1609	81535	4
1609	81537	4
1609	81539	4
1610	78	4
1610	321	4
1610	3743	4
1610	7586	4
1610	8768	4
1610	8877	4
1610	9349	4
1610	10816	4
1610	11153	4
1610	23694	4
1610	23775	4
1610	23783	4
1610	23816	4
1610	23872	4
1610	23883	4
1610	24453	4
1610	24531	4
1610	24545	4
1610	24629	4
1610	25084	4
1610	25476	4
1610	25851	4
1610	25860	4
1610	26364	4
1610	26556	4
1610	26690	4
1610	27482	4
1610	27669	4
1610	27682	4
1610	27978	4
1610	28274	4
1610	28310	4
1610	28423	4
1610	28933	4
1610	29369	4
1610	29951	4
1610	37602	4
1610	38491	4
1610	71359	4
1610	71419	4
1610	71922	4
1610	71996	4
1610	72478	4
1610	74682	4
1611	169	4
1611	8431	4
1611	26234	4
1611	27035	4
1611	27943	4
1612	82	4
1612	216	4
1612	2752	4
1612	18830	4
1612	18946	4
1612	19014	4
1612	19098	4
1612	23843	4
1612	24150	4
1612	24153	4
1612	25175	4
1612	25364	4
1612	25477	4
1612	25561	4
1612	25697	4
1612	25701	4
1612	25845	4
1612	26421	4
1612	27068	4
1612	27607	4
1612	27899	4
1612	28457	4
1612	29996	4
1612	30475	4
1612	30591	4
1612	32817	4
1612	35802	4
1612	41233	4
1612	41234	4
1612	41238	4
1612	71741	4
1612	72050	4
1612	73550	4
1612	75659	4
1612	75788	4
1612	81545	4
1612	81550	4
1612	81551	4
1613	1007	4
1613	2067	4
1613	8326	4
1613	11159	4
1613	11161	4
1613	18886	4
1613	20328	4
1613	23793	4
1613	24105	4
1613	25731	4
1613	25988	4
1613	26024	4
1613	26625	4
1613	27196	4
1613	27371	4
1613	27487	4
1613	28809	4
1613	30261	4
1613	31204	4
1613	34026	4
1613	71633	4
1613	81559	4
1613	81560	4
1613	81561	4
1613	81562	4
1614	8464	4
1614	16859	4
1614	24899	4
1614	26114	4
1614	27120	4
1614	27124	4
1614	29022	4
1614	30369	4
1614	30374	4
1614	41258	4
1614	41259	4
1614	71792	4
1614	81567	4
1615	3041	4
1615	7602	4
1615	16860	4
1615	25669	4
1615	26615	4
1615	41261	4
1615	81569	4
1616	8204	4
1616	23903	4
1616	24027	4
1616	24031	4
1616	24536	4
1616	24632	4
1616	24997	4
1616	25727	4
1616	26092	4
1616	27023	4
1616	27368	4
1616	27522	4
1616	28274	4
1617	28203	4
1617	30636	4
1618	18923	4
1618	24540	4
1618	24541	4
1618	24542	4
1618	28954	4
1618	31852	4
1618	32112	4
1618	34489	4
1618	37378	4
1618	41278	4
1618	45320	4
1618	77198	4
1618	81573	4
1618	81575	4
1619	16036	4
1620	171	4
1620	8834	4
1620	11170	4
1620	18949	4
1620	19190	4
1620	25768	4
1620	29396	4
1620	35555	4
1620	37030	4
1620	38625	4
1620	41279	4
1620	72612	4
1620	79133	4
1620	81576	4
1620	81577	4
1621	25756	4
1621	26111	4
1621	35978	4
1621	35992	4
1621	39456	4
1621	41287	4
1622	484	4
1622	3750	4
1622	16865	4
1622	16867	4
1622	16868	4
1622	16870	4
1622	19989	4
1622	21080	4
1622	21081	4
1622	24240	4
1622	29768	4
1622	30411	4
1622	33730	4
1622	41289	4
1622	41291	4
1622	41292	4
1622	41294	4
1622	41297	4
1622	81581	4
1622	81582	4
1622	81585	4
1622	81586	4
1622	81587	4
1622	81590	4
1622	81591	4
1622	81593	4
1623	7855	4
1623	24072	4
1623	25121	4
1623	25366	4
1623	26202	4
1623	26533	4
1623	32302	4
1623	32810	4
1623	33907	4
1623	34278	4
1623	40647	4
1623	72949	4
1623	72978	4
1623	73119	4
1623	74694	4
1623	74695	4
1623	75028	4
1623	75721	4
1623	78734	4
1623	79177	4
1623	81599	4
1623	81600	4
1624	23899	4
1624	24421	4
1624	24515	4
1624	26364	4
1625	7658	4
1625	8256	4
1625	8801	4
1625	15840	4
1625	18991	4
1625	19070	4
1625	19271	4
1625	19283	4
1625	20741	4
1625	20838	4
1625	24153	4
1625	24178	4
1625	24192	4
1625	24201	4
1625	24403	4
1625	24503	4
1625	24522	4
1625	25182	4
1625	25321	4
1625	25464	4
1625	25555	4
1625	25563	4
1625	25692	4
1625	25948	4
1625	26121	4
1625	26454	4
1625	27071	4
1625	27573	4
1625	27907	4
1625	29355	4
1625	29381	4
1625	29955	4
1625	30604	4
1625	32382	4
1625	32704	4
1625	32859	4
1625	33285	4
1625	34668	4
1625	35149	4
1625	35963	4
1625	41301	4
1625	41303	4
1625	45108	4
1625	73312	4
1626	287	4
1626	23798	4
1626	23923	4
1626	24058	4
1626	24364	4
1626	24782	4
1626	25205	4
1627	14	4
1627	82	4
1627	94	4
1627	190	4
1627	192	4
1627	278	4
1627	580	4
1627	606	4
1627	1051	4
1627	1059	4
1627	1238	4
1627	1285	4
1627	1294	4
1627	2063	4
1627	2713	4
1627	3757	4
1627	7728	4
1627	8048	4
1627	8050	4
1627	9260	4
1627	10158	4
1627	10324	4
1627	10501	4
1627	18827	4
1627	18840	4
1627	18841	4
1627	18844	4
1627	18921	4
1627	18932	4
1627	18945	4
1627	18949	4
1627	19005	4
1627	19019	4
1627	19026	4
1627	19070	4
1627	19096	4
1627	19137	4
1627	19140	4
1627	19151	4
1627	19176	4
1627	19192	4
1627	19247	4
1627	19272	4
1627	19485	4
1627	20060	4
1627	20099	4
1627	20570	4
1627	20580	4
1627	20601	4
1627	20771	4
1627	23781	4
1627	23832	4
1627	23852	4
1627	23859	4
1627	24163	4
1627	24371	4
1627	24386	4
1627	24394	4
1627	24412	4
1627	24511	4
1627	24517	4
1627	24643	4
1627	24748	4
1627	24854	4
1627	24862	4
1627	24957	4
1627	25052	4
1627	25067	4
1627	25190	4
1627	25241	4
1627	25420	4
1627	25449	4
1627	25556	4
1627	25562	4
1627	25627	4
1627	25722	4
1627	25996	4
1627	26035	4
1627	26154	4
1627	26286	4
1627	26296	4
1627	26308	4
1627	26322	4
1627	26345	4
1627	26361	4
1627	26596	4
1627	26692	4
1627	26754	4
1627	27093	4
1627	27132	4
1627	27159	4
1627	27166	4
1627	27220	4
1627	27222	4
1627	27270	4
1627	27597	4
1627	27976	4
1627	28080	4
1627	28128	4
1627	28194	4
1627	28416	4
1627	28439	4
1627	28557	4
1627	28637	4
1627	28659	4
1627	29413	4
1627	29698	4
1627	29850	4
1627	29934	4
1627	30128	4
1627	30450	4
1627	30794	4
1627	31086	4
1627	31348	4
1627	31420	4
1627	31421	4
1627	31435	4
1627	31712	4
1627	31722	4
1627	31724	4
1627	31726	4
1627	31823	4
1627	32025	4
1627	32215	4
1627	34479	4
1627	36125	4
1627	36164	4
1627	36560	4
1627	39244	4
1627	41308	4
1627	41312	4
1627	41314	4
1627	44856	4
1627	45325	4
1627	45326	4
1627	71218	4
1627	71232	4
1627	71244	4
1627	71313	4
1627	71359	4
1627	71448	4
1627	71465	4
1627	71499	4
1627	71781	4
1627	71809	4
1627	71830	4
1627	71907	4
1627	71912	4
1627	71913	4
1627	71964	4
1627	72024	4
1627	72045	4
1627	72047	4
1627	72172	4
1627	72182	4
1627	72229	4
1627	72441	4
1627	72483	4
1627	72519	4
1627	72612	4
1627	72667	4
1627	72752	4
1627	72768	4
1627	72816	4
1627	72845	4
1627	72874	4
1627	73100	4
1627	73183	4
1627	73224	4
1627	73936	4
1627	74055	4
1627	74082	4
1627	74145	4
1627	74162	4
1627	74232	4
1627	74233	4
1627	74503	4
1627	74551	4
1627	74897	4
1627	75487	4
1627	76118	4
1627	77913	4
1627	78082	4
1627	78324	4
1627	78540	4
1627	78720	4
1627	79822	4
1627	80291	4
1627	81376	4
1627	81605	4
1627	81606	4
1627	81607	4
1627	81608	4
1627	81609	4
1627	81610	4
1627	81611	4
1627	81613	4
1627	81615	4
1627	81616	4
1627	81618	4
1627	81619	4
1627	81620	4
1627	81621	4
1627	81622	4
1627	81623	4
1627	81624	4
1627	81627	4
1627	81628	4
1627	81629	4
1627	81632	4
1627	81633	4
1627	81635	4
1627	81636	4
1627	81639	4
1628	31435	4
1629	7	4
1629	72	4
1629	94	4
1629	318	4
1629	338	4
1629	1247	4
1629	1312	4
1629	3758	4
1629	3759	4
1629	3763	4
1629	7576	4
1629	7714	4
1629	10182	4
1629	15668	4
1629	16708	4
1629	16875	4
1629	16877	4
1629	21086	4
1629	21087	4
1629	23889	4
1629	23893	4
1629	24124	4
1629	24517	4
1629	24612	4
1629	24632	4
1629	25871	4
1629	27628	4
1629	28314	4
1629	28598	4
1629	29567	4
1629	31824	4
1629	35585	4
1629	41184	4
1629	41319	4
1629	41320	4
1629	41325	4
1629	41327	4
1629	71553	4
1629	75953	4
1629	81643	4
1629	81647	4
1629	81649	4
1630	9854	4
1630	10276	4
1630	11180	4
1630	20147	4
1630	21088	4
1630	25052	4
1630	25948	4
1630	28993	4
1630	36470	4
1630	41328	4
1630	81654	4
1631	80	4
1631	9951	4
1631	23775	4
1631	23815	4
1631	24266	4
1631	24293	4
1631	24537	4
1631	24541	4
1631	25018	4
1631	25477	4
1631	25487	4
1631	25628	4
1631	25771	4
1631	26358	4
1631	27071	4
1631	27261	4
1631	27989	4
1631	28118	4
1631	28741	4
1631	29874	4
1631	31736	4
1631	32109	4
1631	33098	4
1631	35272	4
1631	39147	4
1631	40625	4
1631	40825	4
1631	41332	4
1631	71228	4
1631	72964	4
1631	74577	4
1631	81655	4
1632	7876	4
1632	16097	4
1632	23765	4
1632	24417	4
1632	41333	4
1632	44675	4
1632	73052	4
1633	7	4
1633	147	4
1633	477	4
1633	849	4
1633	990	4
1633	3769	4
1633	11187	4
1633	11188	4
1633	16265	4
1633	19593	4
1633	21094	4
1633	21095	4
1633	21096	4
1633	23822	4
1633	23846	4
1633	23885	4
1633	24132	4
1633	24505	4
1633	24552	4
1633	25216	4
1633	27003	4
1633	27014	4
1633	27597	4
1633	27680	4
1633	29375	4
1633	29449	4
1633	32815	4
1633	33919	4
1633	41336	4
1633	44721	4
1633	71510	4
1633	71977	4
1633	71984	4
1633	72922	4
1633	73458	4
1633	76665	4
1633	77054	4
1633	81657	4
1633	81658	4
1633	81659	4
1633	81661	4
1634	3771	4
1634	41343	4
1635	639	4
1635	7579	4
1635	8762	4
1635	8816	4
1635	8941	4
1635	9028	4
1635	23775	4
1635	23783	4
1635	23785	4
1635	23810	4
1635	23816	4
1635	23822	4
1635	23843	4
1635	23857	4
1635	23861	4
1635	23866	4
1635	23879	4
1635	23883	4
1635	23959	4
1635	24093	4
1635	24094	4
1635	24407	4
1635	24411	4
1635	24435	4
1635	24443	4
1635	24531	4
1635	24610	4
1635	24628	4
1635	25001	4
1635	25076	4
1635	25198	4
1635	25495	4
1635	25848	4
1635	26297	4
1635	26337	4
1635	26364	4
1635	26542	4
1635	26569	4
1635	26760	4
1635	26971	4
1635	27108	4
1635	27555	4
1635	27674	4
1635	27983	4
1635	28137	4
1635	28302	4
1635	28596	4
1635	28932	4
1635	29992	4
1635	30217	4
1635	30794	4
1635	30797	4
1635	31056	4
1635	31058	4
1635	31059	4
1635	31251	4
1635	31275	4
1635	31279	4
1635	31797	4
1635	31884	4
1635	32100	4
1635	32427	4
1635	32955	4
1635	33058	4
1635	34382	4
1635	35405	4
1635	35442	4
1635	35580	4
1635	36908	4
1635	37257	4
1635	37757	4
1635	38476	4
1635	39819	4
1635	40354	4
1635	41348	4
1635	41352	4
1635	41354	4
1635	41355	4
1635	41357	4
1636	20963	4
1636	23909	4
1636	24032	4
1636	24066	4
1636	24334	4
1636	24918	4
1636	25199	4
1636	25204	4
1636	25605	4
1636	25720	4
1636	25725	4
1636	26418	4
1636	27567	4
1636	27569	4
1636	28670	4
1636	71228	4
1636	71499	4
1636	78038	4
1636	79106	4
1636	79274	4
1636	81330	4
1636	81665	4
1636	81669	4
1637	3773	4
1637	3775	4
1637	11197	4
1637	11198	4
1637	16886	4
1637	25209	4
1637	26122	4
1637	35628	4
1637	37050	4
1637	41364	4
1637	41366	4
1637	73571	4
1637	81670	4
1637	81674	4
1637	81675	4
1637	81676	4
1637	81678	4
1638	130	4
1638	261	4
1638	1725	4
1638	2024	4
1638	3779	4
1638	16787	4
1638	23734	4
1638	24163	4
1638	25190	4
1638	25437	4
1638	25658	4
1638	25958	4
1638	28367	4
1638	30427	4
1638	37795	4
1638	41367	4
1638	41368	4
1638	71203	4
1638	71682	4
1638	72007	4
1638	72058	4
1638	78310	4
1638	81053	4
1639	18923	4
1639	19201	4
1639	23770	4
1639	23791	4
1639	23975	4
1639	24271	4
1639	24489	4
1639	24491	4
1639	24647	4
1639	24691	4
1639	24697	4
1639	24748	4
1639	24774	4
1639	25014	4
1639	25190	4
1639	25827	4
1639	27433	4
1639	27822	4
1639	28309	4
1639	28317	4
1639	28333	4
1639	28676	4
1639	34314	4
1639	34315	4
1639	35280	4
1639	35332	4
1639	71629	4
1639	72314	4
1639	79200	4
1640	1074	4
1640	2098	4
1640	3783	4
1640	16888	4
1640	21102	4
1640	24619	4
1640	25044	4
1640	26361	4
1640	28670	4
1640	31877	4
1640	31894	4
1640	33576	4
1640	41377	4
1640	41382	4
1640	73961	4
1640	79673	4
1640	81690	4
1641	190	4
1641	8606	4
1641	9536	4
1641	23772	4
1641	23775	4
1641	23807	4
1641	23836	4
1641	24164	4
1641	24421	4
1641	24429	4
1641	24540	4
1641	24883	4
1641	25124	4
1641	26971	4
1641	27133	4
1641	27597	4
1641	28289	4
1641	30180	4
1641	30790	4
1641	31437	4
1641	31615	4
1641	31718	4
1641	32163	4
1641	32819	4
1641	33237	4
1641	35087	4
1641	37785	4
1641	72935	4
1641	76790	4
1641	78831	4
1641	81350	4
1641	81691	4
1641	81692	4
1641	81695	4
1642	24540	4
1642	24621	4
1642	25194	4
1642	26665	4
1642	27522	4
1642	29323	4
1642	71347	4
1642	71636	4
1642	71682	4
1642	72668	4
1642	73089	4
1642	74497	4
1643	2621	4
1643	29647	4
1643	31093	4
1643	33803	4
1643	33921	4
1643	35635	4
1643	35737	4
1643	35748	4
1643	40038	4
1643	41393	4
1643	41394	4
1644	33117	4
1644	41287	4
1644	41401	4
1644	41402	4
1644	41404	4
1644	41406	4
1644	41412	4
1644	45331	4
1644	81702	4
1644	81703	4
1644	81704	4
1644	81705	4
1645	73	4
1645	9508	4
1645	10567	4
1645	21104	4
1645	23771	4
1645	23806	4
1645	23822	4
1645	23944	4
1645	24114	4
1645	24402	4
1645	24435	4
1645	25019	4
1645	25176	4
1645	25848	4
1645	26523	4
1645	26594	4
1645	26683	4
1645	26753	4
1645	27261	4
1645	27336	4
1645	27522	4
1645	27555	4
1645	28289	4
1645	28302	4
1645	28434	4
1645	29426	4
1645	30290	4
1645	31334	4
1645	32335	4
1645	35113	4
1645	41414	4
1645	45206	4
1645	45213	4
1645	71222	4
1645	71232	4
1645	71914	4
1645	72024	4
1645	72753	4
1645	72815	4
1645	72904	4
1645	72924	4
1645	73447	4
1645	73539	4
1645	77050	4
1645	77449	4
1645	81708	4
1646	23793	4
1646	24464	4
1646	24909	4
1646	25375	4
1646	25623	4
1646	26246	4
1646	26483	4
1646	27329	4
1646	30270	4
1646	45333	4
1646	45334	4
1646	50272	4
1646	71216	4
1646	72166	4
1646	74779	4
1646	81570	4
1646	81713	4
1647	23705	4
1647	23913	4
1647	23989	4
1647	23992	4
1647	25437	4
1647	29148	4
1647	36432	4
1647	39884	4
1647	74676	4
1647	74721	4
1647	81714	4
1648	18	4
1648	489	4
1648	1249	4
1648	11209	4
1648	16891	4
1648	18876	4
1648	19202	4
1648	23807	4
1648	23957	4
1648	23964	4
1648	34636	4
1648	71232	4
1648	71233	4
1648	78580	4
1649	26233	4
1649	28047	4
1649	28705	4
1649	41421	4
1650	11210	4
1650	24622	4
1650	25996	4
1650	27143	4
1650	35744	4
1650	41424	4
1651	10783	4
1651	24417	4
1651	24714	4
1651	24780	4
1651	24886	4
1651	24955	4
1651	25079	4
1651	27364	4
1651	32388	4
1651	33218	4
1651	37416	4
1651	50272	4
1651	81723	4
1652	411	4
1652	986	4
1652	2204	4
1652	3112	4
1652	3796	4
1652	11213	4
1652	11216	4
1652	15687	4
1652	19047	4
1652	19151	4
1652	19167	4
1652	19715	4
1652	21025	4
1652	21106	4
1652	21107	4
1652	21108	4
1652	21109	4
1652	21110	4
1652	21111	4
1652	21113	4
1652	21114	4
1652	23770	4
1652	24031	4
1652	24058	4
1652	24643	4
1652	24717	4
1652	24745	4
1652	24784	4
1652	24857	4
1652	24959	4
1652	24960	4
1652	24976	4
1652	25721	4
1652	27431	4
1652	27486	4
1652	28144	4
1652	28567	4
1652	31138	4
1652	31240	4
1652	32008	4
1652	32392	4
1652	33249	4
1652	33258	4
1652	33259	4
1652	33958	4
1652	34489	4
1652	34742	4
1652	34743	4
1652	34748	4
1652	35238	4
1652	35244	4
1652	35621	4
1652	36042	4
1652	36106	4
1652	36854	4
1652	37217	4
1652	37998	4
1652	38749	4
1652	38863	4
1652	39251	4
1652	40259	4
1652	40596	4
1652	40921	4
1652	41430	4
1652	41431	4
1652	41433	4
1652	41435	4
1652	41437	4
1652	41439	4
1652	41440	4
1652	41449	4
1652	41450	4
1652	41452	4
1652	41454	4
1652	41455	4
1652	41456	4
1652	41457	4
1652	41471	4
1652	41473	4
1652	41475	4
1652	45337	4
1652	71702	4
1652	74104	4
1652	81726	4
1652	81732	4
1652	81734	4
1652	81735	4
1652	81739	4
1652	81740	4
1652	81741	4
1652	81745	4
1652	81746	4
1653	954	4
1653	3800	4
1653	16897	4
1653	23800	4
1653	24065	4
1653	25243	4
1653	25366	4
1653	25577	4
1653	25929	4
1653	26162	4
1653	26385	4
1653	26391	4
1653	26563	4
1653	26744	4
1653	26836	4
1653	27270	4
1653	27627	4
1653	27731	4
1653	27772	4
1653	28040	4
1653	28165	4
1653	28395	4
1653	28414	4
1653	28749	4
1653	28753	4
1653	29184	4
1653	29185	4
1653	29195	4
1653	29197	4
1653	29202	4
1653	29223	4
1653	29486	4
1653	29491	4
1653	29607	4
1653	29963	4
1653	29964	4
1653	29966	4
1653	29967	4
1653	30013	4
1653	30191	4
1653	30343	4
1653	30450	4
1653	31125	4
1653	31129	4
1653	31929	4
1653	32389	4
1653	32438	4
1653	32636	4
1653	32655	4
1653	32664	4
1653	32905	4
1653	32906	4
1653	32976	4
1653	33126	4
1653	33157	4
1653	33202	4
1653	34154	4
1653	34495	4
1653	34561	4
1653	34808	4
1653	34845	4
1653	36518	4
1653	38262	4
1653	38283	4
1653	38291	4
1653	38670	4
1653	40653	4
1653	41476	4
1653	41478	4
1653	41483	4
1653	41488	4
1653	41493	4
1653	45338	4
1653	73239	4
1653	75611	4
1653	81751	4
1654	601	4
1654	16133	4
1654	18820	4
1654	23765	4
1654	23858	4
1654	33108	4
1654	37748	4
1654	41494	4
1654	45339	4
1654	71260	4
1655	576	4
1655	24601	4
1655	25494	4
1655	27975	4
1655	28521	4
1655	28979	4
1655	29353	4
1655	30305	4
1655	41496	4
1655	41497	4
1655	76640	4
1656	46	4
1656	844	4
1656	1197	4
1656	11220	4
1656	21117	4
1656	23873	4
1656	23928	4
1656	23993	4
1656	24108	4
1656	24163	4
1656	24192	4
1656	24201	4
1656	24522	4
1656	25170	4
1656	25190	4
1656	25210	4
1656	25331	4
1656	25344	4
1656	25668	4
1656	25748	4
1656	25771	4
1656	27029	4
1656	27034	4
1656	27091	4
1656	27491	4
1656	27896	4
1656	27912	4
1656	28468	4
1656	28519	4
1656	28955	4
1656	29066	4
1656	29441	4
1656	29948	4
1656	30475	4
1656	31971	4
1656	32031	4
1656	32378	4
1656	32398	4
1656	34924	4
1656	38542	4
1656	41498	4
1656	41499	4
1656	72056	4
1657	337	4
1657	21118	4
1657	23807	4
1657	23883	4
1657	24093	4
1657	24094	4
1657	24421	4
1657	24537	4
1657	24766	4
1657	25216	4
1657	25477	4
1657	25635	4
1657	25837	4
1657	29545	4
1657	34682	4
1657	71914	4
1657	72813	4
1657	79029	4
1657	81758	4
1657	81759	4
1657	81760	4
1658	24651	4
1658	71809	4
1659	31454	4
1660	26048	4
1661	7586	4
1661	19249	4
1661	23953	4
1661	24386	4
1661	25219	4
1661	25855	4
1661	26289	4
1661	26325	4
1661	27159	4
1661	32103	4
1661	32732	4
1661	77981	4
1662	119	4
1662	3807	4
1662	18917	4
1662	23698	4
1662	23754	4
1662	24297	4
1662	24323	4
1662	24364	4
1662	24690	4
1662	24719	4
1662	24764	4
1662	25123	4
1662	25202	4
1662	26070	4
1662	26972	4
1662	27934	4
1662	29544	4
1662	31134	4
1662	32479	4
1662	33962	4
1662	34161	4
1662	41514	4
1662	41515	4
1662	41517	4
1662	41519	4
1662	71216	4
1662	72460	4
1662	74205	4
1662	78747	4
1662	79780	4
1662	81767	4
1663	2027	4
1663	7626	4
1663	21123	4
1663	24221	4
1663	24368	4
1663	24629	4
1663	25910	4
1663	28209	4
1663	28430	4
1663	31226	4
1663	31424	4
1663	41526	4
1663	41530	4
1663	41531	4
1663	41535	4
1664	1850	4
1664	11233	4
1664	38238	4
1665	1514	4
1665	23911	4
1665	24140	4
1665	24995	4
1665	25256	4
1665	25318	4
1665	25446	4
1665	25575	4
1665	27397	4
1665	27582	4
1665	29288	4
1665	71212	4
1666	65	4
1666	117	4
1666	203	4
1666	404	4
1666	505	4
1666	567	4
1666	576	4
1666	2335	4
1666	3809	4
1666	11236	4
1666	15700	4
1666	19952	4
1666	20252	4
1666	23731	4
1666	23765	4
1666	23914	4
1666	23931	4
1666	24052	4
1666	24058	4
1666	24070	4
1666	24268	4
1666	24274	4
1666	24362	4
1666	24427	4
1666	24719	4
1666	24757	4
1666	24760	4
1666	24817	4
1666	24863	4
1666	25433	4
1666	25437	4
1666	25439	4
1666	25456	4
1666	25600	4
1666	25843	4
1666	26090	4
1666	26270	4
1666	26407	4
1666	26450	4
1666	26477	4
1666	26496	4
1666	26616	4
1666	26897	4
1666	27040	4
1666	27481	4
1666	27872	4
1666	28602	4
1666	28803	4
1666	29241	4
1666	29787	4
1666	30727	4
1666	31609	4
1666	32144	4
1666	33206	4
1666	33344	4
1666	33926	4
1666	38099	4
1666	38223	4
1666	39196	4
1666	41549	4
1666	41553	4
1666	41554	4
1666	50272	4
1666	57929	4
1666	71197	4
1666	71433	4
1666	71939	4
1666	71941	4
1666	72391	4
1666	73224	4
1666	74917	4
1666	75256	4
1666	76144	4
1666	76909	4
1666	78792	4
1666	79188	4
1666	79191	4
1666	81407	4
1666	81780	4
1666	81781	4
1666	81784	4
1666	81786	4
1666	81790	4
1667	24278	4
1667	45341	4
1667	74364	4
1668	23786	4
1668	23846	4
1668	24553	4
1668	25045	4
1668	25143	4
1668	25146	4
1668	26358	4
1668	26547	4
1668	26986	4
1668	26996	4
1668	28321	4
1668	76161	4
1669	3816	4
1669	24452	4
1669	25885	4
1669	25955	4
1669	33440	4
1669	34675	4
1669	46361	4
1669	71757	4
1669	81792	4
1670	1489	4
1670	1802	4
1670	11238	4
1670	16901	4
1670	26116	4
1670	27804	4
1670	31416	4
1670	33236	4
1670	45342	4
1670	71447	4
1671	658	4
1671	891	4
1671	1033	4
1671	1677	4
1671	2154	4
1671	8337	4
1671	11241	4
1671	19851	4
1671	24564	4
1671	26176	4
1671	26181	4
1671	26182	4
1671	27699	4
1671	27701	4
1671	28682	4
1671	29611	4
1671	29700	4
1671	31601	4
1671	31603	4
1671	31615	4
1671	33916	4
1671	36700	4
1671	37778	4
1671	37788	4
1671	41566	4
1671	41569	4
1671	41572	4
1671	53729	4
1671	74357	4
1671	76685	4
1671	76686	4
1671	78489	4
1671	81794	4
1672	123	4
1672	305	4
1672	3817	4
1672	3818	4
1672	11242	4
1672	25276	4
1672	29289	4
1672	41583	4
1672	71487	4
1672	81795	4
1672	81796	4
1672	81798	4
1672	81799	4
1672	81800	4
1672	81802	4
1672	81803	4
1673	25067	4
1673	29039	4
1674	26266	4
1675	24163	4
1675	25157	4
1675	25349	4
1675	25748	4
1675	25940	4
1675	28862	4
1675	29039	4
1675	29053	4
1675	29724	4
1675	39975	4
1675	45346	4
1675	78395	4
1676	673	4
1676	8403	4
1676	9103	4
1676	18819	4
1676	18922	4
1676	19336	4
1676	25007	4
1676	25363	4
1676	26154	4
1676	26589	4
1676	28261	4
1676	30182	4
1676	30554	4
1676	32035	4
1676	41591	4
1676	72902	4
1676	73404	4
1676	74711	4
1676	75855	4
1676	80060	4
1676	81805	4
1676	81807	4
1677	16902	4
1677	18946	4
1677	19019	4
1677	41594	4
1677	41598	4
1677	77437	4
1677	81809	4
1677	81811	4
1677	81813	4
1678	71	4
1678	123	4
1678	187	4
1678	780	4
1678	3068	4
1678	3821	4
1678	3822	4
1678	3823	4
1678	3824	4
1678	3826	4
1678	3827	4
1678	3828	4
1678	16563	4
1678	16903	4
1678	16908	4
1678	16909	4
1678	16910	4
1678	18813	4
1678	18840	4
1678	19947	4
1678	21017	4
1678	21128	4
1678	25537	4
1678	25899	4
1678	26838	4
1678	29631	4
1678	30151	4
1678	31037	4
1678	31039	4
1678	31652	4
1678	32412	4
1678	35476	4
1678	36531	4
1678	36701	4
1678	37802	4
1678	38994	4
1678	41606	4
1678	41608	4
1678	41613	4
1678	41615	4
1678	41616	4
1678	45349	4
1678	71629	4
1678	71878	4
1678	72140	4
1678	72141	4
1678	72488	4
1678	74119	4
1678	81819	4
1678	81821	4
1678	81822	4
1678	81824	4
1678	81826	4
1678	81827	4
1678	81829	4
1678	81830	4
1678	81835	4
1678	81836	4
1678	81837	4
1679	1075	4
1679	27656	4
1679	28221	4
1679	30650	4
1679	35769	4
1679	35781	4
1679	37134	4
1679	37139	4
1679	77011	4
1679	77012	4
1679	81839	4
1680	13	4
1680	277	4
1680	1495	4
1680	8829	4
1680	16146	4
1680	18967	4
1680	19094	4
1680	19106	4
1680	21121	4
1680	23780	4
1680	23825	4
1680	23938	4
1680	24072	4
1680	24074	4
1680	24271	4
1680	24295	4
1680	24300	4
1680	24301	4
1680	24412	4
1680	25116	4
1680	25117	4
1680	25118	4
1680	25121	4
1680	25146	4
1680	25216	4
1680	25864	4
1680	26011	4
1680	26276	4
1680	26669	4
1680	26670	4
1680	27011	4
1680	27290	4
1680	27295	4
1680	27305	4
1680	27306	4
1680	27907	4
1680	28006	4
1680	28012	4
1680	28013	4
1680	28764	4
1680	28804	4
1680	29510	4
1680	29514	4
1680	29518	4
1680	29525	4
1680	30335	4
1680	30450	4
1680	30993	4
1680	32289	4
1680	32295	4
1680	32784	4
1680	32785	4
1680	32788	4
1680	32805	4
1680	32984	4
1680	33932	4
1680	34198	4
1680	34214	4
1680	34235	4
1680	34237	4
1680	34239	4
1680	34276	4
1680	34294	4
1680	34305	4
1680	34414	4
1680	35107	4
1680	35202	4
1680	35234	4
1680	35675	4
1680	35755	4
1680	38032	4
1680	38697	4
1680	39195	4
1680	39252	4
1680	41623	4
1680	41628	4
1680	41631	4
1680	41635	4
1680	41639	4
1680	41640	4
1680	41641	4
1680	71298	4
1680	74701	4
1680	74921	4
1680	74933	4
1680	74942	4
1680	78309	4
1680	81841	4
1680	81847	4
1680	81848	4
1680	81849	4
1681	8200	4
1681	16914	4
1681	19292	4
1681	23955	4
1681	24140	4
1681	25084	4
1681	25115	4
1681	27140	4
1681	27143	4
1681	31427	4
1681	31435	4
1681	31714	4
1681	41643	4
1681	81851	4
1682	11	4
1682	73	4
1682	92	4
1682	137	4
1682	1254	4
1682	1659	4
1682	2235	4
1682	7761	4
1682	8068	4
1682	8590	4
1682	15781	4
1682	16915	4
1682	18872	4
1682	20162	4
1682	20428	4
1682	23727	4
1682	23772	4
1682	23775	4
1682	23777	4
1682	23780	4
1682	23827	4
1682	23832	4
1682	23846	4
1682	23856	4
1682	23872	4
1682	23885	4
1682	23891	4
1682	23894	4
1682	23959	4
1682	24421	4
1682	24454	4
1682	24514	4
1682	24540	4
1682	24545	4
1682	24549	4
1682	24596	4
1682	25028	4
1682	25044	4
1682	25144	4
1682	25146	4
1682	25218	4
1682	25476	4
1682	25480	4
1682	25635	4
1682	26501	4
1682	26584	4
1682	26592	4
1682	26599	4
1682	27014	4
1682	27179	4
1682	27211	4
1682	27261	4
1682	27369	4
1682	27687	4
1682	28149	4
1682	28262	4
1682	28278	4
1682	28331	4
1682	28424	4
1682	28436	4
1682	28449	4
1682	28580	4
1682	28637	4
1682	28933	4
1682	28958	4
1682	29320	4
1682	30799	4
1682	32210	4
1682	33283	4
1682	35556	4
1682	37764	4
1682	71271	4
1682	71356	4
1682	71388	4
1682	72078	4
1682	72154	4
1682	72475	4
1682	72753	4
1682	73446	4
1682	73689	4
1682	74717	4
1682	75777	4
1682	76170	4
1682	78177	4
1683	601	4
1683	7899	4
1683	8892	4
1683	23701	4
1683	23857	4
1683	23929	4
1683	24056	4
1683	24321	4
1683	25727	4
1683	25756	4
1683	25871	4
1683	26695	4
1683	27562	4
1683	27565	4
1683	29391	4
1683	29545	4
1684	52	4
1684	1039	4
1684	1746	4
1684	1802	4
1684	3838	4
1684	9693	4
1684	11270	4
1684	11271	4
1684	19093	4
1684	19106	4
1684	19337	4
1684	24029	4
1684	24956	4
1684	26108	4
1684	26122	4
1684	26477	4
1684	27357	4
1684	27363	4
1684	32462	4
1684	33326	4
1684	33958	4
1684	34492	4
1684	38240	4
1684	41655	4
1684	81856	4
1684	81859	4
1684	81860	4
1685	800	4
1685	984	4
1685	1905	4
1685	7509	4
1685	9950	4
1685	18818	4
1685	18844	4
1685	18889	4
1685	19151	4
1685	23688	4
1685	23690	4
1685	23772	4
1685	23774	4
1685	23775	4
1685	23806	4
1685	23807	4
1685	23813	4
1685	23815	4
1685	23819	4
1685	23832	4
1685	23835	4
1685	23877	4
1685	23882	4
1685	23930	4
1685	23945	4
1685	24093	4
1685	24094	4
1685	24107	4
1685	24245	4
1685	24407	4
1685	24421	4
1685	24430	4
1685	24505	4
1685	24506	4
1685	24530	4
1685	24549	4
1685	24553	4
1685	24602	4
1685	24692	4
1685	25044	4
1685	25146	4
1685	25382	4
1685	25467	4
1685	25468	4
1685	25474	4
1685	25479	4
1685	25482	4
1685	25491	4
1685	25492	4
1685	25500	4
1685	25544	4
1685	26281	4
1685	26325	4
1685	26362	4
1685	26531	4
1685	26559	4
1685	26599	4
1685	26695	4
1685	26760	4
1685	26971	4
1685	27010	4
1685	27112	4
1685	27157	4
1685	27179	4
1685	27525	4
1685	27588	4
1685	28111	4
1685	28120	4
1685	28262	4
1685	28425	4
1685	28466	4
1685	28468	4
1685	28637	4
1685	28956	4
1685	29296	4
1685	29375	4
1685	29379	4
1685	29462	4
1685	29545	4
1685	29954	4
1685	30553	4
1685	30651	4
1685	30682	4
1685	30795	4
1685	30824	4
1685	31797	4
1685	32035	4
1685	32133	4
1685	32162	4
1685	32955	4
1685	33452	4
1685	33672	4
1685	33705	4
1685	34643	4
1685	34954	4
1685	36833	4
1685	37672	4
1685	38598	4
1685	40038	4
1685	41656	4
1685	41657	4
1685	71244	4
1685	71255	4
1685	71356	4
1685	71554	4
1685	71636	4
1685	72476	4
1685	72908	4
1685	72957	4
1685	73404	4
1685	73458	4
1685	73478	4
1685	74402	4
1685	77265	4
1685	80143	4
1685	81864	4
1685	81865	4
1686	65	4
1686	24412	4
1686	24464	4
1686	24540	4
1686	26573	4
1687	24150	4
1687	28419	4
1688	9609	4
1688	18841	4
1688	19026	4
1688	24026	4
1688	24031	4
1688	25102	4
1688	26452	4
1688	29268	4
1688	29377	4
1688	30328	4
1688	30588	4
1688	73803	4
1689	849	4
1689	23724	4
1689	23865	4
1689	24094	4
1689	26281	4
1689	28260	4
1689	29262	4
1689	38717	4
1690	75	4
1690	1307	4
1690	1483	4
1690	2073	4
1690	3844	4
1690	18944	4
1690	24721	4
1690	25162	4
1690	25321	4
1690	25485	4
1690	25526	4
1690	25697	4
1690	25935	4
1690	25936	4
1690	25958	4
1690	25964	4
1690	26872	4
1690	29732	4
1690	29960	4
1690	31867	4
1690	33126	4
1690	35168	4
1690	36724	4
1690	41660	4
1690	41662	4
1690	41663	4
1690	41664	4
1690	41667	4
1691	202	4
1691	3845	4
1691	23706	4
1691	23790	4
1691	24105	4
1691	25391	4
1691	25888	4
1692	18812	4
1692	23754	4
1692	23802	4
1692	23911	4
1692	24108	4
1692	24286	4
1692	24325	4
1692	24719	4
1692	25260	4
1692	27134	4
1692	27817	4
1692	27846	4
1692	29017	4
1692	29390	4
1692	31184	4
1692	32465	4
1692	32737	4
1692	32754	4
1692	41670	4
1692	41671	4
1692	41672	4
1692	41677	4
1693	23801	4
1693	23858	4
1693	23911	4
1693	24012	4
1693	24069	4
1693	24857	4
1693	25078	4
1693	25318	4
1693	27295	4
1693	27510	4
1693	28000	4
1693	28548	4
1693	28574	4
1693	30053	4
1693	30087	4
1693	41022	4
1694	2552	4
1694	3849	4
1694	11249	4
1694	23699	4
1694	23802	4
1694	24058	4
1694	24074	4
1694	24661	4
1694	24675	4
1694	24702	4
1694	24735	4
1694	24967	4
1694	25053	4
1694	25607	4
1694	26250	4
1694	26267	4
1694	26849	4
1694	27625	4
1694	29900	4
1694	30261	4
1694	30896	4
1694	30909	4
1694	31001	4
1694	31458	4
1694	31487	4
1694	33023	4
1694	33506	4
1694	35084	4
1694	41680	4
1694	71493	4
1694	71636	4
1694	73585	4
1694	76166	4
1695	54	4
1695	352	4
1695	1504	4
1695	8720	4
1695	18922	4
1695	19129	4
1695	19395	4
1695	23759	4
1695	24364	4
1695	24707	4
1695	24954	4
1695	25397	4
1695	25713	4
1695	25733	4
1695	25985	4
1695	26160	4
1695	27467	4
1695	27484	4
1695	28626	4
1695	29533	4
1695	30160	4
1695	31610	4
1695	31621	4
1695	31624	4
1695	32451	4
1695	35607	4
1695	41681	4
1695	41683	4
1695	41684	4
1695	81401	4
1696	7692	4
1696	15933	4
1696	24323	4
1696	24370	4
1696	24970	4
1696	25072	4
1696	28476	4
1696	35107	4
1696	36304	4
1696	41689	4
1696	73513	4
1696	75218	4
1696	81873	4
1696	81874	4
1697	1668	4
1697	2568	4
1697	2722	4
1697	3275	4
1697	3850	4
1697	3851	4
1697	3852	4
1697	7519	4
1697	7777	4
1697	8177	4
1697	8354	4
1697	9558	4
1697	9826	4
1697	9978	4
1697	10266	4
1697	11278	4
1697	16925	4
1697	20586	4
1697	21151	4
1697	23816	4
1697	23899	4
1697	24087	4
1697	24551	4
1697	25116	4
1697	27014	4
1697	27678	4
1697	28039	4
1697	28082	4
1697	28086	4
1697	28803	4
1697	28817	4
1697	28820	4
1697	28822	4
1697	28823	4
1697	28825	4
1697	28826	4
1697	29482	4
1697	29756	4
1697	29764	4
1697	29772	4
1697	30056	4
1697	31158	4
1697	31163	4
1697	32717	4
1697	32749	4
1697	33363	4
1697	33375	4
1697	33857	4
1697	33859	4
1697	33873	4
1697	33888	4
1697	33905	4
1697	34582	4
1697	35425	4
1697	35427	4
1697	35430	4
1697	35675	4
1697	35889	4
1697	36052	4
1697	36396	4
1697	36978	4
1697	37998	4
1697	39378	4
1697	40156	4
1697	41690	4
1697	41692	4
1697	41693	4
1697	41696	4
1697	41700	4
1697	45356	4
1697	75348	4
1697	75641	4
1697	75655	4
1697	75657	4
1697	75690	4
1697	77326	4
1697	77330	4
1697	77739	4
1697	77994	4
1697	81876	4
1697	81878	4
1697	81879	4
1697	81881	4
1697	81883	4
1697	81885	4
1697	81887	4
1697	81888	4
1697	81890	4
1697	81895	4
1698	32188	4
1698	32865	4
1699	3854	4
1699	21153	4
1699	26380	4
1699	26385	4
1699	26389	4
1699	28395	4
1699	28416	4
1699	28665	4
1699	29190	4
1699	30496	4
1699	31133	4
1699	32119	4
1699	32512	4
1699	32545	4
1699	32948	4
1699	32952	4
1699	33002	4
1699	33014	4
1699	33774	4
1699	34557	4
1699	40232	4
1699	40632	4
1699	41706	4
1699	41708	4
1699	41711	4
1699	77399	4
1700	541	4
1700	581	4
1700	659	4
1700	2841	4
1700	11279	4
1700	19062	4
1700	20259	4
1700	24122	4
1700	24563	4
1700	25683	4
1700	26171	4
1700	26179	4
1700	26180	4
1700	27601	4
1700	27696	4
1700	27703	4
1700	27712	4
1700	27714	4
1700	28368	4
1700	28553	4
1700	28990	4
1700	31339	4
1700	31444	4
1700	35049	4
1700	35050	4
1700	35686	4
1700	36144	4
1700	37788	4
1700	41712	4
1700	41714	4
1700	53729	4
1700	74358	4
1700	74367	4
1700	78473	4
1700	81896	4
1700	81897	4
1701	23991	4
1701	25305	4
1701	26573	4
1701	27329	4
1702	334	4
1702	1846	4
1702	3219	4
1702	3420	4
1702	3860	4
1702	3861	4
1702	3862	4
1702	9021	4
1702	9708	4
1702	11281	4
1702	23787	4
1702	24684	4
1702	24848	4
1702	25564	4
1702	26517	4
1702	27449	4
1702	27761	4
1702	28671	4
1702	28717	4
1702	28724	4
1702	29976	4
1702	30553	4
1702	31841	4
1702	32529	4
1702	36913	4
1702	38156	4
1702	40343	4
1702	41721	4
1702	41722	4
1702	41723	4
1702	41724	4
1702	41725	4
1702	71386	4
1702	71417	4
1702	71900	4
1702	73037	4
1702	73446	4
1702	75179	4
1702	78600	4
1702	81908	4
1702	81911	4
1703	9594	4
1703	11283	4
1703	18844	4
1703	24109	4
1703	25052	4
1703	25464	4
1703	26664	4
1703	27035	4
1703	27080	4
1703	27093	4
1703	28423	4
1703	29353	4
1703	30418	4
1703	31636	4
1703	31867	4
1703	32612	4
1703	36926	4
1703	41730	4
1703	41731	4
1703	72014	4
1703	73727	4
1703	76698	4
1703	78097	4
1703	81914	4
1704	606	4
1704	9026	4
1704	9690	4
1704	9755	4
1704	23857	4
1704	24033	4
1704	24090	4
1704	24094	4
1704	24406	4
1704	24628	4
1704	25072	4
1704	25835	4
1704	27447	4
1704	28264	4
1704	31328	4
1704	31700	4
1704	38020	4
1704	73478	4
1705	65	4
1705	2592	4
1705	23718	4
1705	23770	4
1705	23925	4
1705	23931	4
1705	24074	4
1705	24324	4
1705	24745	4
1705	25610	4
1705	27364	4
1705	27802	4
1705	28602	4
1705	30352	4
1705	30632	4
1705	33116	4
1705	33316	4
1705	40395	4
1705	41734	4
1705	71196	4
1705	71633	4
1705	71636	4
1705	71757	4
1706	507	4
1706	513	4
1706	23929	4
1706	24664	4
1706	25307	4
1707	3864	4
1707	8111	4
1707	11284	4
1707	23780	4
1707	23806	4
1707	24125	4
1707	25144	4
1707	26092	4
1707	26515	4
1707	27690	4
1707	27843	4
1707	28211	4
1707	28215	4
1707	29457	4
1707	29542	4
1707	29544	4
1707	29806	4
1707	30660	4
1707	32486	4
1707	32498	4
1707	33284	4
1707	33285	4
1707	33967	4
1707	36099	4
1707	37494	4
1707	41735	4
1707	41738	4
1707	41744	4
1707	41748	4
1707	71221	4
1707	71354	4
1707	71401	4
1707	71416	4
1707	72154	4
1707	74186	4
1707	74824	4
1707	81917	4
1707	81920	4
1707	81924	4
1707	81926	4
1708	23775	4
1708	24545	4
1708	27115	4
1708	37177	4
1708	41749	4
1708	41750	4
1708	41751	4
1708	71390	4
1708	71987	4
1708	81932	4
1709	23929	4
1709	24388	4
1709	25609	4
1709	28629	4
1709	38887	4
1710	21	4
1710	93	4
1710	424	4
1710	1846	4
1710	2496	4
1710	2605	4
1710	3099	4
1710	3218	4
1710	3543	4
1710	3868	4
1710	3869	4
1710	21157	4
1710	24062	4
1710	24273	4
1710	25028	4
1710	25502	4
1710	25604	4
1710	25912	4
1710	25958	4
1710	26155	4
1710	26307	4
1710	26332	4
1710	26335	4
1710	32135	4
1710	32779	4
1710	36652	4
1710	38707	4
1710	39837	4
1710	72493	4
1710	72786	4
1711	505	4
1711	23908	4
1712	1483	4
1712	18827	4
1712	18923	4
1712	19140	4
1712	19406	4
1712	23775	4
1712	23780	4
1712	23781	4
1712	23786	4
1712	23831	4
1712	23837	4
1712	23850	4
1712	23899	4
1712	23984	4
1712	24047	4
1712	24107	4
1712	24129	4
1712	24183	4
1712	24361	4
1712	24387	4
1712	24443	4
1712	24452	4
1712	24612	4
1712	24621	4
1712	24879	4
1712	25241	4
1712	25318	4
1712	25439	4
1712	25496	4
1712	25652	4
1712	25751	4
1712	25980	4
1712	26011	4
1712	26542	4
1712	26588	4
1712	26815	4
1712	27007	4
1712	27015	4
1712	27067	4
1712	27449	4
1712	27454	4
1712	27504	4
1712	27707	4
1712	27978	4
1712	28137	4
1712	28210	4
1712	28278	4
1712	28297	4
1712	28310	4
1712	28367	4
1712	28478	4
1712	28731	4
1712	28764	4
1712	28777	4
1712	28798	4
1712	28809	4
1712	28954	4
1712	28966	4
1712	29295	4
1712	29303	4
1712	29375	4
1712	29654	4
1712	29688	4
1712	29734	4
1712	29874	4
1712	30076	4
1712	31791	4
1712	31922	4
1712	32144	4
1712	32149	4
1712	32151	4
1712	32368	4
1712	32747	4
1712	32936	4
1712	33285	4
1712	34435	4
1712	34687	4
1712	34990	4
1712	35051	4
1712	35171	4
1712	35185	4
1712	35187	4
1712	37082	4
1712	40189	4
1712	40655	4
1712	40852	4
1712	40872	4
1712	41192	4
1712	41225	4
1712	41759	4
1712	41763	4
1712	41765	4
1712	41769	4
1712	64364	4
1712	71647	4
1712	76017	4
1713	190	4
1713	11287	4
1713	19755	4
1713	23865	4
1713	24130	4
1713	24632	4
1713	24697	4
1713	24835	4
1713	24883	4
1713	24961	4
1713	24997	4
1713	25266	4
1713	26524	4
1713	27415	4
1713	27423	4
1713	27430	4
1713	27452	4
1713	29445	4
1713	29704	4
1713	30749	4
1713	31839	4
1713	32112	4
1713	35001	4
1713	41777	4
1713	41778	4
1713	41779	4
1714	23866	4
1714	23899	4
1715	1	4
1715	7518	4
1715	8371	4
1715	18873	4
1715	28135	4
1715	33694	4
1715	40917	4
1715	41781	4
1715	73752	4
1716	287	4
1716	24332	4
1716	25249	4
1716	41782	4
1716	71622	4
1716	76972	4
1717	13	4
1717	189	4
1717	7730	4
1717	8496	4
1717	8854	4
1717	11290	4
1717	11291	4
1717	19200	4
1717	19352	4
1717	19756	4
1717	20685	4
1717	21157	4
1717	21162	4
1717	21164	4
1717	21165	4
1717	23734	4
1717	23736	4
1717	23786	4
1717	23803	4
1717	23807	4
1717	23813	4
1717	23837	4
1717	23849	4
1717	23861	4
1717	23866	4
1717	23868	4
1717	23870	4
1717	23883	4
1717	23899	4
1717	24094	4
1717	24096	4
1717	24107	4
1717	24110	4
1717	24124	4
1717	24144	4
1717	24202	4
1717	24203	4
1717	24262	4
1717	24370	4
1717	24419	4
1717	24428	4
1717	24443	4
1717	24505	4
1717	24530	4
1717	24545	4
1717	24578	4
1717	25055	4
1717	25331	4
1717	25469	4
1717	25553	4
1717	25556	4
1717	25562	4
1717	25575	4
1717	25708	4
1717	25864	4
1717	25935	4
1717	26717	4
1717	26724	4
1717	26725	4
1717	26726	4
1717	26730	4
1717	27003	4
1717	27019	4
1717	27094	4
1717	27274	4
1717	27564	4
1717	27578	4
1717	27645	4
1717	28426	4
1717	28598	4
1717	29071	4
1717	29375	4
1717	29642	4
1717	29948	4
1717	30498	4
1717	30512	4
1717	30726	4
1717	30727	4
1717	31308	4
1717	33102	4
1717	33350	4
1717	35034	4
1717	35488	4
1717	36586	4
1717	36599	4
1717	36661	4
1717	36670	4
1717	36702	4
1717	39284	4
1717	39571	4
1717	40253	4
1717	40643	4
1717	41205	4
1717	41784	4
1717	41786	4
1717	41787	4
1717	41788	4
1717	41789	4
1717	71674	4
1717	74909	4
1717	75251	4
1717	81944	4
1717	81945	4
1718	8107	4
1718	23797	4
1718	24122	4
1718	24149	4
1718	24194	4
1718	24649	4
1718	25113	4
1718	25182	4
1718	25190	4
1718	25210	4
1718	25355	4
1718	25360	4
1718	29261	4
1718	29296	4
1718	30726	4
1718	30850	4
1718	33102	4
1718	37722	4
1718	39025	4
1718	41792	4
1718	41793	4
1718	45362	4
1718	75182	4
1718	76352	4
1718	81946	4
1718	81948	4
1718	81949	4
1719	94	4
1719	216	4
1719	277	4
1719	842	4
1719	2037	4
1719	2067	4
1719	2371	4
1719	3195	4
1719	3265	4
1719	3875	4
1719	3876	4
1719	3877	4
1719	3878	4
1719	3881	4
1719	3882	4
1719	3885	4
1719	3886	4
1719	3891	4
1719	3892	4
1719	3895	4
1719	3898	4
1719	11299	4
1719	19366	4
1719	19377	4
1719	21168	4
1719	21169	4
1719	21171	4
1719	21173	4
1719	21174	4
1719	21175	4
1719	25151	4
1719	25570	4
1719	26123	4
1719	26944	4
1719	26995	4
1719	27631	4
1719	28209	4
1719	28772	4
1719	29082	4
1719	29793	4
1719	29798	4
1719	29809	4
1719	29846	4
1719	29853	4
1719	29873	4
1719	29884	4
1719	29894	4
1719	31001	4
1719	31730	4
1719	32688	4
1719	33322	4
1719	33441	4
1719	33481	4
1719	33508	4
1719	33756	4
1719	34935	4
1719	35412	4
1719	36441	4
1719	36773	4
1719	36813	4
1719	37076	4
1719	37086	4
1719	38510	4
1719	41797	4
1719	41798	4
1719	41799	4
1719	41802	4
1719	41803	4
1719	41804	4
1719	41806	4
1719	41808	4
1719	41809	4
1719	41815	4
1719	41816	4
1719	41817	4
1719	41818	4
1719	41821	4
1719	41822	4
1719	41823	4
1719	41828	4
1719	41830	4
1719	41832	4
1719	41833	4
1719	41835	4
1719	45366	4
1719	71446	4
1719	72082	4
1719	72123	4
1719	72212	4
1719	72518	4
1719	73625	4
1719	73670	4
1719	73671	4
1719	73673	4
1719	73699	4
1719	73988	4
1719	74281	4
1719	74286	4
1719	74291	4
1719	74294	4
1719	74890	4
1719	74893	4
1719	75385	4
1719	75391	4
1719	75580	4
1719	75734	4
1719	77557	4
1719	77577	4
1719	77597	4
1719	77833	4
1719	78931	4
1719	78973	4
1719	78976	4
1719	79557	4
1719	79748	4
1719	79749	4
1719	81062	4
1719	81954	4
1719	81958	4
1719	81959	4
1719	81963	4
1719	81965	4
1719	81966	4
1719	81967	4
1719	81968	4
1719	81969	4
1719	81971	4
1719	81972	4
1719	81974	4
1719	81979	4
1719	81981	4
1719	81982	4
1719	81986	4
1719	81989	4
1719	81992	4
1719	81996	4
1719	81999	4
1719	82001	4
1719	82007	4
1719	82011	4
1719	82015	4
1719	82016	4
1719	82017	4
1719	82019	4
1719	82020	4
1719	82021	4
1719	82024	4
1719	82027	4
1719	82028	4
1719	82031	4
1719	82033	4
1719	82038	4
1719	82039	4
1719	82043	4
1719	82044	4
1719	82045	4
1719	82048	4
1719	82050	4
1719	82052	4
1719	82053	4
1719	82054	4
1719	82055	4
1719	82058	4
1719	82059	4
1719	82062	4
1719	82065	4
1720	960	4
1720	19078	4
1720	25190	4
1720	25317	4
1721	3901	4
1721	20774	4
1721	21178	4
1721	34844	4
1721	39616	4
1721	41845	4
1722	31	4
1722	1226	4
1722	1682	4
1722	1684	4
1722	3903	4
1722	3906	4
1722	3909	4
1722	3910	4
1722	3911	4
1722	8869	4
1722	9428	4
1722	10795	4
1722	10863	4
1722	21179	4
1722	23781	4
1722	23977	4
1722	24357	4
1722	24407	4
1722	24480	4
1722	24482	4
1722	24824	4
1722	24911	4
1722	24968	4
1722	25012	4
1722	25014	4
1722	25273	4
1722	25279	4
1722	25366	4
1722	25492	4
1722	25798	4
1722	25808	4
1722	26198	4
1722	26407	4
1722	26410	4
1722	26416	4
1722	26533	4
1722	26549	4
1722	26552	4
1722	26553	4
1722	26819	4
1722	27409	4
1722	27535	4
1722	27574	4
1722	28279	4
1722	28322	4
1722	28330	4
1722	28342	4
1722	28343	4
1722	31226	4
1722	32338	4
1722	33461	4
1722	33463	4
1722	34056	4
1722	35280	4
1722	35534	4
1722	35627	4
1722	36114	4
1722	37839	4
1722	40099	4
1722	40672	4
1722	41373	4
1722	41846	4
1722	41848	4
1722	71488	4
1722	80074	4
1722	81129	4
1722	82070	4
1722	82071	4
1722	82073	4
1723	473	4
1724	9689	4
1724	16823	4
1724	18980	4
1724	28230	4
1724	28244	4
1724	28371	4
1724	29831	4
1724	29990	4
1724	29993	4
1724	30644	4
1724	30646	4
1724	30679	4
1724	31098	4
1724	31742	4
1724	31887	4
1724	31900	4
1724	32045	4
1724	33382	4
1724	33573	4
1724	33921	4
1724	33967	4
1724	35254	4
1724	36880	4
1724	37125	4
1724	37138	4
1724	40033	4
1724	40045	4
1724	40052	4
1724	41385	4
1724	41852	4
1724	41853	4
1724	41854	4
1724	73929	4
1724	73961	4
1724	75427	4
1724	77952	4
1724	80140	4
1725	21163	4
1725	23800	4
1725	24029	4
1725	25205	4
1725	25318	4
1725	26109	4
1725	26578	4
1725	27371	4
1725	34002	4
1725	37408	4
1725	72990	4
1726	11305	4
1726	11308	4
1726	25011	4
1726	25211	4
1726	25665	4
1726	26057	4
1726	26473	4
1726	30727	4
1726	31301	4
1727	11310	4
1727	19533	4
1727	23765	4
1727	23918	4
1727	24111	4
1727	24274	4
1727	24650	4
1727	24664	4
1727	24976	4
1727	27486	4
1727	27505	4
1727	27544	4
1727	28472	4
1727	28761	4
1727	28915	4
1727	30118	4
1727	35840	4
1727	38166	4
1727	40667	4
1727	79402	4
1729	27500	4
1729	41866	4
1729	41870	4
1730	3917	4
1730	11313	4
1730	20561	4
1730	23763	4
1730	23909	4
1730	24271	4
1730	24432	4
1730	24465	4
1730	24711	4
1730	24903	4
1730	27816	4
1730	28475	4
1730	33692	4
1730	41873	4
1730	79293	4
1730	82083	4
1731	3918	4
1731	24007	4
1731	26522	4
1731	31665	4
1732	18917	4
1732	23874	4
1732	23883	4
1732	25480	4
1732	28120	4
1732	33763	4
1732	73446	4
1732	82084	4
1733	19091	4
1733	23880	4
1734	33053	4
1734	81498	4
1734	82086	4
1734	82087	4
1734	82089	4
1734	82090	4
1735	333	4
1735	576	4
1735	3919	4
1735	18830	4
1735	18927	4
1735	18946	4
1735	18975	4
1735	19019	4
1735	19020	4
1735	19026	4
1735	19078	4
1735	19098	4
1735	19107	4
1735	19639	4
1735	24989	4
1735	26671	4
1735	29328	4
1736	65	4
1736	10611	4
1736	16943	4
1736	18884	4
1736	20078	4
1736	23764	4
1736	24699	4
1736	25551	4
1736	26241	4
1736	26246	4
1736	26254	4
1736	26744	4
1736	29390	4
1736	71473	4
1736	72166	4
1736	74775	4
1736	76947	4
1737	28038	4
1737	34578	4
1738	43	4
1738	186	4
1738	21190	4
1738	23715	4
1738	24023	4
1738	24044	4
1738	24280	4
1738	24377	4
1738	24673	4
1738	24689	4
1738	24885	4
1738	24914	4
1738	25017	4
1738	25416	4
1738	25985	4
1738	27329	4
1738	27497	4
1738	27560	4
1738	27793	4
1738	28076	4
1738	29134	4
1738	30718	4
1738	31183	4
1738	34076	4
1738	40676	4
1738	41883	4
1738	41884	4
1738	41885	4
1738	71957	4
1738	72739	4
1738	74100	4
1738	76832	4
1738	76835	4
1738	82097	4
1738	82098	4
1738	82099	4
1739	145	4
1739	8112	4
1739	10288	4
1739	11020	4
1739	11320	4
1739	11322	4
1739	19959	4
1739	23868	4
1739	23883	4
1739	24740	4
1739	26508	4
1739	26690	4
1739	26753	4
1739	27339	4
1739	27477	4
1739	30180	4
1739	30216	4
1739	34383	4
1739	41887	4
1739	71401	4
1739	71636	4
1739	71939	4
1739	73458	4
1739	73478	4
1739	73525	4
1739	74263	4
1739	78796	4
1740	8640	4
1740	10327	4
1740	23903	4
1740	23919	4
1740	24044	4
1740	24286	4
1740	24331	4
1740	24388	4
1740	24661	4
1740	25078	4
1740	25309	4
1740	25880	4
1740	26103	4
1740	26164	4
1740	27295	4
1740	27312	4
1740	27477	4
1740	27545	4
1740	27934	4
1740	29007	4
1740	30212	4
1740	32273	4
1740	34266	4
1740	34720	4
1740	41888	4
1740	71450	4
1741	23765	4
1741	23775	4
1741	23787	4
1741	23858	4
1741	24031	4
1741	24794	4
1741	26250	4
1741	27509	4
1741	27784	4
1741	28465	4
1741	28803	4
1741	29943	4
1741	30158	4
1741	30583	4
1742	603	4
1742	11325	4
1743	43	4
1743	27408	4
1743	71455	4
1743	72990	4
1744	9400	4
1744	11326	4
1744	11327	4
1744	25034	4
1744	27555	4
1745	94	4
1745	560	4
1745	766	4
1745	901	4
1745	1103	4
1745	1546	4
1745	9522	4
1745	18818	4
1745	18974	4
1745	18991	4
1745	19106	4
1745	19284	4
1745	23721	4
1745	23727	4
1745	24421	4
1745	25210	4
1745	25368	4
1745	25559	4
1745	25628	4
1745	25656	4
1745	25675	4
1745	25701	4
1745	25759	4
1745	25930	4
1745	27077	4
1745	27604	4
1745	28173	4
1745	28319	4
1745	28460	4
1745	28880	4
1745	29037	4
1745	29052	4
1745	29409	4
1745	30472	4
1745	30475	4
1745	31006	4
1745	38546	4
1745	38980	4
1745	41894	4
1745	41898	4
1745	41900	4
1745	41901	4
1745	41902	4
1745	71212	4
1746	544	4
1746	25865	4
1746	26172	4
1746	26174	4
1746	26182	4
1746	27700	4
1746	28978	4
1746	29611	4
1746	31439	4
1746	31443	4
1746	33446	4
1746	41567	4
1746	41904	4
1747	7740	4
1747	8398	4
1747	31828	4
1748	30742	4
1748	33027	4
1748	35942	4
1748	37617	4
1748	41914	4
1748	75646	4
1749	359	4
1749	436	4
1749	3934	4
1749	18885	4
1749	18978	4
1749	18995	4
1749	21200	4
1749	23765	4
1749	23798	4
1749	23842	4
1749	23913	4
1749	24063	4
1749	24361	4
1749	24501	4
1749	24531	4
1749	24776	4
1749	24820	4
1749	25206	4
1749	25695	4
1749	25874	4
1749	26079	4
1749	26089	4
1749	26113	4
1749	26375	4
1749	26971	4
1749	27271	4
1749	27815	4
1749	28512	4
1749	28610	4
1749	28927	4
1749	29224	4
1749	31255	4
1749	32084	4
1749	32590	4
1749	32715	4
1749	37021	4
1749	38552	4
1749	40649	4
1749	41933	4
1749	41934	4
1749	41935	4
1749	71222	4
1749	76431	4
1749	82117	4
1750	521	4
1750	1717	4
1750	2849	4
1750	19216	4
1750	21201	4
1750	23719	4
1750	24174	4
1750	24477	4
1750	24483	4
1750	24701	4
1750	24947	4
1750	25298	4
1750	25304	4
1750	25335	4
1750	25563	4
1750	25681	4
1750	25685	4
1750	25980	4
1750	26407	4
1750	26414	4
1750	26533	4
1750	27347	4
1750	27529	4
1750	27624	4
1750	27902	4
1750	28557	4
1750	28812	4
1750	30199	4
1750	30423	4
1750	30874	4
1750	31959	4
1750	32588	4
1750	32887	4
1750	33299	4
1750	33672	4
1750	35325	4
1750	37298	4
1750	38727	4
1750	40232	4
1750	41152	4
1750	41788	4
1750	41945	4
1750	82119	4
1751	16951	4
1751	23706	4
1751	24058	4
1751	26086	4
1751	26474	4
1751	28076	4
1751	28503	4
1751	34002	4
1751	40326	4
1752	9171	4
1752	18830	4
1752	18872	4
1752	19140	4
1752	24163	4
1752	27566	4
1752	39991	4
1752	41955	4
1752	72611	4
1752	74639	4
1752	82128	4
1753	26106	4
1753	28814	4
1753	29758	4
1753	31164	4
1753	33371	4
1753	36062	4
1753	36388	4
1753	41956	4
1754	102	4
1754	2208	4
1754	3682	4
1754	3941	4
1754	3942	4
1754	23765	4
1754	23993	4
1754	24058	4
1754	24280	4
1754	26166	4
1754	26477	4
1754	26771	4
1754	34264	4
1754	41563	4
1754	41958	4
1754	45370	4
1754	75835	4
1755	3943	4
1755	7811	4
1755	7925	4
1755	8575	4
1755	11340	4
1755	20701	4
1755	23791	4
1755	24052	4
1755	24075	4
1755	24289	4
1755	24364	4
1755	24388	4
1755	24452	4
1755	24465	4
1755	24778	4
1755	24860	4
1755	24903	4
1755	25384	4
1755	25733	4
1755	25872	4
1755	25884	4
1755	26126	4
1755	26131	4
1755	26573	4
1755	26574	4
1755	26855	4
1755	27489	4
1755	29120	4
1755	33268	4
1755	34244	4
1755	34878	4
1755	35100	4
1755	36435	4
1755	40126	4
1755	40279	4
1755	40283	4
1755	41959	4
1755	75811	4
1755	82133	4
1755	82135	4
1755	82138	4
1756	194	4
1756	8078	4
1756	10334	4
1756	18826	4
1756	19756	4
1756	23798	4
1756	24118	4
1756	24537	4
1756	24627	4
1756	25146	4
1756	25493	4
1756	25725	4
1756	25775	4
1756	25848	4
1756	26283	4
1756	28555	4
1756	29334	4
1756	29700	4
1756	32133	4
1756	38293	4
1757	82	4
1757	1937	4
1757	3944	4
1757	3945	4
1757	3946	4
1757	19593	4
1757	21204	4
1757	24194	4
1757	24550	4
1757	25144	4
1757	26589	4
1757	27226	4
1757	27447	4
1757	27687	4
1757	28244	4
1757	31737	4
1757	32832	4
1757	32988	4
1757	33563	4
1757	33604	4
1757	34659	4
1757	34988	4
1757	36666	4
1757	40304	4
1757	41966	4
1757	71249	4
1758	341	4
1758	3947	4
1758	3948	4
1758	9351	4
1758	10318	4
1758	18827	4
1758	19251	4
1758	21205	4
1758	21206	4
1758	28290	4
1758	30192	4
1758	33163	4
1758	37571	4
1758	81608	4
1758	82141	4
1758	82142	4
1758	82145	4
1759	17	4
1759	278	4
1759	519	4
1759	11088	4
1759	24606	4
1759	26043	4
1759	26589	4
1759	26754	4
1759	26990	4
1759	27228	4
1759	31339	4
1759	35495	4
1759	37244	4
1759	71399	4
1759	71738	4
1759	77676	4
1759	82150	4
1760	11353	4
1760	11354	4
1760	19507	4
1760	21208	4
1760	21209	4
1760	21211	4
1760	30804	4
1760	30807	4
1760	32347	4
1760	36729	4
1760	40897	4
1760	41127	4
1760	41974	4
1760	41975	4
1760	41981	4
1760	41984	4
1760	41985	4
1760	41986	4
1760	41988	4
1760	41989	4
1760	41990	4
1760	41992	4
1760	41994	4
1760	41995	4
1760	41996	4
1760	42002	4
1760	42008	4
1760	42009	4
1760	42010	4
1760	42014	4
1760	42017	4
1760	82151	4
1760	82153	4
1760	82155	4
1760	82159	4
1760	82161	4
1760	82162	4
1760	82169	4
1761	23704	4
1761	23793	4
1761	24702	4
1761	25307	4
1761	27401	4
1761	30163	4
1762	26197	4
1762	35033	4
1763	7680	4
1763	18890	4
1763	20339	4
1763	23716	4
1763	23791	4
1763	23910	4
1763	23920	4
1763	24456	4
1763	24689	4
1763	24718	4
1763	24803	4
1763	24854	4
1763	24885	4
1763	25391	4
1763	25446	4
1763	25574	4
1763	26438	4
1763	27360	4
1763	27547	4
1763	28452	4
1763	28895	4
1763	28912	4
1763	30322	4
1763	30634	4
1763	31258	4
1763	32340	4
1763	32411	4
1763	32413	4
1763	33309	4
1763	39232	4
1763	42023	4
1763	71296	4
1763	73800	4
1763	82175	4
1764	7	4
1764	43	4
1764	399	4
1764	7588	4
1764	7642	4
1764	7734	4
1764	7951	4
1764	11359	4
1764	11362	4
1764	23832	4
1764	23943	4
1764	23961	4
1764	23962	4
1764	24005	4
1764	24398	4
1764	24545	4
1764	24621	4
1764	24622	4
1764	25033	4
1764	25536	4
1764	25543	4
1764	25673	4
1764	25914	4
1764	26105	4
1764	26284	4
1764	26285	4
1764	26330	4
1764	26582	4
1764	27381	4
1764	27991	4
1764	28209	4
1764	29375	4
1764	31348	4
1764	32373	4
1764	34478	4
1764	36558	4
1764	39985	4
1764	71241	4
1764	71411	4
1764	71416	4
1764	71857	4
1764	72154	4
1764	72905	4
1764	73525	4
1764	73793	4
1764	74006	4
1764	74619	4
1764	75180	4
1764	75589	4
1764	75724	4
1764	76790	4
1764	77103	4
1764	82176	4
1764	82178	4
1765	18945	4
1765	19098	4
1765	73536	4
1765	82180	4
1766	313	4
1766	3958	4
1766	3959	4
1766	23802	4
1766	23858	4
1766	23900	4
1766	23921	4
1766	23927	4
1766	23996	4
1766	24023	4
1766	24027	4
1766	24105	4
1766	24108	4
1766	24332	4
1766	24338	4
1766	24370	4
1766	24441	4
1766	24679	4
1766	24906	4
1766	25078	4
1766	25249	4
1766	25404	4
1766	25506	4
1766	25614	4
1766	26149	4
1766	26251	4
1766	26254	4
1766	27368	4
1766	27374	4
1766	27544	4
1766	27811	4
1766	28106	4
1766	28486	4
1766	30270	4
1766	34162	4
1767	24365	4
1767	25127	4
1767	25435	4
1767	28915	4
1767	29462	4
1767	42028	4
1768	11367	4
1768	11371	4
1768	16960	4
1768	19288	4
1768	21215	4
1768	23811	4
1768	28037	4
1768	28041	4
1768	28085	4
1768	28627	4
1768	28941	4
1768	29217	4
1768	29219	4
1768	29496	4
1768	32471	4
1768	32661	4
1768	33015	4
1768	35064	4
1768	38016	4
1768	41489	4
1768	42034	4
1768	42040	4
1768	42043	4
1768	45376	4
1768	45379	4
1768	82185	4
1768	82186	4
1768	82187	4
1768	82190	4
1768	82191	4
1768	82196	4
1768	82200	4
1768	82201	4
1768	82204	4
1768	82205	4
1768	82208	4
1768	82209	4
1768	82211	4
1768	82215	4
1769	101	4
1769	1281	4
1769	3058	4
1769	3965	4
1769	19151	4
1769	27236	4
1769	27237	4
1769	27955	4
1769	28637	4
1769	31755	4
1769	32215	4
1769	32220	4
1769	32224	4
1769	32503	4
1769	33946	4
1769	33951	4
1769	34526	4
1769	35453	4
1769	37312	4
1769	37459	4
1769	37741	4
1769	37823	4
1769	38498	4
1769	38650	4
1769	38905	4
1769	41165	4
1769	42061	4
1769	42067	4
1769	42070	4
1769	42071	4
1769	42075	4
1769	45380	4
1769	71312	4
1769	71313	4
1769	72270	4
1769	74425	4
1769	76071	4
1769	76094	4
1769	77598	4
1769	78515	4
1769	78527	4
1769	79158	4
1769	82221	4
1769	82222	4
1769	82223	4
1769	82224	4
1769	82227	4
1769	82231	4
1769	82232	4
1769	82233	4
1769	82236	4
1769	82237	4
1769	82241	4
1769	82242	4
1769	82243	4
1770	65	4
1770	945	4
1770	18949	4
1770	19018	4
1770	19040	4
1770	19247	4
1770	19283	4
1770	19340	4
1770	21217	4
1770	23712	4
1770	23716	4
1770	23757	4
1770	23769	4
1770	23802	4
1770	24083	4
1770	24432	4
1770	24909	4
1770	25384	4
1770	25398	4
1770	25435	4
1770	25609	4
1770	27157	4
1770	27726	4
1770	27936	4
1770	72398	4
1770	74619	4
1770	82245	4
1770	82246	4
1770	82247	4
1771	482	4
1771	24797	4
1771	25304	4
1771	25739	4
1771	27957	4
1771	31368	4
1771	42083	4
1771	75859	4
1771	81452	4
1771	82249	4
1772	3970	4
1772	24477	4
1772	24481	4
1772	26160	4
1772	26268	4
1772	27460	4
1772	35288	4
1772	42085	4
1772	71378	4
1772	71636	4
1772	72519	4
1772	77169	4
1773	1047	4
1773	3972	4
1773	7725	4
1773	11379	4
1773	19322	4
1773	20464	4
1773	21219	4
1773	21221	4
1773	24057	4
1773	24378	4
1773	24466	4
1773	24633	4
1773	25396	4
1773	27534	4
1773	29679	4
1773	30807	4
1773	34844	4
1773	37812	4
1773	38623	4
1773	40183	4
1773	40422	4
1773	42087	4
1773	42088	4
1773	42091	4
1773	71924	4
1773	72148	4
1773	72166	4
1773	72266	4
1773	81560	4
1773	82253	4
1773	82254	4
1773	82255	4
1774	11381	4
1774	42096	4
1775	570	4
1775	1291	4
1775	3975	4
1775	8014	4
1775	8016	4
1775	9386	4
1775	15677	4
1775	16965	4
1775	18811	4
1775	18886	4
1775	19565	4
1775	20323	4
1775	20412	4
1775	20431	4
1775	20594	4
1775	21226	4
1775	23697	4
1775	23698	4
1775	23699	4
1775	23700	4
1775	23759	4
1775	23763	4
1775	23766	4
1775	23791	4
1775	23802	4
1775	23900	4
1775	23908	4
1775	23921	4
1775	23925	4
1775	23929	4
1775	23933	4
1775	23938	4
1775	23994	4
1775	24031	4
1775	24044	4
1775	24055	4
1775	24074	4
1775	24078	4
1775	24105	4
1775	24203	4
1775	24293	4
1775	24295	4
1775	24323	4
1775	24325	4
1775	24370	4
1775	24383	4
1775	24643	4
1775	24865	4
1775	24871	4
1775	24902	4
1775	25201	4
1775	25258	4
1775	25307	4
1775	25378	4
1775	25443	4
1775	25451	4
1775	25506	4
1775	25575	4
1775	25577	4
1775	25613	4
1775	25616	4
1775	25623	4
1775	25692	4
1775	26094	4
1775	26337	4
1775	26435	4
1775	26438	4
1775	26452	4
1775	26476	4
1775	26495	4
1775	26573	4
1775	26686	4
1775	27023	4
1775	27196	4
1775	27308	4
1775	27351	4
1775	27353	4
1775	27489	4
1775	27543	4
1775	27779	4
1775	27890	4
1775	27933	4
1775	28177	4
1775	28293	4
1775	28488	4
1775	28686	4
1775	29315	4
1775	30258	4
1775	30841	4
1775	30954	4
1775	31176	4
1775	31496	4
1775	32137	4
1775	33373	4
1775	33558	4
1775	34047	4
1775	35348	4
1775	37368	4
1775	37518	4
1775	38502	4
1775	39284	4
1775	39498	4
1775	41857	4
1775	42100	4
1775	42101	4
1775	42102	4
1775	42106	4
1775	42107	4
1775	42109	4
1775	42111	4
1775	45381	4
1775	71196	4
1775	71303	4
1775	71374	4
1775	71453	4
1775	72401	4
1775	74180	4
1775	74975	4
1775	78650	4
1775	79780	4
1775	82029	4
1775	82259	4
1775	82260	4
1775	82263	4
1775	82264	4
1775	82265	4
1775	82266	4
1775	82267	4
1776	29	4
1776	43	4
1776	187	4
1776	330	4
1776	339	4
1776	446	4
1776	542	4
1776	610	4
1776	612	4
1776	636	4
1776	684	4
1776	1464	4
1776	2496	4
1776	3099	4
1776	3215	4
1776	3218	4
1776	3978	4
1776	3980	4
1776	3982	4
1776	3983	4
1776	3984	4
1776	3985	4
1776	3986	4
1776	3989	4
1776	3993	4
1776	8038	4
1776	8809	4
1776	11329	4
1776	11396	4
1776	16966	4
1776	16969	4
1776	16970	4
1776	19072	4
1776	21229	4
1776	25538	4
1776	25858	4
1776	26590	4
1776	28130	4
1776	28669	4
1776	28953	4
1776	33751	4
1776	34100	4
1776	37937	4
1776	42114	4
1776	44721	4
1776	45168	4
1776	71748	4
1776	72863	4
1776	74026	4
1776	78006	4
1776	79613	4
1776	82272	4
1776	82274	4
1776	82277	4
1776	82278	4
1776	82281	4
1776	82282	4
1776	82283	4
1776	82284	4
1777	430	4
1777	696	4
1777	1860	4
1777	3201	4
1777	9755	4
1777	11401	4
1777	19340	4
1777	19644	4
1777	23978	4
1777	24180	4
1777	24197	4
1777	24574	4
1777	24576	4
1777	24579	4
1777	24584	4
1777	24587	4
1777	24604	4
1777	25052	4
1777	25119	4
1777	25175	4
1777	25194	4
1777	25243	4
1777	25835	4
1777	25891	4
1777	26420	4
1777	26628	4
1777	26661	4
1777	26665	4
1777	26683	4
1777	27029	4
1777	27228	4
1777	27255	4
1777	28079	4
1777	28768	4
1777	28993	4
1777	29107	4
1777	29337	4
1777	29353	4
1777	30288	4
1777	30299	4
1777	30371	4
1777	31944	4
1777	31950	4
1777	32692	4
1777	35272	4
1777	38273	4
1777	39551	4
1777	40065	4
1777	42117	4
1777	42118	4
1777	42119	4
1777	42121	4
1777	45059	4
1777	45384	4
1777	74227	4
1777	77431	4
1777	82286	4
1778	7	4
1778	94	4
1778	1034	4
1778	2364	4
1778	3996	4
1778	18840	4
1778	18946	4
1778	19049	4
1778	23804	4
1778	23945	4
1778	24106	4
1778	24621	4
1778	25034	4
1778	25147	4
1778	25262	4
1778	25286	4
1778	26455	4
1778	26535	4
1778	26545	4
1778	26813	4
1778	27006	4
1778	27010	4
1778	28277	4
1778	28284	4
1778	28338	4
1778	33098	4
1778	34063	4
1778	40782	4
1778	42126	4
1778	71742	4
1778	72978	4
1778	74840	4
1779	23866	4
1779	23879	4
1779	24435	4
1779	24545	4
1779	24547	4
1779	24553	4
1779	26364	4
1779	27014	4
1779	28208	4
1779	28596	4
1779	30794	4
1779	35692	4
1780	7	4
1780	451	4
1780	535	4
1780	541	4
1780	627	4
1780	634	4
1780	1464	4
1780	1696	4
1780	1734	4
1780	2826	4
1780	3999	4
1780	4000	4
1780	4002	4
1780	4003	4
1780	4004	4
1780	4005	4
1780	4006	4
1780	4009	4
1780	4011	4
1780	4012	4
1780	7509	4
1780	7725	4
1780	15873	4
1780	16820	4
1780	18840	4
1780	18844	4
1780	19431	4
1780	19674	4
1780	21236	4
1780	25864	4
1780	27387	4
1780	29269	4
1780	31440	4
1780	31603	4
1780	32061	4
1780	37382	4
1780	37470	4
1780	37776	4
1780	39582	4
1780	42129	4
1780	71359	4
1780	71737	4
1780	71742	4
1780	71743	4
1780	72488	4
1780	72493	4
1780	72496	4
1780	72612	4
1780	72646	4
1780	73054	4
1780	73065	4
1780	73665	4
1780	74270	4
1780	74273	4
1780	74357	4
1780	74399	4
1780	74503	4
1780	75373	4
1780	75731	4
1780	76412	4
1780	76738	4
1780	76871	4
1780	77463	4
1780	78485	4
1780	78490	4
1780	81153	4
1780	82290	4
1780	82291	4
1780	82292	4
1780	82294	4
1780	82295	4
1780	82296	4
1780	82297	4
1780	82300	4
1780	82302	4
1780	82306	4
1780	82307	4
1780	82308	4
1781	18830	4
1781	18844	4
1781	18872	4
1781	19013	4
1781	19771	4
1781	23850	4
1781	24156	4
1781	24430	4
1781	25147	4
1781	25560	4
1781	25563	4
1781	26230	4
1781	26649	4
1781	26777	4
1781	27067	4
1781	27070	4
1781	27090	4
1781	27324	4
1781	27453	4
1781	29252	4
1781	29873	4
1781	30416	4
1781	31458	4
1781	31478	4
1781	34932	4
1781	71212	4
1781	73008	4
1782	4013	4
1782	18889	4
1782	24275	4
1782	24404	4
1782	25390	4
1782	26266	4
1782	26627	4
1782	27527	4
1782	28060	4
1782	72295	4
1782	82342	4
1782	82343	4
1783	228	4
1783	32712	4
1783	33715	4
1783	33869	4
1783	33880	4
1783	37261	4
1783	40143	4
1783	42146	4
1783	42150	4
1784	333	4
1784	2209	4
1784	71298	4
1785	855	4
1785	893	4
1785	7586	4
1785	18826	4
1785	21239	4
1785	25449	4
1785	26283	4
1785	27449	4
1785	27959	4
1785	29991	4
1785	32218	4
1785	72742	4
1785	80076	4
1786	4017	4
1786	23742	4
1786	24760	4
1786	24817	4
1786	25209	4
1786	26496	4
1786	26923	4
1786	27590	4
1786	29445	4
1786	29545	4
1786	30950	4
1786	73689	4
1786	74503	4
1786	77808	4
1786	81271	4
1787	4018	4
1787	4019	4
1787	28790	4
1787	71564	4
1788	287	4
1788	10807	4
1788	23996	4
1788	24711	4
1788	27545	4
1788	36902	4
1788	74779	4
1788	82350	4
1789	23706	4
1789	23929	4
1789	23938	4
1789	24045	4
1789	24702	4
1789	25607	4
1789	26452	4
1789	26563	4
1789	27509	4
1789	30120	4
1789	30737	4
1790	23766	4
1790	24108	4
1790	26241	4
1790	26254	4
1790	27308	4
1790	33325	4
1790	34278	4
1790	42157	4
1790	71216	4
1790	71809	4
1790	72166	4
1791	4021	4
1791	18812	4
1791	19091	4
1791	19513	4
1791	23909	4
1791	23911	4
1791	24465	4
1791	24503	4
1791	24758	4
1791	24954	4
1791	26091	4
1791	26480	4
1791	26482	4
1791	27408	4
1791	28610	4
1791	30116	4
1791	42158	4
1791	42160	4
1791	71214	4
1791	71294	4
1791	76517	4
1791	77438	4
1792	272	4
1792	2730	4
1792	3699	4
1792	24650	4
1792	24715	4
1792	26703	4
1792	27022	4
1792	29155	4
1792	31922	4
1792	34390	4
1792	37184	4
1792	37287	4
1792	37533	4
1792	39434	4
1792	42166	4
1792	42168	4
1792	42169	4
1792	42170	4
1792	42171	4
1793	541	4
1793	659	4
1793	2229	4
1793	2839	4
1793	3814	4
1793	8336	4
1793	11412	4
1793	11413	4
1793	11414	4
1793	15745	4
1793	16480	4
1793	16584	4
1793	18946	4
1793	18949	4
1793	20333	4
1793	24162	4
1793	24541	4
1793	24556	4
1793	24563	4
1793	26171	4
1793	26175	4
1793	26177	4
1793	26179	4
1793	26507	4
1793	27339	4
1793	27699	4
1793	27709	4
1793	27711	4
1793	29616	4
1793	29701	4
1793	30791	4
1793	31439	4
1793	31444	4
1793	31450	4
1793	31602	4
1793	31605	4
1793	31911	4
1793	33444	4
1793	36955	4
1793	37782	4
1793	37785	4
1793	41558	4
1793	42175	4
1793	42179	4
1793	71390	4
1793	71403	4
1793	72200	4
1793	72501	4
1793	72506	4
1793	73065	4
1793	73514	4
1793	73545	4
1793	74274	4
1793	74362	4
1793	75254	4
1793	75373	4
1793	76134	4
1793	78475	4
1793	78480	4
1793	78486	4
1793	78489	4
1793	78494	4
1793	79359	4
1793	80191	4
1793	81793	4
1793	81794	4
1793	82356	4
1793	82360	4
1793	82361	4
1793	82363	4
1793	82367	4
1794	16	4
1794	43	4
1794	4022	4
1794	4023	4
1794	4024	4
1794	7732	4
1794	8979	4
1794	9386	4
1794	11415	4
1794	11417	4
1794	11419	4
1794	11420	4
1794	16270	4
1794	18884	4
1794	18885	4
1794	18958	4
1794	18967	4
1794	19040	4
1794	19414	4
1794	19597	4
1794	21228	4
1794	21249	4
1794	25883	4
1794	26111	4
1794	26124	4
1794	26250	4
1794	26426	4
1794	26477	4
1794	36725	4
1794	47794	4
1794	71214	4
1794	71216	4
1794	71453	4
1794	71455	4
1794	71466	4
1794	71478	4
1794	71490	4
1794	71497	4
1794	71508	4
1794	71636	4
1794	71756	4
1794	71771	4
1794	72639	4
1794	73422	4
1794	73513	4
1794	73516	4
1794	73803	4
1794	74676	4
1794	74858	4
1794	74977	4
1794	75305	4
1794	75835	4
1794	76679	4
1794	77754	4
1794	82370	4
1794	82371	4
1794	82373	4
1794	82374	4
1794	82377	4
1794	82378	4
1794	82379	4
1794	82385	4
1794	82387	4
1795	7725	4
1795	11421	4
1795	11422	4
1795	24165	4
1795	27460	4
1795	31971	4
1795	33855	4
1795	42185	4
1795	42187	4
1796	4028	4
1796	21253	4
1796	24009	4
1796	24158	4
1796	37507	4
1796	42188	4
1797	52	4
1797	871	4
1797	7925	4
1797	8016	4
1797	24318	4
1797	25956	4
1797	28477	4
1797	30480	4
1797	36270	4
1798	117	4
1798	289	4
1798	601	4
1798	603	4
1798	605	4
1798	1236	4
1798	1785	4
1798	4029	4
1798	8534	4
1798	9179	4
1798	10751	4
1798	15674	4
1798	16982	4
1798	18973	4
1798	19049	4
1798	19414	4
1798	21254	4
1798	23732	4
1798	23800	4
1798	23802	4
1798	23901	4
1798	23911	4
1798	23922	4
1798	23924	4
1798	23929	4
1798	23931	4
1798	23937	4
1798	24034	4
1798	24035	4
1798	24046	4
1798	24273	4
1798	24326	4
1798	24361	4
1798	24696	4
1798	24761	4
1798	24789	4
1798	24885	4
1798	25205	4
1798	25249	4
1798	25253	4
1798	25382	4
1798	25450	4
1798	25590	4
1798	26131	4
1798	26573	4
1798	27313	4
1798	27399	4
1798	27554	4
1798	27557	4
1798	27929	4
1798	29676	4
1798	30409	4
1798	30480	4
1798	30643	4
1798	31210	4
1798	31283	4
1798	31327	4
1798	31581	4
1798	33328	4
1798	34123	4
1798	35462	4
1798	39905	4
1798	42192	4
1798	42197	4
1798	71265	4
1798	71466	4
1798	71508	4
1798	71809	4
1798	71819	4
1798	71939	4
1798	71940	4
1798	72380	4
1798	72515	4
1798	72670	4
1798	73506	4
1798	73512	4
1798	74619	4
1798	75972	4
1798	76675	4
1798	76680	4
1798	76963	4
1798	77992	4
1798	78555	4
1798	78853	4
1798	82393	4
1798	82398	4
1798	82399	4
1798	82401	4
1798	82402	4
1798	82406	4
1798	82407	4
1798	82411	4
1798	82416	4
1799	192	4
1799	8941	4
1799	11437	4
1799	23783	4
1799	24421	4
1799	24627	4
1799	27007	4
1799	27628	4
1799	29987	4
1799	30215	4
1799	31839	4
1799	33757	4
1799	77242	4
1800	11438	4
1800	24411	4
1800	24629	4
1800	25006	4
1800	26523	4
1800	42210	4
1801	13	4
1801	1225	4
1801	1238	4
1801	1905	4
1801	1907	4
1801	3016	4
1801	3720	4
1801	4033	4
1801	4034	4
1801	4035	4
1801	4036	4
1801	4039	4
1801	7972	4
1801	9235	4
1801	11439	4
1801	11440	4
1801	11441	4
1801	11442	4
1801	16984	4
1801	16986	4
1801	19127	4
1801	19522	4
1801	19663	4
1801	19992	4
1801	20251	4
1801	21257	4
1801	21259	4
1801	23751	4
1801	23776	4
1801	23786	4
1801	24375	4
1801	24443	4
1801	24457	4
1801	24459	4
1801	24553	4
1801	24680	4
1801	24689	4
1801	24735	4
1801	24840	4
1801	24863	4
1801	24958	4
1801	25146	4
1801	25342	4
1801	25391	4
1801	25978	4
1801	26125	4
1801	26458	4
1801	26470	4
1801	26523	4
1801	26596	4
1801	26760	4
1801	26927	4
1801	27207	4
1801	27218	4
1801	27237	4
1801	27249	4
1801	27266	4
1801	27339	4
1801	27341	4
1801	27396	4
1801	27590	4
1801	27727	4
1801	27741	4
1801	27753	4
1801	27954	4
1801	28040	4
1801	28414	4
1801	28637	4
1801	28666	4
1801	28670	4
1801	28817	4
1801	29195	4
1801	29585	4
1801	29801	4
1801	29854	4
1801	29957	4
1801	30009	4
1801	30056	4
1801	30118	4
1801	30468	4
1801	30954	4
1801	31196	4
1801	31389	4
1801	31522	4
1801	31537	4
1801	31750	4
1801	31755	4
1801	31756	4
1801	31757	4
1801	32209	4
1801	32217	4
1801	32221	4
1801	32223	4
1801	32224	4
1801	32228	4
1801	32240	4
1801	32510	4
1801	32515	4
1801	32660	4
1801	32972	4
1801	33809	4
1801	33939	4
1801	33942	4
1801	33943	4
1801	33944	4
1801	34532	4
1801	34534	4
1801	34538	4
1801	34542	4
1801	34544	4
1801	34989	4
1801	35187	4
1801	36511	4
1801	36794	4
1801	36818	4
1801	36821	4
1801	36823	4
1801	36962	4
1801	37201	4
1801	37268	4
1801	37269	4
1801	37297	4
1801	37311	4
1801	37312	4
1801	37567	4
1801	37572	4
1801	37575	4
1801	37741	4
1801	37822	4
1801	37823	4
1801	38650	4
1801	38652	4
1801	38654	4
1801	38667	4
1801	38905	4
1801	39057	4
1801	39122	4
1801	39132	4
1801	39143	4
1801	39152	4
1801	39155	4
1801	39169	4
1801	39236	4
1801	39467	4
1801	40963	4
1801	41165	4
1801	42062	4
1801	42064	4
1801	42071	4
1801	42076	4
1801	42213	4
1801	42219	4
1801	42221	4
1801	42222	4
1801	42223	4
1801	42225	4
1801	42226	4
1801	42227	4
1801	42229	4
1801	42230	4
1801	42231	4
1801	42232	4
1801	42233	4
1801	42236	4
1801	42237	4
1801	42238	4
1801	42239	4
1801	42241	4
1801	42242	4
1801	42244	4
1801	42246	4
1801	42248	4
1801	42252	4
1801	42253	4
1801	42254	4
1801	42255	4
1801	42256	4
1801	42257	4
1801	42258	4
1801	42260	4
1801	42262	4
1801	42265	4
1801	42267	4
1801	42268	4
1801	42274	4
1801	42275	4
1801	42276	4
1801	42277	4
1801	42279	4
1801	42280	4
1801	42283	4
1801	42285	4
1801	42288	4
1801	42289	4
1801	42290	4
1801	42293	4
1801	42294	4
1801	42297	4
1801	42298	4
1801	42300	4
1801	42301	4
1801	44703	4
1801	71313	4
1801	72284	4
1801	75606	4
1801	76076	4
1801	76089	4
1801	76092	4
1801	76093	4
1801	76094	4
1801	76099	4
1801	78512	4
1801	78524	4
1801	82239	4
1801	82423	4
1801	82424	4
1801	82425	4
1801	82426	4
1801	82427	4
1801	82428	4
1801	82430	4
1801	82431	4
1801	82432	4
1801	82433	4
1801	82434	4
1801	82435	4
1801	82437	4
1801	82438	4
1801	82439	4
1801	82440	4
1801	82441	4
1802	606	4
1802	8645	4
1802	9536	4
1802	11445	4
1802	11446	4
1802	16031	4
1802	18945	4
1802	23803	4
1802	24421	4
1802	27680	4
1802	28314	4
1802	28449	4
1802	31287	4
1802	31986	4
1802	32198	4
1802	34336	4
1802	42303	4
1802	42304	4
1802	42305	4
1802	73435	4
1802	75653	4
1802	77021	4
1802	78253	4
1802	79001	4
1802	82444	4
1803	669	4
1803	720	4
1803	7685	4
1803	8590	4
1803	11220	4
1803	11294	4
1803	11448	4
1803	11449	4
1803	16987	4
1803	21261	4
1803	23812	4
1803	23813	4
1803	24115	4
1803	24187	4
1803	24411	4
1803	24412	4
1803	24435	4
1803	24443	4
1803	24522	4
1803	24533	4
1803	24540	4
1803	24545	4
1803	25076	4
1803	25144	4
1803	25329	4
1803	25337	4
1803	25751	4
1803	26517	4
1803	26531	4
1803	26774	4
1803	27003	4
1803	27014	4
1803	27350	4
1803	27667	4
1803	28331	4
1803	28690	4
1803	28933	4
1803	29037	4
1803	29426	4
1803	29748	4
1803	33098	4
1803	33670	4
1803	34927	4
1803	37801	4
1803	42306	4
1803	42309	4
1803	42310	4
1803	71228	4
1803	82449	4
1804	4040	4
1804	4041	4
1804	25473	4
1804	27147	4
1805	25460	4
1805	30798	4
1805	82453	4
1806	2848	4
1806	4044	4
1806	4045	4
1806	11454	4
1806	23734	4
1806	24112	4
1806	24158	4
1806	24201	4
1806	25024	4
1806	25241	4
1806	25328	4
1806	25329	4
1806	25652	4
1806	25656	4
1806	25697	4
1806	25776	4
1806	25954	4
1806	26776	4
1806	27067	4
1806	27080	4
1806	27100	4
1806	27271	4
1806	28871	4
1806	29452	4
1806	31347	4
1806	31978	4
1806	32583	4
1806	32914	4
1806	33698	4
1806	33700	4
1806	34138	4
1806	34829	4
1806	35358	4
1806	40252	4
1806	41498	4
1806	42317	4
1806	42318	4
1806	42321	4
1806	73200	4
1806	73491	4
1807	4049	4
1807	4051	4
1807	11458	4
1807	11459	4
1807	11461	4
1807	11462	4
1807	11463	4
1807	11465	4
1807	11467	4
1807	11468	4
1807	11469	4
1807	24984	4
1807	28566	4
1807	28718	4
1807	31316	4
1807	34998	4
1807	42325	4
1807	42327	4
1807	42328	4
1807	42329	4
1807	72498	4
1807	74363	4
1807	75373	4
1807	82456	4
1807	82457	4
1807	82458	4
1808	4052	4
1808	10371	4
1808	11473	4
1808	11474	4
1808	27356	4
1808	29004	4
1808	30482	4
1808	41434	4
1808	42337	4
1808	42338	4
1808	42339	4
1808	42340	4
1808	71427	4
1808	71636	4
1808	82463	4
1808	82464	4
1809	11476	4
1809	19426	4
1809	23803	4
1809	23827	4
1809	23856	4
1809	23939	4
1809	23948	4
1809	24094	4
1809	24106	4
1809	24557	4
1809	24602	4
1809	25144	4
1809	26043	4
1809	26289	4
1809	26594	4
1809	26797	4
1809	27027	4
1809	27194	4
1809	27673	4
1809	28314	4
1809	28331	4
1809	28350	4
1809	28981	4
1809	29411	4
1809	29845	4
1809	30133	4
1809	31417	4
1809	32364	4
1809	33980	4
1809	34496	4
1809	37577	4
1809	39424	4
1809	40918	4
1809	41340	4
1809	42341	4
1809	42342	4
1809	42344	4
1809	71408	4
1809	71413	4
1809	72355	4
1809	72409	4
1809	73771	4
1810	196	4
1810	4055	4
1810	9597	4
1810	25235	4
1810	25527	4
1810	27645	4
1810	27918	4
1810	28905	4
1810	29360	4
1810	42346	4
1810	42349	4
1810	76292	4
1810	82467	4
1810	82469	4
1811	56	4
1811	7996	4
1811	11479	4
1811	11480	4
1811	19425	4
1811	20727	4
1811	23843	4
1811	28289	4
1811	29566	4
1811	33233	4
1811	71411	4
1811	73184	4
1812	7956	4
1812	19076	4
1812	19301	4
1812	23772	4
1812	23775	4
1812	23954	4
1812	24439	4
1812	24519	4
1812	24540	4
1812	24553	4
1812	25481	4
1812	25492	4
1812	25531	4
1812	25534	4
1812	26155	4
1812	26289	4
1812	26595	4
1812	26755	4
1812	27117	4
1812	27169	4
1812	27179	4
1812	27194	4
1812	27449	4
1812	28443	4
1812	28584	4
1812	28617	4
1812	29730	4
1812	30180	4
1812	31223	4
1812	31759	4
1812	33751	4
1812	34091	4
1812	36654	4
1812	42356	4
1812	71381	4
1812	72767	4
1812	80287	4
1812	82475	4
1812	82476	4
1813	27862	4
1813	42357	4
1813	42359	4
1814	8297	4
1814	8641	4
1814	8765	4
1814	11486	4
1814	11487	4
1814	11488	4
1814	23858	4
1814	24031	4
1814	24055	4
1814	24058	4
1814	24857	4
1814	24967	4
1814	26545	4
1814	26627	4
1814	27477	4
1814	29375	4
1814	71975	4
1814	74143	4
1815	4058	4
1815	7611	4
1815	19360	4
1815	25464	4
1815	25643	4
1815	25954	4
1815	27517	4
1815	29360	4
1815	30303	4
1815	32921	4
1815	33727	4
1815	36273	4
1815	42360	4
1815	71617	4
1816	43	4
1816	18894	4
1817	2233	4
1817	23698	4
1817	24326	4
1817	24370	4
1817	24702	4
1817	24817	4
1817	24846	4
1817	24999	4
1817	27285	4
1817	27353	4
1817	27938	4
1817	28469	4
1817	28654	4
1817	28765	4
1817	29146	4
1817	29294	4
1817	30557	4
1817	31633	4
1817	32935	4
1817	37419	4
1817	37815	4
1817	37993	4
1817	39969	4
1817	71216	4
1817	71368	4
1817	72581	4
1818	581	4
1818	1251	4
1818	10460	4
1818	19141	4
1818	19675	4
1818	23693	4
1818	23822	4
1818	24007	4
1818	25543	4
1818	25551	4
1818	26035	4
1818	26037	4
1818	26330	4
1818	26359	4
1818	26571	4
1818	28308	4
1818	29662	4
1818	30306	4
1818	30537	4
1818	31637	4
1818	32726	4
1818	35576	4
1818	41314	4
1818	42124	4
1818	42362	4
1818	71309	4
1818	72165	4
1818	76279	4
1819	2306	4
1819	11489	4
1819	16991	4
1819	16992	4
1819	21268	4
1819	27401	4
1819	36679	4
1820	3190	4
1820	4060	4
1820	24268	4
1820	24865	4
1820	25437	4
1820	26124	4
1820	26484	4
1820	31123	4
1820	31609	4
1820	37951	4
1820	72393	4
1821	29543	4
1821	31355	4
1821	33654	4
1821	33890	4
1821	33901	4
1821	35898	4
1821	35918	4
1821	35946	4
1821	37641	4
1821	41910	4
1821	41919	4
1821	42365	4
1821	42367	4
1821	82489	4
1822	117	4
1822	1142	4
1822	11495	4
1822	16576	4
1822	18884	4
1822	19837	4
1822	23836	4
1822	24554	4
1822	24600	4
1822	25392	4
1822	25531	4
1822	26105	4
1822	26118	4
1822	26281	4
1822	26515	4
1822	26847	4
1822	27593	4
1822	28606	4
1822	28663	4
1822	29690	4
1822	42369	4
1822	71465	4
1822	72816	4
1822	72940	4
1822	79400	4
1822	79931	4
1823	137	4
1823	1281	4
1823	2553	4
1823	2826	4
1823	3499	4
1823	7509	4
1823	7915	4
1823	8764	4
1823	10044	4
1823	15689	4
1823	18875	4
1823	19028	4
1823	19491	4
1823	20502	4
1823	23808	4
1823	23817	4
1823	23884	4
1823	24242	4
1823	24516	4
1823	25530	4
1823	26522	4
1823	28134	4
1823	28202	4
1823	28306	4
1823	31837	4
1823	32364	4
1823	32815	4
1823	33283	4
1823	36200	4
1823	37577	4
1823	42371	4
1823	45240	4
1823	71227	4
1823	71413	4
1823	72787	4
1823	74449	4
1823	76754	4
1823	79235	4
1823	82295	4
1823	82493	4
1824	1851	4
1824	23793	4
1824	77629	4
1825	2420	4
1825	18812	4
1825	24286	4
1825	27796	4
1825	36061	4
1826	4062	4
1826	23938	4
1826	24855	4
1826	24887	4
1826	24967	4
1826	27356	4
1826	42390	4
1827	333	4
1827	1624	4
1827	1739	4
1827	4066	4
1827	8820	4
1827	23997	4
1827	24003	4
1827	25959	4
1827	26391	4
1827	28046	4
1827	28391	4
1827	28407	4
1827	28416	4
1827	28627	4
1827	29154	4
1827	29482	4
1827	30197	4
1827	30202	4
1827	30503	4
1827	31469	4
1827	32660	4
1827	32664	4
1827	33123	4
1827	33195	4
1827	33813	4
1827	34845	4
1827	35289	4
1827	35527	4
1827	39473	4
1827	41484	4
1827	42398	4
1827	42399	4
1827	73224	4
1827	75618	4
1827	82499	4
1828	2517	4
1828	3610	4
1828	8649	4
1828	10440	4
1828	11220	4
1828	11503	4
1828	24134	4
1828	24201	4
1828	35889	4
1828	39456	4
1828	82500	4
1828	82501	4
1829	228	4
1829	300	4
1829	878	4
1829	1048	4
1829	1065	4
1829	2099	4
1829	4070	4
1829	18949	4
1829	19098	4
1829	21244	4
1829	23859	4
1829	24021	4
1829	24119	4
1829	25379	4
1829	25858	4
1829	26795	4
1829	26994	4
1829	27836	4
1829	28068	4
1829	29139	4
1829	30670	4
1829	30694	4
1829	30833	4
1829	31087	4
1829	31736	4
1829	33039	4
1829	37138	4
1829	71743	4
1829	72794	4
1829	73003	4
1829	73944	4
1829	73955	4
1829	74877	4
1829	75755	4
1829	77013	4
1829	77955	4
1830	658	4
1830	4072	4
1830	27697	4
1830	44707	4
1830	82505	4
1830	82507	4
1830	82509	4
1830	82511	4
1831	267	4
1831	19624	4
1831	23746	4
1831	24526	4
1831	25328	4
1831	25627	4
1831	25652	4
1831	25665	4
1831	25747	4
1831	25958	4
1831	26232	4
1831	26753	4
1831	27460	4
1831	27962	4
1831	29276	4
1831	29650	4
1831	29856	4
1831	30416	4
1831	30539	4
1831	31483	4
1831	32683	4
1831	35491	4
1831	38138	4
1831	40751	4
1831	42408	4
1831	42415	4
1832	23777	4
1832	23813	4
1832	23866	4
1832	24129	4
1832	25216	4
1832	26559	4
1832	28056	4
1832	71228	4
1832	73404	4
1832	73479	4
1833	2135	4
1833	2592	4
1833	7598	4
1833	20762	4
1833	21277	4
1833	23712	4
1833	23718	4
1833	23770	4
1833	23800	4
1833	24023	4
1833	24031	4
1833	24068	4
1833	24441	4
1833	24759	4
1833	24802	4
1833	26280	4
1833	27485	4
1833	27642	4
1833	27965	4
1833	29288	4
1833	34752	4
1833	35136	4
1833	37059	4
1833	41849	4
1833	42420	4
1833	42423	4
1833	47794	4
1833	71495	4
1833	82517	4
1834	639	4
1834	683	4
1834	1409	4
1834	7588	4
1834	7951	4
1834	8112	4
1834	11506	4
1834	11509	4
1834	11511	4
1834	16995	4
1834	16997	4
1834	21279	4
1834	21281	4
1834	21282	4
1834	23777	4
1834	23823	4
1834	23856	4
1834	23866	4
1834	24628	4
1834	24861	4
1834	24997	4
1834	25167	4
1834	26448	4
1834	26534	4
1834	26994	4
1834	27512	4
1834	32135	4
1834	32468	4
1834	32595	4
1834	36559	4
1834	42435	4
1834	42436	4
1834	44736	4
1834	45320	4
1834	72466	4
1834	72829	4
1834	79179	4
1834	82524	4
1834	82525	4
1835	18841	4
1835	24839	4
1835	26243	4
1835	26250	4
1835	31618	4
1835	41516	4
1835	71452	4
1835	71455	4
1835	71636	4
1835	72629	4
1835	74100	4
1835	82529	4
1835	82531	4
1835	82533	4
1835	82536	4
1836	23754	4
1836	23765	4
1836	23925	4
1836	23993	4
1836	24074	4
1836	24724	4
1836	24814	4
1836	24976	4
1836	25589	4
1836	26487	4
1836	27533	4
1836	34853	4
1836	36319	4
1836	38367	4
1836	42449	4
1838	430	4
1838	459	4
1838	2676	4
1838	2768	4
1838	11514	4
1838	16998	4
1838	17000	4
1838	17001	4
1838	18813	4
1838	18845	4
1838	18945	4
1838	19355	4
1838	19647	4
1838	24268	4
1838	24577	4
1838	24600	4
1838	25891	4
1838	26461	4
1838	27029	4
1838	28288	4
1838	28996	4
1838	29118	4
1838	29319	4
1838	30314	4
1838	31936	4
1838	32845	4
1838	36702	4
1838	38579	4
1838	41370	4
1838	42452	4
1838	54609	4
1838	72002	4
1838	72014	4
1838	73060	4
1838	76641	4
1838	79405	4
1838	80183	4
1838	82541	4
1838	82542	4
1839	184	4
1839	7915	4
1839	18841	4
1839	23808	4
1839	23822	4
1839	23836	4
1839	23889	4
1839	23892	4
1839	24013	4
1839	24190	4
1839	24202	4
1839	24530	4
1839	24551	4
1839	24632	4
1839	25145	4
1839	25225	4
1839	26281	4
1839	26585	4
1839	27017	4
1839	28132	4
1839	28585	4
1839	28981	4
1839	32725	4
1839	33287	4
1839	33938	4
1839	34339	4
1839	40084	4
1839	71246	4
1839	71743	4
1839	72908	4
1839	73280	4
1839	75589	4
1840	42460	4
1840	42461	4
1840	82548	4
1841	352	4
1841	17004	4
1841	18830	4
1841	18884	4
1841	18946	4
1841	19098	4
1841	19247	4
1841	19271	4
1841	19360	4
1841	21284	4
1841	23804	4
1841	24140	4
1841	25052	4
1841	25056	4
1841	25210	4
1841	25211	4
1841	25212	4
1841	25236	4
1841	25446	4
1841	25677	4
1841	25746	4
1841	25866	4
1841	26059	4
1841	26455	4
1841	26721	4
1841	26740	4
1841	27031	4
1841	28112	4
1841	28133	4
1841	29656	4
1841	30710	4
1841	33608	4
1841	34927	4
1841	37439	4
1841	42465	4
1841	71636	4
1841	71733	4
1841	73123	4
1842	11518	4
1842	27610	4
1842	75535	4
1842	75784	4
1842	82549	4
1843	436	4
1843	823	4
1843	11330	4
1843	18946	4
1843	19098	4
1843	23750	4
1843	23821	4
1843	23876	4
1843	24009	4
1843	24587	4
1843	25067	4
1843	25190	4
1843	25359	4
1843	25848	4
1843	25853	4
1843	27034	4
1843	27065	4
1843	27460	4
1843	27595	4
1843	28457	4
1843	29048	4
1843	29073	4
1843	29381	4
1843	30303	4
1843	30471	4
1843	33678	4
1843	34476	4
1843	34850	4
1843	71564	4
1843	82551	4
1844	24691	4
1844	27477	4
1844	42469	4
1845	20005	4
1845	20006	4
1845	25076	4
1845	26306	4
1845	27758	4
1845	33470	4
1845	33510	4
1845	42471	4
1845	79582	4
1845	82553	4
1846	42472	4
1846	82555	4
1847	344	4
1847	25209	4
1848	990	4
1848	27274	4
1848	31362	4
1849	4079	4
1849	11522	4
1849	23701	4
1849	25590	4
1849	27375	4
1849	28894	4
1849	29288	4
1849	32898	4
1849	35764	4
1850	192	4
1850	671	4
1850	673	4
1850	984	4
1850	1405	4
1850	2120	4
1850	2192	4
1850	3242	4
1850	4082	4
1850	4086	4
1850	7518	4
1850	8812	4
1850	10731	4
1850	11524	4
1850	18815	4
1850	18830	4
1850	18874	4
1850	19426	4
1850	20099	4
1850	20394	4
1850	23775	4
1850	23814	4
1850	23822	4
1850	23824	4
1850	23826	4
1850	23843	4
1850	23845	4
1850	23852	4
1850	23855	4
1850	23865	4
1850	23866	4
1850	23895	4
1850	24008	4
1850	24030	4
1850	24106	4
1850	24116	4
1850	24118	4
1850	24124	4
1850	24134	4
1850	24162	4
1850	24411	4
1850	24412	4
1850	24435	4
1850	24537	4
1850	24540	4
1850	24549	4
1850	24556	4
1850	24612	4
1850	24633	4
1850	25115	4
1850	25216	4
1850	25467	4
1850	25471	4
1850	25475	4
1850	25476	4
1850	25491	4
1850	25494	4
1850	25851	4
1850	26304	4
1850	26318	4
1850	26348	4
1850	26534	4
1850	26535	4
1850	26542	4
1850	27210	4
1850	27250	4
1850	27552	4
1850	27592	4
1850	27597	4
1850	27665	4
1850	28111	4
1850	28120	4
1850	28262	4
1850	28274	4
1850	28297	4
1850	28431	4
1850	28451	4
1850	29296	4
1850	29375	4
1850	29874	4
1850	29956	4
1850	30295	4
1850	30787	4
1850	30825	4
1850	31716	4
1850	31814	4
1850	31961	4
1850	32128	4
1850	33040	4
1850	33087	4
1850	33233	4
1850	33285	4
1850	34722	4
1850	34741	4
1850	37256	4
1850	38967	4
1850	42114	4
1850	42480	4
1850	42481	4
1850	42482	4
1850	42484	4
1850	42485	4
1850	42486	4
1850	42487	4
1850	71352	4
1850	72748	4
1850	72889	4
1850	72920	4
1850	73478	4
1850	74025	4
1850	74752	4
1850	75251	4
1850	81281	4
1850	82559	4
1851	4087	4
1851	4089	4
1851	4090	4
1851	11526	4
1851	11531	4
1851	11533	4
1851	11534	4
1851	11536	4
1851	21286	4
1851	42490	4
1851	42492	4
1851	42494	4
1851	42495	4
1851	42500	4
1851	42502	4
1851	42503	4
1851	42506	4
1851	42508	4
1851	42510	4
1851	42521	4
1851	42522	4
1851	42523	4
1851	42525	4
1851	42526	4
1851	42527	4
1851	42529	4
1851	42532	4
1851	42533	4
1851	42536	4
1851	42540	4
1851	42546	4
1851	42547	4
1851	82563	4
1851	82565	4
1851	82569	4
1851	82570	4
1851	82571	4
1851	82572	4
1851	82574	4
1851	82579	4
1851	82580	4
1851	82581	4
1851	82582	4
1851	82583	4
1851	82584	4
1851	82586	4
1851	82587	4
1851	82590	4
1851	82591	4
1851	82593	4
1851	82595	4
1851	82597	4
1851	82598	4
1851	82601	4
1851	82602	4
1851	82603	4
1851	82604	4
1851	82609	4
1851	82611	4
1851	82612	4
1851	82615	4
1851	82616	4
1851	82619	4
1851	82620	4
1851	82621	4
1851	82623	4
1851	82625	4
1851	82626	4
1851	82631	4
1851	82633	4
1852	18838	4
1852	19797	4
1852	24427	4
1852	26089	4
1852	27715	4
1852	29120	4
1852	30281	4
1852	34876	4
1853	673	4
1853	4096	4
1853	8045	4
1853	25026	4
1853	25645	4
1853	27983	4
1853	41530	4
1853	77541	4
1853	81421	4
1854	24150	4
1854	25116	4
1854	25563	4
1854	29510	4
1854	42550	4
1854	82638	4
1855	8030	4
1855	23806	4
1855	23855	4
1855	24164	4
1855	24541	4
1855	26302	4
1855	26569	4
1855	27261	4
1855	27555	4
1855	28120	4
1855	30799	4
1855	71352	4
1855	71987	4
1855	72478	4
1855	72770	4
1855	72791	4
1855	72908	4
1855	74492	4
1855	74503	4
1855	74804	4
1855	75407	4
1855	82641	4
1856	3132	4
1856	4099	4
1856	17013	4
1856	19082	4
1856	25101	4
1856	26392	4
1856	27740	4
1856	28746	4
1856	28755	4
1856	28812	4
1856	29192	4
1856	29223	4
1856	32557	4
1856	32660	4
1856	34728	4
1856	34807	4
1856	35289	4
1856	38964	4
1856	41493	4
1856	42556	4
1856	45399	4
1857	10474	4
1857	24477	4
1857	24696	4
1857	24745	4
1857	25550	4
1857	33962	4
1858	711	4
1858	25186	4
1858	39994	4
1859	7	4
1859	242	4
1859	316	4
1859	334	4
1859	335	4
1859	545	4
1859	631	4
1859	743	4
1859	1290	4
1859	1623	4
1859	3483	4
1859	4100	4
1859	4102	4
1859	7631	4
1859	7740	4
1859	8150	4
1859	8156	4
1859	8234	4
1859	8606	4
1859	8812	4
1859	9055	4
1859	9563	4
1859	10421	4
1859	11208	4
1859	15632	4
1859	18946	4
1859	19034	4
1859	19113	4
1859	19980	4
1859	20358	4
1859	21289	4
1859	23772	4
1859	23780	4
1859	23781	4
1859	23786	4
1859	23805	4
1859	23861	4
1859	23872	4
1859	24411	4
1859	24443	4
1859	24879	4
1859	25044	4
1859	25078	4
1859	25467	4
1859	25495	4
1859	25854	4
1859	25860	4
1859	25929	4
1859	26301	4
1859	26329	4
1859	26330	4
1859	26448	4
1859	26523	4
1859	26587	4
1859	26688	4
1859	27010	4
1859	27291	4
1859	27597	4
1859	27680	4
1859	27690	4
1859	28114	4
1859	28296	4
1859	28598	4
1859	28956	4
1859	29426	4
1859	29445	4
1859	29957	4
1859	30321	4
1859	31016	4
1859	31850	4
1859	32130	4
1859	32494	4
1859	33043	4
1859	34636	4
1859	34922	4
1859	35802	4
1859	36564	4
1859	39456	4
1859	42558	4
1859	42559	4
1859	42562	4
1859	71484	4
1859	71541	4
1859	72430	4
1859	81350	4
1859	82179	4
1859	82646	4
1860	4103	4
1860	19283	4
1860	29704	4
1860	72498	4
1861	4105	4
1861	19713	4
1861	24629	4
1861	29019	4
1861	35853	4
1862	4107	4
1862	11551	4
1862	15632	4
1862	17022	4
1862	17023	4
1862	19608	4
1862	21236	4
1862	21291	4
1862	21292	4
1862	26300	4
1862	28114	4
1862	29567	4
1862	30734	4
1862	31668	4
1862	31758	4
1862	32051	4
1862	32690	4
1862	36917	4
1862	37251	4
1862	37303	4
1862	37646	4
1862	39532	4
1862	39576	4
1862	39582	4
1862	42569	4
1862	42571	4
1862	42572	4
1862	42575	4
1862	42576	4
1862	42577	4
1862	45405	4
1862	71220	4
1862	72193	4
1862	72646	4
1862	74385	4
1862	74393	4
1862	74434	4
1862	78935	4
1862	79591	4
1862	82107	4
1862	82676	4
1862	82678	4
1862	82680	4
1862	82683	4
1862	82686	4
1862	82688	4
1862	82691	4
1862	82695	4
1862	82700	4
1862	82702	4
1863	850	4
1863	8542	4
1863	23919	4
1863	25480	4
1863	27961	4
1863	30913	4
1863	71346	4
1863	73782	4
1863	82707	4
1864	25190	4
1864	25760	4
1864	25935	4
1864	27657	4
1864	28149	4
1864	28842	4
1864	28851	4
1864	28864	4
1864	71691	4
1864	73156	4
1864	79422	4
1865	11384	4
1865	23763	4
1865	23765	4
1865	24330	4
1865	24704	4
1865	24730	4
1865	25391	4
1865	25448	4
1865	25511	4
1865	26061	4
1865	26139	4
1865	26474	4
1865	27397	4
1865	27786	4
1865	27890	4
1865	27894	4
1865	29021	4
1865	42593	4
1865	42594	4
1865	82709	4
1866	236	4
1866	8863	4
1866	18936	4
1866	21311	4
1866	23791	4
1866	23861	4
1866	24015	4
1866	24031	4
1866	24321	4
1866	24735	4
1866	24786	4
1866	24828	4
1866	25460	4
1866	26000	4
1866	28418	4
1866	34842	4
1866	34876	4
1866	35109	4
1866	36433	4
1866	42595	4
1866	42596	4
1866	71785	4
1866	82711	4
1866	82713	4
1867	202	4
1867	7964	4
1867	8286	4
1867	23704	4
1867	24063	4
1867	24122	4
1867	24326	4
1867	24432	4
1867	24455	4
1867	24650	4
1867	24775	4
1867	24854	4
1867	25059	4
1867	25437	4
1867	25888	4
1867	26161	4
1867	26538	4
1867	26563	4
1867	26683	4
1867	26770	4
1867	27929	4
1867	28486	4
1867	42597	4
1867	71636	4
1867	79293	4
1868	32217	4
1868	33951	4
1868	34538	4
1868	36485	4
1868	41086	4
1869	23700	4
1869	23925	4
1869	24044	4
1869	24059	4
1869	24074	4
1869	24274	4
1869	24275	4
1869	24293	4
1869	24326	4
1869	24330	4
1869	24364	4
1869	24503	4
1869	24650	4
1869	24689	4
1869	24690	4
1869	24713	4
1869	24715	4
1869	24788	4
1869	24899	4
1869	24957	4
1869	25207	4
1869	25260	4
1869	25506	4
1869	25575	4
1869	25593	4
1869	25654	4
1869	26243	4
1869	26250	4
1869	26270	4
1869	26446	4
1869	26484	4
1869	28060	4
1869	28486	4
1869	29786	4
1869	30256	4
1869	31121	4
1869	31170	4
1869	31308	4
1869	38237	4
1869	38473	4
1869	42603	4
1870	10584	4
1870	11560	4
1870	11561	4
1870	21314	4
1870	23724	4
1870	25559	4
1870	28828	4
1870	34830	4
1870	42608	4
1870	73128	4
1870	76280	4
1870	82665	4
1870	82717	4
1870	82718	4
1871	8306	4
1871	19533	4
1871	23701	4
1871	23706	4
1871	23926	4
1871	24058	4
1871	24269	4
1871	24307	4
1871	24500	4
1871	24724	4
1871	25263	4
1871	25312	4
1871	26113	4
1871	27474	4
1871	30256	4
1871	34771	4
1871	71429	4
1871	76814	4
1871	82719	4
1872	4113	4
1872	11562	4
1872	24245	4
1872	25519	4
1872	25622	4
1872	27500	4
1872	29731	4
1872	35183	4
1872	35817	4
1872	40855	4
1872	40858	4
1872	41227	4
1872	42612	4
1872	42614	4
1872	42615	4
1872	42616	4
1872	79170	4
1872	79172	4
1872	82720	4
1872	82722	4
1872	82723	4
1873	29775	4
1873	30051	4
1873	35073	4
1873	42620	4
1874	23785	4
1874	23874	4
1874	23891	4
1874	24092	4
1874	24158	4
1874	24651	4
1874	25067	4
1874	25499	4
1874	26283	4
1874	28081	4
1874	31056	4
1874	32369	4
1874	33815	4
1874	35310	4
1875	24634	4
1876	7729	4
1876	7756	4
1876	9062	4
1876	21315	4
1876	24264	4
1876	25101	4
1876	25243	4
1876	28398	4
1876	29179	4
1876	29504	4
1876	30198	4
1876	30916	4
1876	31488	4
1876	32055	4
1876	34947	4
1876	39460	4
1876	41476	4
1876	42575	4
1876	42622	4
1876	42627	4
1876	42631	4
1876	71975	4
1876	73100	4
1876	73882	4
1876	74835	4
1876	75611	4
1876	78696	4
1876	82727	4
1876	82730	4
1876	82733	4
1876	82734	4
1876	82736	4
1876	82738	4
1876	82739	4
1877	1847	4
1877	21317	4
1877	21319	4
1877	23946	4
1877	25957	4
1877	28051	4
1877	28191	4
1877	28416	4
1877	28627	4
1877	28735	4
1877	28744	4
1877	29739	4
1877	29986	4
1877	30195	4
1877	30490	4
1877	30498	4
1877	31845	4
1877	33157	4
1877	33700	4
1877	34216	4
1877	41230	4
1877	42634	4
1877	42635	4
1877	42636	4
1877	45411	4
1877	71937	4
1877	73266	4
1877	73806	4
1877	74989	4
1877	75003	4
1877	75578	4
1877	76138	4
1877	77378	4
1877	77415	4
1877	82743	4
1877	82746	4
1878	27846	4
1879	691	4
1879	24432	4
1879	24788	4
1879	24839	4
1879	24885	4
1879	25059	4
1879	25776	4
1879	26452	4
1879	27258	4
1879	28895	4
1879	29266	4
1879	31326	4
1879	39060	4
1879	41921	4
1879	78977	4
1880	20162	4
1880	23781	4
1880	23837	4
1880	24094	4
1880	24438	4
1880	25144	4
1880	25146	4
1880	26515	4
1880	26547	4
1880	27010	4
1880	27278	4
1880	72442	4
1880	82750	4
1881	672	4
1881	23895	4
1881	26542	4
1881	28274	4
1881	34380	4
1881	37678	4
1882	1380	4
1882	3758	4
1882	4119	4
1882	4120	4
1882	4123	4
1882	4125	4
1882	4126	4
1882	4127	4
1882	4129	4
1882	4130	4
1882	11570	4
1882	17033	4
1882	19084	4
1882	19151	4
1882	19247	4
1882	19311	4
1882	19741	4
1882	21321	4
1882	23953	4
1882	26391	4
1882	26836	4
1882	28365	4
1882	28964	4
1882	31509	4
1882	32155	4
1882	32235	4
1882	38652	4
1882	42446	4
1882	42644	4
1882	42649	4
1882	42652	4
1882	42661	4
1882	42662	4
1882	42665	4
1882	42667	4
1882	42673	4
1882	42680	4
1882	42681	4
1882	45415	4
1882	74100	4
1882	82751	4
1882	82752	4
1882	82754	4
1882	82755	4
1882	82757	4
1882	82758	4
1882	82762	4
1882	82764	4
1882	82765	4
1882	82768	4
1882	82771	4
1882	82776	4
1882	82779	4
1882	82780	4
1882	82781	4
1882	82783	4
1882	82784	4
1882	82790	4
1882	82791	4
1883	4133	4
1883	27709	4
1883	30690	4
1883	33367	4
1883	33590	4
1883	42684	4
1883	42686	4
1883	42687	4
1883	76397	4
1883	76970	4
1883	77873	4
1883	82799	4
1883	82800	4
1884	894	4
1884	11577	4
1884	19185	4
1884	23698	4
1884	23702	4
1884	23800	4
1884	24245	4
1884	24959	4
1884	25078	4
1884	25417	4
1884	25517	4
1884	25566	4
1884	25721	4
1884	26243	4
1884	26625	4
1884	28485	4
1884	31623	4
1885	341	4
1885	597	4
1885	945	4
1885	1153	4
1885	4135	4
1885	4138	4
1885	7756	4
1885	9291	4
1885	17038	4
1885	19283	4
1885	20070	4
1885	25959	4
1885	26162	4
1885	26384	4
1885	27381	4
1885	28548	4
1885	28732	4
1885	29194	4
1885	29203	4
1885	29481	4
1885	29482	4
1885	29486	4
1885	29491	4
1885	29607	4
1885	29964	4
1885	29999	4
1885	30014	4
1885	30346	4
1885	30496	4
1885	30500	4
1885	32659	4
1885	33019	4
1885	33821	4
1885	34725	4
1885	35887	4
1885	36473	4
1885	37711	4
1885	39461	4
1885	39477	4
1885	40705	4
1885	42691	4
1885	42693	4
1885	74598	4
1885	74981	4
1885	75127	4
1885	75214	4
1885	75219	4
1885	75307	4
1885	76553	4
1885	78924	4
1885	80283	4
1885	82805	4
1885	82807	4
1885	82809	4
1886	263	4
1886	423	4
1886	1025	4
1886	3386	4
1886	4140	4
1886	4141	4
1886	8406	4
1886	8653	4
1886	9160	4
1886	11578	4
1886	15632	4
1886	15804	4
1886	16042	4
1886	16760	4
1886	18974	4
1886	19076	4
1886	19091	4
1886	19281	4
1886	23693	4
1886	24012	4
1886	24027	4
1886	24292	4
1886	25092	4
1886	25217	4
1886	25364	4
1886	25648	4
1886	25695	4
1886	25746	4
1886	25921	4
1886	25936	4
1886	26464	4
1886	26595	4
1886	28126	4
1886	28906	4
1886	29633	4
1886	30289	4
1886	30472	4
1886	31803	4
1886	31984	4
1886	32173	4
1886	32422	4
1886	33079	4
1886	33664	4
1886	35602	4
1886	37340	4
1886	37986	4
1886	42694	4
1886	42697	4
1886	42698	4
1886	42700	4
1886	72480	4
1886	72612	4
1886	73031	4
1886	74008	4
1886	74399	4
1886	74502	4
1886	78814	4
1886	82810	4
1886	82811	4
1886	82813	4
1886	82814	4
1886	82815	4
1887	16	4
1887	10248	4
1887	11581	4
1887	11583	4
1887	17040	4
1887	17041	4
1887	23711	4
1887	24049	4
1887	24735	4
1887	24840	4
1887	25204	4
1887	25577	4
1887	26260	4
1887	26437	4
1887	27133	4
1887	27554	4
1887	32259	4
1887	42703	4
1887	71214	4
1887	71444	4
1887	71484	4
1887	71508	4
1887	71939	4
1887	72576	4
1887	73517	4
1887	73817	4
1887	74787	4
1887	74977	4
1887	75586	4
1887	76511	4
1887	77803	4
1887	81293	4
1887	81776	4
1887	82377	4
1887	82386	4
1887	82817	4
1887	82823	4
1888	8082	4
1888	8201	4
1888	18840	4
1888	20378	4
1888	26105	4
1888	26559	4
1888	74707	4
1889	21	4
1889	8200	4
1889	8739	4
1889	8858	4
1889	19271	4
1889	19975	4
1889	21333	4
1889	23698	4
1889	23843	4
1889	25482	4
1889	25996	4
1889	26043	4
1889	27340	4
1889	31350	4
1889	71212	4
1889	72868	4
1889	82829	4
1890	8862	4
1890	24495	4
1890	24763	4
1890	24947	4
1890	25266	4
1890	25290	4
1890	25827	4
1890	26416	4
1890	28343	4
1890	32479	4
1890	39890	4
1891	548	4
1891	789	4
1891	3515	4
1891	4146	4
1891	4148	4
1891	4149	4
1891	11585	4
1891	11590	4
1891	19151	4
1891	21334	4
1891	21335	4
1891	27542	4
1891	27741	4
1891	27742	4
1891	29236	4
1891	29760	4
1891	30807	4
1891	34403	4
1891	34582	4
1891	34873	4
1891	36811	4
1891	39475	4
1891	40423	4
1891	40897	4
1891	41127	4
1891	42706	4
1891	42707	4
1891	42708	4
1891	42711	4
1891	42716	4
1891	42717	4
1891	42719	4
1891	42722	4
1891	42732	4
1891	42733	4
1891	45416	4
1891	73268	4
1891	74727	4
1891	82833	4
1891	82835	4
1891	82836	4
1891	82838	4
1891	82839	4
1891	82841	4
1891	82842	4
1891	82845	4
1891	82846	4
1891	82847	4
1891	82848	4
1891	82849	4
1891	82850	4
1891	82852	4
1891	82853	4
1891	82855	4
1891	82856	4
1891	82857	4
1891	82858	4
1891	82859	4
1891	82861	4
1891	82863	4
1892	23706	4
1892	23716	4
1892	23757	4
1892	23900	4
1892	24075	4
1892	24108	4
1892	24338	4
1892	24356	4
1892	24465	4
1892	24650	4
1892	24696	4
1892	24865	4
1892	25974	4
1892	26107	4
1892	27733	4
1892	28184	4
1892	30609	4
1892	39907	4
1892	42734	4
1892	71560	4
1892	71625	4
1892	71636	4
1892	71819	4
1892	80403	4
1892	81564	4
1892	82867	4
1893	33350	4
1894	202	4
1894	23908	4
1894	24502	4
1894	26686	4
1894	27356	4
1894	36636	4
1894	37200	4
1894	39884	4
1894	41850	4
1895	1723	4
1895	8405	4
1895	19198	4
1895	19200	4
1895	23719	4
1895	23740	4
1895	24138	4
1895	24148	4
1895	25321	4
1895	25965	4
1895	27080	4
1895	27098	4
1895	27271	4
1895	27546	4
1895	27944	4
1895	28029	4
1895	30429	4
1895	30530	4
1895	30593	4
1895	33704	4
1895	34143	4
1895	34837	4
1895	34846	4
1895	36172	4
1895	38154	4
1895	42219	4
1895	42737	4
1895	42739	4
1895	42740	4
1895	71723	4
1895	75788	4
1895	78817	4
1896	599	4
1896	7876	4
1896	9663	4
1896	23688	4
1896	23803	4
1896	23813	4
1896	24405	4
1896	24406	4
1896	24506	4
1896	24549	4
1896	24553	4
1896	24556	4
1896	24628	4
1896	24746	4
1896	24977	4
1896	24997	4
1896	25449	4
1896	25480	4
1896	25482	4
1896	25484	4
1896	26517	4
1896	26559	4
1896	27117	4
1896	27449	4
1896	27555	4
1896	27586	4
1896	27686	4
1896	28208	4
1896	28933	4
1896	29545	4
1896	30214	4
1896	32133	4
1896	32585	4
1896	34380	4
1896	37240	4
1896	37760	4
1896	42745	4
1896	42746	4
1896	53568	4
1896	71228	4
1896	72914	4
1896	74304	4
1896	74578	4
1896	76064	4
1896	76154	4
1896	80307	4
1896	82349	4
1896	82871	4
1896	82873	4
1897	16	4
1897	1779	4
1897	11271	4
1897	11596	4
1897	20628	4
1897	21336	4
1897	21337	4
1897	23701	4
1897	23759	4
1897	23761	4
1897	23913	4
1897	24245	4
1897	24291	4
1897	24361	4
1897	24427	4
1897	24465	4
1897	24802	4
1897	24860	4
1897	24906	4
1897	25078	4
1897	25095	4
1897	25312	4
1897	25394	4
1897	25443	4
1897	26108	4
1897	26297	4
1897	26411	4
1897	26452	4
1897	26496	4
1897	26580	4
1897	30118	4
1897	31173	4
1897	31309	4
1897	34239	4
1897	41169	4
1897	42751	4
1897	45417	4
1897	73508	4
1897	82876	4
1898	630	4
1899	10537	4
1899	24122	4
1899	35707	4
1900	10	4
1900	409	4
1900	581	4
1900	11460	4
1900	17046	4
1900	18830	4
1900	18917	4
1900	18946	4
1900	19026	4
1900	19070	4
1900	19098	4
1900	19265	4
1900	23864	4
1900	26154	4
1900	26283	4
1900	26287	4
1900	26588	4
1900	26987	4
1900	27184	4
1900	27281	4
1900	28081	4
1900	28194	4
1900	28212	4
1900	29988	4
1900	31291	4
1900	31841	4
1900	32880	4
1900	36453	4
1900	37387	4
1900	42758	4
1900	44800	4
1900	73752	4
1900	74708	4
1900	82880	4
1901	287	4
1901	4153	4
1901	25410	4
1901	27491	4
1902	4154	4
1902	7606	4
1902	23765	4
1902	24718	4
1903	4155	4
1903	7715	4
1903	23948	4
1903	24545	4
1903	25477	4
1904	25494	4
1904	28120	4
1904	28435	4
1904	73034	4
1905	452	4
1905	4157	4
1905	4159	4
1905	21340	4
1905	24037	4
1905	25363	4
1905	26671	4
1905	26986	4
1905	27202	4
1905	27253	4
1905	27341	4
1905	28438	4
1905	28450	4
1905	29143	4
1905	29422	4
1905	31648	4
1905	31793	4
1905	32110	4
1905	33336	4
1905	34659	4
1905	34660	4
1905	35576	4
1905	35814	4
1905	36585	4
1905	36750	4
1905	41141	4
1905	41677	4
1905	42596	4
1905	42763	4
1905	82889	4
1906	0	4
1906	7	4
1906	89	4
1906	1604	4
1906	2110	4
1906	7519	4
1906	7829	4
1906	8068	4
1906	8332	4
1906	8451	4
1906	9023	4
1906	9222	4
1906	9423	4
1906	9663	4
1906	11020	4
1906	15793	4
1906	15902	4
1906	16246	4
1906	16251	4
1906	18844	4
1906	18917	4
1906	18921	4
1906	19257	4
1906	21342	4
1906	23775	4
1906	23777	4
1906	23780	4
1906	23783	4
1906	23786	4
1906	23793	4
1906	23803	4
1906	23805	4
1906	23807	4
1906	23811	4
1906	23813	4
1906	23823	4
1906	23826	4
1906	23834	4
1906	23843	4
1906	23846	4
1906	23849	4
1906	23852	4
1906	23857	4
1906	23860	4
1906	23861	4
1906	23862	4
1906	23865	4
1906	23890	4
1906	23895	4
1906	24031	4
1906	24062	4
1906	24093	4
1906	24096	4
1906	24114	4
1906	24116	4
1906	24118	4
1906	24120	4
1906	24316	4
1906	24326	4
1906	24397	4
1906	24412	4
1906	24430	4
1906	24435	4
1906	24443	4
1906	24450	4
1906	24511	4
1906	24516	4
1906	24519	4
1906	24540	4
1906	24541	4
1906	24542	4
1906	24553	4
1906	24612	4
1906	24627	4
1906	24735	4
1906	24761	4
1906	24779	4
1906	24782	4
1906	24863	4
1906	24997	4
1906	25006	4
1906	25022	4
1906	25026	4
1906	25028	4
1906	25044	4
1906	25105	4
1906	25142	4
1906	25201	4
1906	25305	4
1906	25467	4
1906	25471	4
1906	25474	4
1906	25475	4
1906	25480	4
1906	25484	4
1906	25490	4
1906	25492	4
1906	25499	4
1906	25600	4
1906	25611	4
1906	25635	4
1906	25673	4
1906	25851	4
1906	26098	4
1906	26105	4
1906	26125	4
1906	26270	4
1906	26281	4
1906	26283	4
1906	26304	4
1906	26517	4
1906	26523	4
1906	26534	4
1906	26547	4
1906	26559	4
1906	26592	4
1906	26596	4
1906	26753	4
1906	26994	4
1906	26996	4
1906	26998	4
1906	27004	4
1906	27007	4
1906	27164	4
1906	27210	4
1906	27339	4
1906	27347	4
1906	27369	4
1906	27454	4
1906	27522	4
1906	27525	4
1906	27565	4
1906	27586	4
1906	27588	4
1906	27593	4
1906	27597	4
1906	27673	4
1906	27678	4
1906	27686	4
1906	27961	4
1906	28081	4
1906	28278	4
1906	28297	4
1906	28310	4
1906	28343	4
1906	28348	4
1906	28431	4
1906	28445	4
1906	28451	4
1906	28580	4
1906	28584	4
1906	28670	4
1906	28932	4
1906	28933	4
1906	29207	4
1906	29421	4
1906	29445	4
1906	29956	4
1906	29962	4
1906	29980	4
1906	30214	4
1906	30216	4
1906	30746	4
1906	30904	4
1906	31029	4
1906	31060	4
1906	31223	4
1906	31282	4
1906	31389	4
1906	31532	4
1906	31706	4
1906	31794	4
1906	31843	4
1906	31850	4
1906	32130	4
1906	32443	4
1906	32955	4
1906	33093	4
1906	33283	4
1906	33285	4
1906	33685	4
1906	33859	4
1906	33906	4
1906	34380	4
1906	34383	4
1906	34952	4
1906	35518	4
1906	35556	4
1906	35675	4
1906	36701	4
1906	36707	4
1906	36882	4
1906	37010	4
1906	37240	4
1906	37761	4
1906	38823	4
1906	40057	4
1906	40419	4
1906	41003	4
1906	42767	4
1906	42768	4
1906	42770	4
1906	42772	4
1906	42774	4
1906	42775	4
1906	44755	4
1906	47794	4
1906	53568	4
1906	55580	4
1906	71220	4
1906	71228	4
1906	71316	4
1906	71321	4
1906	71346	4
1906	71372	4
1906	71389	4
1906	71416	4
1906	71481	4
1906	71653	4
1906	71738	4
1906	71805	4
1906	71987	4
1906	72081	4
1906	72142	4
1906	72254	4
1906	72354	4
1906	72460	4
1906	72475	4
1906	72519	4
1906	72742	4
1906	72753	4
1906	72778	4
1906	72863	4
1906	72899	4
1906	72914	4
1906	72964	4
1906	73007	4
1906	73016	4
1906	73404	4
1906	73446	4
1906	73451	4
1906	73483	4
1906	73526	4
1906	73642	4
1906	73762	4
1906	73780	4
1906	73784	4
1906	73793	4
1906	73794	4
1906	74036	4
1906	74110	4
1906	74141	4
1906	74263	4
1906	74439	4
1906	74492	4
1906	74503	4
1906	74520	4
1906	75110	4
1906	75158	4
1906	75176	4
1906	75181	4
1906	75190	4
1906	75251	4
1906	75528	4
1906	75589	4
1906	75949	4
1906	75950	4
1906	76154	4
1906	76162	4
1906	76216	4
1906	76294	4
1906	76304	4
1906	76322	4
1906	76509	4
1906	76596	4
1906	76638	4
1906	76754	4
1906	76777	4
1906	76879	4
1906	77023	4
1906	77054	4
1906	77236	4
1906	77265	4
1906	77459	4
1906	77647	4
1906	78098	4
1906	78100	4
1906	78323	4
1906	78465	4
1906	79080	4
1906	79338	4
1906	79343	4
1906	79931	4
1906	80352	4
1906	80408	4
1906	81236	4
1906	81259	4
1906	81301	4
1906	81323	4
1906	81361	4
1906	81762	4
1906	81853	4
1906	82560	4
1906	82873	4
1906	82890	4
1906	82891	4
1906	82893	4
1906	82894	4
1906	82895	4
1906	82897	4
1906	82899	4
1906	82903	4
1906	82905	4
1906	82907	4
1906	82908	4
1906	82909	4
1906	82910	4
1906	82914	4
1906	82915	4
1906	82917	4
1906	82918	4
1906	82919	4
1906	82921	4
1906	82924	4
1906	82925	4
1906	82927	4
1906	82929	4
1906	82932	4
1907	1479	4
1907	2796	4
1907	4161	4
1907	11608	4
1907	17054	4
1907	17055	4
1907	18815	4
1907	19030	4
1907	19340	4
1907	20089	4
1907	21343	4
1907	29753	4
1907	30233	4
1907	32016	4
1907	36353	4
1907	37038	4
1907	37043	4
1907	38454	4
1907	39039	4
1907	39049	4
1907	42776	4
1907	81203	4
1907	82934	4
1907	82935	4
1907	82937	4
1907	82938	4
1907	82939	4
1907	82940	4
1907	82943	4
1908	59	4
1908	2168	4
1908	10133	4
1908	18877	4
1908	18913	4
1908	19151	4
1908	19494	4
1908	20007	4
1908	21336	4
1908	24569	4
1908	24573	4
1908	24580	4
1908	24598	4
1908	24600	4
1908	24621	4
1908	25835	4
1908	25891	4
1908	25936	4
1908	26637	4
1908	26641	4
1908	26647	4
1908	26671	4
1908	26679	4
1908	26681	4
1908	26753	4
1908	26885	4
1908	26932	4
1908	27053	4
1908	27311	4
1908	27627	4
1908	27629	4
1908	27907	4
1908	28319	4
1908	28391	4
1908	28403	4
1908	28694	4
1908	28985	4
1908	29317	4
1908	29318	4
1908	29329	4
1908	29342	4
1908	29364	4
1908	29598	4
1908	30304	4
1908	30414	4
1908	31333	4
1908	31393	4
1908	31488	4
1908	31700	4
1908	31938	4
1908	32127	4
1908	32848	4
1908	32975	4
1908	33354	4
1908	33919	4
1908	34567	4
1908	34891	4
1908	36609	4
1908	36681	4
1908	37126	4
1908	37242	4
1908	37402	4
1908	37712	4
1908	38449	4
1908	39100	4
1908	42786	4
1908	42787	4
1908	73537	4
1908	76307	4
1908	76768	4
1908	78481	4
1908	82945	4
1909	18949	4
1909	23721	4
1909	23724	4
1909	23731	4
1909	24522	4
1909	24623	4
1909	25210	4
1909	27573	4
1909	27585	4
1909	27643	4
1909	28855	4
1909	29074	4
1909	30598	4
1909	33997	4
1909	38565	4
1909	39403	4
1909	42795	4
1910	1010	4
1910	9062	4
1910	23697	4
1910	24003	4
1910	24067	4
1910	24105	4
1910	24318	4
1910	24425	4
1910	25046	4
1910	25243	4
1910	25955	4
1910	26376	4
1910	26388	4
1910	27506	4
1910	27772	4
1910	28407	4
1910	28416	4
1910	28815	4
1910	29138	4
1910	29234	4
1910	29482	4
1910	29487	4
1910	29973	4
1910	30195	4
1910	30379	4
1910	30450	4
1910	30505	4
1910	32557	4
1910	33012	4
1910	33195	4
1910	41481	4
1910	41880	4
1911	1504	4
1911	1959	4
1911	4163	4
1911	8619	4
1911	10771	4
1911	11617	4
1911	23938	4
1911	24027	4
1911	24091	4
1911	24108	4
1911	24840	4
1911	25992	4
1911	26000	4
1911	26014	4
1911	26139	4
1911	28652	4
1911	28969	4
1911	29557	4
1911	30480	4
1911	34678	4
1911	35732	4
1911	38113	4
1911	42800	4
1911	42801	4
1911	42804	4
1911	78210	4
1911	82949	4
1911	82951	4
1912	2954	4
1912	4166	4
1912	4167	4
1912	4169	4
1912	4171	4
1912	20021	4
1912	24373	4
1912	25136	4
1912	29092	4
1912	30431	4
1912	32269	4
1912	40662	4
1912	42810	4
1912	42811	4
1912	42816	4
1912	42817	4
1912	42818	4
1912	42819	4
1912	45418	4
1912	78187	4
1912	81910	4
1912	82952	4
1912	82954	4
1912	82956	4
1912	82958	4
1913	23871	4
1913	24105	4
1913	24307	4
1913	24839	4
1913	24956	4
1913	26079	4
1913	26278	4
1913	27793	4
1913	28915	4
1913	29708	4
1913	34395	4
1913	35849	4
1913	37202	4
1914	35	4
1914	473	4
1914	855	4
1914	1033	4
1914	1905	4
1914	3776	4
1914	4174	4
1914	7558	4
1914	7884	4
1914	7996	4
1914	8068	4
1914	8078	4
1914	8098	4
1914	8204	4
1914	8431	4
1914	8439	4
1914	8773	4
1914	11624	4
1914	11628	4
1914	16573	4
1914	18840	4
1914	19013	4
1914	19365	4
1914	19426	4
1914	20060	4
1914	20884	4
1914	21350	4
1914	21351	4
1914	23740	4
1914	23785	4
1914	23806	4
1914	23816	4
1914	23819	4
1914	23822	4
1914	23826	4
1914	23846	4
1914	23883	4
1914	23889	4
1914	23895	4
1914	24092	4
1914	24093	4
1914	24116	4
1914	24119	4
1914	24174	4
1914	24198	4
1914	24221	4
1914	24374	4
1914	24386	4
1914	24395	4
1914	24405	4
1914	24412	4
1914	24430	4
1914	24455	4
1914	24519	4
1914	24541	4
1914	24542	4
1914	24551	4
1914	24553	4
1914	24554	4
1914	24556	4
1914	24600	4
1914	24653	4
1914	24987	4
1914	25046	4
1914	25067	4
1914	25082	4
1914	25216	4
1914	25469	4
1914	25470	4
1914	25481	4
1914	25851	4
1914	25996	4
1914	26296	4
1914	26306	4
1914	26308	4
1914	26322	4
1914	26333	4
1914	26351	4
1914	26359	4
1914	26507	4
1914	26524	4
1914	26592	4
1914	26698	4
1914	26759	4
1914	26781	4
1914	26844	4
1914	26854	4
1914	26962	4
1914	27007	4
1914	27019	4
1914	27136	4
1914	27192	4
1914	27261	4
1914	27352	4
1914	27477	4
1914	27513	4
1914	27674	4
1914	27707	4
1914	27726	4
1914	28437	4
1914	28503	4
1914	28593	4
1914	28923	4
1914	29065	4
1914	29944	4
1914	30186	4
1914	30242	4
1914	30824	4
1914	31052	4
1914	31350	4
1914	31429	4
1914	31435	4
1914	31711	4
1914	31714	4
1914	31794	4
1914	31983	4
1914	32110	4
1914	32497	4
1914	33040	4
1914	33093	4
1914	33558	4
1914	33596	4
1914	34099	4
1914	34974	4
1914	35438	4
1914	36274	4
1914	36732	4
1914	36833	4
1914	37028	4
1914	38796	4
1914	71218	4
1914	71222	4
1914	71232	4
1914	71244	4
1914	71314	4
1914	71329	4
1914	71362	4
1914	71383	4
1914	71388	4
1914	71411	4
1914	71905	4
1914	72078	4
1914	72162	4
1914	72178	4
1914	72412	4
1914	72742	4
1914	72813	4
1914	72922	4
1914	72931	4
1914	72998	4
1914	73002	4
1914	73006	4
1914	73080	4
1914	73478	4
1914	73689	4
1914	73841	4
1914	73845	4
1914	74141	4
1914	74439	4
1914	74575	4
1914	74878	4
1914	75322	4
1914	75948	4
1914	76558	4
1914	76662	4
1914	77025	4
1914	77552	4
1914	78253	4
1914	78502	4
1914	79019	4
1914	79219	4
1914	79297	4
1914	79802	4
1914	79934	4
1914	82961	4
1914	82962	4
1914	82963	4
1914	82965	4
1914	82966	4
1914	82967	4
1914	82968	4
1914	82969	4
1914	82970	4
1914	82972	4
1914	82975	4
1914	82976	4
1914	82979	4
1914	82982	4
1915	23759	4
1915	25603	4
1915	28604	4
1915	35276	4
1915	71939	4
1916	117	4
1916	186	4
1916	894	4
1916	24023	4
1916	24322	4
1916	24334	4
1916	24685	4
1916	25391	4
1916	25407	4
1916	25459	4
1916	32765	4
1916	36296	4
1916	37200	4
1916	82985	4
1917	359	4
1917	24739	4
1917	26484	4
1918	18890	4
1918	23698	4
1918	23701	4
1918	24326	4
1918	24361	4
1918	24651	4
1918	24655	4
1918	24676	4
1918	24690	4
1918	24703	4
1918	25575	4
1918	25613	4
1918	27491	4
1918	28478	4
1918	44837	4
1918	44969	4
1918	71465	4
1918	71473	4
1918	71828	4
1918	72460	4
1918	82382	4
1918	82986	4
1918	82987	4
1919	809	4
1919	3710	4
1919	17060	4
1919	23754	4
1919	24876	4
1919	25157	4
1919	25447	4
1919	36188	4
1919	38396	4
1919	38905	4
1919	41166	4
1919	42064	4
1919	71965	4
1920	352	4
1920	983	4
1920	7555	4
1920	7875	4
1920	8081	4
1920	8116	4
1920	10791	4
1920	11640	4
1920	18917	4
1920	18936	4
1920	19070	4
1920	19194	4
1920	20580	4
1920	21353	4
1920	23822	4
1920	23898	4
1920	23901	4
1920	23929	4
1920	23934	4
1920	24090	4
1920	24116	4
1920	24291	4
1920	24407	4
1920	24443	4
1920	24505	4
1920	24551	4
1920	24636	4
1920	24657	4
1920	24859	4
1920	24912	4
1920	25043	4
1920	25067	4
1920	25479	4
1920	25727	4
1920	26542	4
1920	26573	4
1920	26781	4
1920	28082	4
1920	31174	4
1920	32542	4
1920	37380	4
1920	37831	4
1920	38003	4
1920	71314	4
1920	71452	4
1920	72738	4
1920	72815	4
1920	73803	4
1920	74677	4
1920	79038	4
1920	81401	4
1920	82991	4
1920	82993	4
1921	1704	4
1921	33586	4
1921	41614	4
1921	42830	4
1921	42831	4
1921	82996	4
1922	519	4
1922	10430	4
1922	24533	4
1922	24613	4
1922	25001	4
1922	26285	4
1922	26302	4
1922	26517	4
1922	26596	4
1922	27389	4
1922	27589	4
1922	27590	4
1922	27991	4
1922	29992	4
1922	30484	4
1922	31713	4
1922	32369	4
1922	35692	4
1922	42838	4
1922	73478	4
1924	29517	4
1924	30004	4
1924	71433	4
1924	71652	4
1924	79101	4
1924	83005	4
1925	18872	4
1925	19140	4
1925	23727	4
1925	24147	4
1925	25147	4
1925	26228	4
1925	27602	4
1925	27899	4
1925	28419	4
1925	28457	4
1925	29982	4
1925	33696	4
1925	34754	4
1925	34931	4
1925	39315	4
1925	42847	4
1925	42848	4
1925	71729	4
1925	75526	4
1925	76448	4
1925	83010	4
1925	83011	4
1926	606	4
1926	24386	4
1926	24622	4
1926	25009	4
1926	26036	4
1926	27214	4
1926	29850	4
1926	74049	4
1927	2128	4
1927	3840	4
1927	4178	4
1927	23782	4
1927	23892	4
1927	23914	4
1927	24005	4
1927	24006	4
1927	24010	4
1927	24013	4
1927	24045	4
1927	24405	4
1927	25471	4
1927	25635	4
1927	26585	4
1927	26798	4
1927	27450	4
1927	27724	4
1927	28202	4
1927	29419	4
1927	30636	4
1927	31059	4
1927	31286	4
1927	31828	4
1927	32364	4
1927	32374	4
1927	37866	4
1927	42853	4
1927	42854	4
1927	71255	4
1927	71529	4
1927	71738	4
1927	71740	4
1927	72787	4
1927	73427	4
1927	74475	4
1927	74503	4
1927	79237	4
1927	83017	4
1928	25185	4
1928	28852	4
1928	35399	4
1928	41149	4
1928	42864	4
1928	55133	4
1928	77283	4
1928	83021	4
1929	190	4
1929	7829	4
1929	20164	4
1929	23865	4
1929	24093	4
1929	26591	4
1929	27667	4
1929	27988	4
1929	28278	4
1929	29426	4
1929	35518	4
1930	3351	4
1930	24179	4
1931	19200	4
1931	19989	4
1931	24155	4
1931	25241	4
1931	25706	4
1931	27075	4
1931	27614	4
1931	29642	4
1931	32994	4
1931	42865	4
1931	71774	4
1931	74809	4
1932	65	4
1932	4180	4
1932	19436	4
1932	24274	4
1932	24373	4
1932	24886	4
1932	25400	4
1932	26090	4
1932	26166	4
1932	26250	4
1932	27534	4
1932	32447	4
1932	42871	4
1933	7	4
1933	1679	4
1933	21361	4
1933	21362	4
1933	23772	4
1933	23810	4
1933	23812	4
1933	23815	4
1933	23853	4
1933	23964	4
1933	24075	4
1933	24090	4
1933	24419	4
1933	24424	4
1933	24506	4
1933	24511	4
1933	25001	4
1933	25492	4
1933	25851	4
1933	26105	4
1933	26306	4
1933	27010	4
1933	27157	4
1933	27335	4
1933	27513	4
1933	27522	4
1933	28208	4
1933	32128	4
1933	32335	4
1933	41656	4
1933	42873	4
1933	42876	4
1933	71228	4
1933	71542	4
1933	72763	4
1933	72889	4
1933	79004	4
1934	278	4
1934	729	4
1934	4181	4
1934	4182	4
1934	4183	4
1934	4185	4
1934	4187	4
1934	11653	4
1934	11655	4
1934	18949	4
1934	19449	4
1934	21318	4
1934	21363	4
1934	23731	4
1934	24192	4
1934	24198	4
1934	24596	4
1934	25684	4
1934	25748	4
1934	25767	4
1934	25852	4
1934	25927	4
1934	25941	4
1934	27082	4
1934	27460	4
1934	27573	4
1934	27784	4
1934	28068	4
1934	28842	4
1934	28851	4
1934	29144	4
1934	29647	4
1934	30659	4
1934	31076	4
1934	31867	4
1934	31969	4
1934	33584	4
1934	34829	4
1934	34944	4
1934	37294	4
1934	42878	4
1934	42880	4
1934	42881	4
1934	42883	4
1934	42884	4
1934	42886	4
1934	42887	4
1934	44904	4
1934	45403	4
1934	76542	4
1934	83031	4
1935	1420	4
1935	8448	4
1935	24799	4
1935	24892	4
1935	28915	4
1935	30104	4
1935	71803	4
1935	71824	4
1935	73177	4
1935	73803	4
1936	27693	4
1936	27695	4
1936	27705	4
1936	42888	4
1937	1280	4
1937	2827	4
1937	9364	4
1937	11656	4
1937	18902	4
1937	19301	4
1937	20835	4
1937	31750	4
1937	32217	4
1937	32226	4
1937	33945	4
1937	37307	4
1937	38653	4
1937	41161	4
1937	41165	4
1937	42061	4
1937	42235	4
1937	42891	4
1937	81049	4
1937	83043	4
1938	24321	4
1938	24370	4
1938	26575	4
1938	42893	4
1939	56	4
1939	94	4
1939	541	4
1939	658	4
1939	659	4
1939	1047	4
1939	1151	4
1939	1297	4
1939	1733	4
1939	1734	4
1939	2154	4
1939	2839	4
1939	3416	4
1939	9313	4
1939	9689	4
1939	11414	4
1939	18874	4
1939	18901	4
1939	19476	4
1939	21366	4
1939	24279	4
1939	26172	4
1939	26175	4
1939	26176	4
1939	26177	4
1939	26181	4
1939	26187	4
1939	26795	4
1939	27696	4
1939	27699	4
1939	27700	4
1939	27711	4
1939	27749	4
1939	28228	4
1939	28230	4
1939	28442	4
1939	29611	4
1939	29700	4
1939	29953	4
1939	30630	4
1939	30673	4
1939	30675	4
1939	30684	4
1939	31080	4
1939	31107	4
1939	31111	4
1939	31439	4
1939	31440	4
1939	31443	4
1939	31450	4
1939	31601	4
1939	31605	4
1939	31612	4
1939	31614	4
1939	31871	4
1939	31885	4
1939	33447	4
1939	33596	4
1939	35051	4
1939	35052	4
1939	35472	4
1939	35684	4
1939	35769	4
1939	37241	4
1939	37748	4
1939	38255	4
1939	40734	4
1939	40966	4
1939	42896	4
1939	42899	4
1939	45341	4
1939	71403	4
1939	71629	4
1939	71833	4
1939	71964	4
1939	72488	4
1939	72506	4
1939	72612	4
1939	73059	4
1939	73065	4
1939	73491	4
1939	73544	4
1939	73933	4
1939	74268	4
1939	74273	4
1939	74357	4
1939	74362	4
1939	75427	4
1939	75755	4
1939	75761	4
1939	75766	4
1939	76412	4
1939	76993	4
1939	77014	4
1939	77214	4
1939	78480	4
1939	78489	4
1939	78495	4
1939	81089	4
1939	82313	4
1939	83046	4
1939	83047	4
1939	83048	4
1939	83049	4
1939	83052	4
1939	83053	4
1939	83054	4
1939	83055	4
1939	83056	4
1939	83057	4
1939	83059	4
1940	7871	4
1940	18825	4
1940	18946	4
1940	23787	4
1940	23916	4
1940	23926	4
1940	24056	4
1940	24657	4
1940	24722	4
1940	24735	4
1940	24820	4
1940	24839	4
1940	24857	4
1940	24913	4
1940	24957	4
1940	25084	4
1940	25391	4
1940	25575	4
1940	25613	4
1940	26096	4
1940	26245	4
1940	26254	4
1940	26850	4
1940	27499	4
1940	28109	4
1940	28466	4
1940	30544	4
1940	30628	4
1940	33090	4
1940	37967	4
1940	40730	4
1940	71457	4
1940	75784	4
1940	75819	4
1940	77634	4
1941	65	4
1941	691	4
1941	2721	4
1941	23717	4
1941	23858	4
1941	24289	4
1941	24340	4
1941	25209	4
1941	25260	4
1941	26013	4
1941	27307	4
1941	27557	4
1941	27800	4
1941	27861	4
1941	27995	4
1941	28082	4
1941	32447	4
1941	42907	4
1941	42909	4
1942	31	4
1942	1683	4
1942	2183	4
1942	2880	4
1942	11662	4
1942	11664	4
1942	17073	4
1942	18872	4
1942	18901	4
1942	19026	4
1942	19167	4
1942	19281	4
1942	19283	4
1942	23775	4
1942	23785	4
1942	23786	4
1942	23857	4
1942	23897	4
1942	23969	4
1942	23971	4
1942	23975	4
1942	23982	4
1942	24202	4
1942	24430	4
1942	24469	4
1942	24470	4
1942	24478	4
1942	24482	4
1942	24540	4
1942	24621	4
1942	24633	4
1942	24697	4
1942	24797	4
1942	24847	4
1942	24927	4
1942	24971	4
1942	24974	4
1942	24997	4
1942	25014	4
1942	25092	4
1942	25255	4
1942	25264	4
1942	25265	4
1942	25266	4
1942	25273	4
1942	25285	4
1942	25286	4
1942	25779	4
1942	25827	4
1942	26042	4
1942	26076	4
1942	26268	4
1942	26416	4
1942	27410	4
1942	27419	4
1942	27432	4
1942	27460	4
1942	27555	4
1942	28050	4
1942	28081	4
1942	28191	4
1942	29529	4
1942	30110	4
1942	30309	4
1942	32540	4
1942	32684	4
1942	33465	4
1942	33480	4
1942	34067	4
1942	34785	4
1942	34799	4
1942	35532	4
1942	36116	4
1942	37835	4
1942	38587	4
1942	39314	4
1942	40688	4
1942	42705	4
1942	42914	4
1942	42917	4
1942	42918	4
1942	42919	4
1942	42922	4
1942	74100	4
1943	16085	4
1943	23843	4
1943	72775	4
1943	73002	4
1943	75841	4
1943	77265	4
1944	1887	4
1944	19026	4
1944	20014	4
1944	24262	4
1944	25091	4
1944	25852	4
1944	26198	4
1944	30089	4
1944	30109	4
1944	30291	4
1944	32161	4
1944	32840	4
1944	34262	4
1944	34462	4
1944	37356	4
1944	37905	4
1944	37914	4
1944	42923	4
1944	42925	4
1944	42926	4
1944	42927	4
1944	42928	4
1944	42929	4
1945	1084	4
1945	1200	4
1945	2496	4
1945	7957	4
1945	23784	4
1945	23805	4
1945	23806	4
1945	23816	4
1945	23822	4
1945	23832	4
1945	23853	4
1945	23895	4
1945	24412	4
1945	25250	4
1945	25848	4
1945	26505	4
1945	26524	4
1945	26606	4
1945	26851	4
1945	28261	4
1945	29414	4
1945	29426	4
1945	30553	4
1945	32093	4
1945	34590	4
1945	35337	4
1945	35405	4
1945	36910	4
1945	37757	4
1945	41413	4
1945	42930	4
1945	45272	4
1945	71388	4
1945	71416	4
1945	73433	4
1945	73525	4
1945	73689	4
1945	79006	4
1945	83063	4
1945	83064	4
1945	83065	4
1946	80	4
1946	186	4
1946	600	4
1946	2941	4
1946	7875	4
1946	8941	4
1946	19026	4
1946	21281	4
1946	23757	4
1946	23843	4
1946	23904	4
1946	24332	4
1946	24364	4
1946	24370	4
1946	24745	4
1946	24942	4
1946	25204	4
1946	25601	4
1946	25621	4
1946	25975	4
1946	28120	4
1946	28274	4
1946	28479	4
1946	28608	4
1946	28762	4
1946	30118	4
1946	30238	4
1946	32542	4
1946	35786	4
1946	41362	4
1946	71433	4
1946	71799	4
1946	71809	4
1946	83068	4
1947	25692	4
1947	36929	4
1947	42935	4
1947	82128	4
1947	83069	4
1947	83071	4
1947	83072	4
1947	83074	4
1948	4196	4
1948	18825	4
1948	21373	4
1948	27073	4
1948	30709	4
1948	35500	4
1948	37982	4
1949	1037	4
1949	19072	4
1949	21127	4
1949	21375	4
1949	21378	4
1949	21379	4
1949	28416	4
1949	32620	4
1949	33143	4
1949	36980	4
1949	42938	4
1949	42942	4
1949	42945	4
1949	83075	4
1949	83076	4
1950	8590	4
1950	10418	4
1950	19723	4
1950	23688	4
1950	23701	4
1950	23852	4
1950	24421	4
1950	24545	4
1950	24554	4
1950	24556	4
1950	24962	4
1950	25329	4
1950	25613	4
1950	25776	4
1950	26092	4
1950	26130	4
1950	26851	4
1950	27115	4
1950	27210	4
1950	27555	4
1950	28407	4
1950	28412	4
1950	28416	4
1950	28941	4
1950	29065	4
1950	29198	4
1950	29311	4
1950	29419	4
1950	29802	4
1950	30007	4
1950	30370	4
1950	30471	4
1950	31822	4
1950	32117	4
1950	32260	4
1950	32666	4
1950	33300	4
1950	34153	4
1950	35129	4
1950	39861	4
1950	45428	4
1950	71290	4
1950	71935	4
1950	71990	4
1950	75557	4
1950	75948	4
1950	82743	4
1950	83079	4
1951	739	4
1951	1460	4
1951	2056	4
1951	7869	4
1951	23786	4
1951	24411	4
1951	24443	4
1951	24840	4
1951	25493	4
1951	25495	4
1951	26337	4
1951	26542	4
1951	27117	4
1951	27308	4
1951	32093	4
1951	32306	4
1951	33238	4
1951	33691	4
1951	34263	4
1951	35808	4
1951	35825	4
1951	42953	4
1951	72592	4
1951	79930	4
1951	83081	4
1952	3418	4
1952	18974	4
1952	24465	4
1952	24993	4
1952	25391	4
1953	25116	4
1953	38697	4
1954	18866	4
1954	25006	4
1954	27555	4
1954	71356	4
1955	4204	4
1955	11671	4
1955	19355	4
1955	23781	4
1955	24582	4
1955	24594	4
1955	24595	4
1955	26635	4
1955	26660	4
1955	26683	4
1955	27065	4
1955	27311	4
1955	29002	4
1955	29106	4
1955	29332	4
1955	29334	4
1955	29342	4
1955	29346	4
1955	30318	4
1955	31931	4
1955	31945	4
1955	31947	4
1955	32406	4
1955	35568	4
1955	35572	4
1955	40125	4
1955	42963	4
1955	42965	4
1955	42968	4
1955	73018	4
1955	83089	4
1955	83091	4
1956	54	4
1956	191	4
1956	855	4
1956	1246	4
1956	1604	4
1956	2286	4
1956	3003	4
1956	4210	4
1956	4212	4
1956	4213	4
1956	7535	4
1956	7576	4
1956	7628	4
1956	8068	4
1956	8285	4
1956	8590	4
1956	9069	4
1956	9429	4
1956	9791	4
1956	11278	4
1956	11674	4
1956	11679	4
1956	11680	4
1956	11681	4
1956	17077	4
1956	17078	4
1956	17079	4
1956	18815	4
1956	18818	4
1956	18845	4
1956	18934	4
1956	18987	4
1956	19024	4
1956	19301	4
1956	19733	4
1956	19749	4
1956	19921	4
1956	19945	4
1956	20249	4
1956	20835	4
1956	21388	4
1956	21389	4
1956	21390	4
1956	21394	4
1956	21395	4
1956	23690	4
1956	23775	4
1956	23777	4
1956	23781	4
1956	23801	4
1956	23808	4
1956	23826	4
1956	23832	4
1956	23843	4
1956	23883	4
1956	23884	4
1956	23899	4
1956	24094	4
1956	24262	4
1956	24325	4
1956	24411	4
1956	24430	4
1956	24481	4
1956	24514	4
1956	24541	4
1956	24547	4
1956	24549	4
1956	24650	4
1956	24684	4
1956	24691	4
1956	24766	4
1956	24770	4
1956	24793	4
1956	25046	4
1956	25056	4
1956	25105	4
1956	25229	4
1956	25312	4
1956	25437	4
1956	25457	4
1956	25467	4
1956	25470	4
1956	25471	4
1956	25474	4
1956	25476	4
1956	25494	4
1956	25544	4
1956	25587	4
1956	25754	4
1956	25793	4
1956	25997	4
1956	26010	4
1956	26020	4
1956	26372	4
1956	26505	4
1956	26517	4
1956	26524	4
1956	26535	4
1956	26669	4
1956	27010	4
1956	27014	4
1956	27187	4
1956	27274	4
1956	27356	4
1956	27522	4
1956	27554	4
1956	27592	4
1956	27665	4
1956	27927	4
1956	28082	4
1956	28118	4
1956	28208	4
1956	28292	4
1956	28497	4
1956	28650	4
1956	28780	4
1956	28781	4
1956	28803	4
1956	29379	4
1956	29462	4
1956	30214	4
1956	30291	4
1956	30557	4
1956	30825	4
1956	31412	4
1956	31927	4
1956	32128	4
1956	32748	4
1956	32815	4
1956	32865	4
1956	32924	4
1956	32940	4
1956	33354	4
1956	33692	4
1956	34427	4
1956	34452	4
1956	34983	4
1956	35107	4
1956	35425	4
1956	35882	4
1956	36388	4
1956	37549	4
1956	37930	4
1956	38305	4
1956	38353	4
1956	38361	4
1956	38381	4
1956	38436	4
1956	39439	4
1956	39685	4
1956	40615	4
1956	40661	4
1956	41887	4
1956	42972	4
1956	42974	4
1956	42976	4
1956	42980	4
1956	42982	4
1956	42989	4
1956	42990	4
1956	42991	4
1956	42992	4
1956	42993	4
1956	42996	4
1956	42999	4
1956	43000	4
1956	43002	4
1956	43004	4
1956	43005	4
1956	43007	4
1956	43009	4
1956	43011	4
1956	71222	4
1956	71227	4
1956	71228	4
1956	71314	4
1956	71364	4
1956	71383	4
1956	71388	4
1956	71541	4
1956	71631	4
1956	71636	4
1956	71911	4
1956	71932	4
1956	71987	4
1956	71991	4
1956	72078	4
1956	72140	4
1956	72264	4
1956	72370	4
1956	72374	4
1956	72654	4
1956	72767	4
1956	72889	4
1956	72976	4
1956	73057	4
1956	73119	4
1956	73384	4
1956	73388	4
1956	73771	4
1956	74503	4
1956	74626	4
1956	75179	4
1956	75251	4
1956	75302	4
1956	75305	4
1956	76029	4
1956	76035	4
1956	76374	4
1956	76431	4
1956	77330	4
1956	77438	4
1956	77808	4
1956	78209	4
1956	78811	4
1956	78945	4
1956	79225	4
1956	79830	4
1956	79879	4
1956	80022	4
1956	80146	4
1956	81284	4
1956	81290	4
1956	83096	4
1956	83097	4
1956	83098	4
1956	83099	4
1956	83100	4
1956	83101	4
1956	83103	4
1956	83105	4
1956	83110	4
1956	83111	4
1956	83112	4
1956	83116	4
1956	83118	4
1956	83119	4
1956	83120	4
1956	83122	4
1956	83123	4
1956	83124	4
1956	83125	4
1956	83126	4
1956	83132	4
1956	83133	4
1956	83134	4
1956	83135	4
1956	83137	4
1956	83138	4
1956	83141	4
1956	83142	4
1956	83143	4
1956	83147	4
1956	83148	4
1956	83150	4
1956	83151	4
1956	83152	4
1956	83154	4
1956	83159	4
1956	83162	4
1956	83163	4
1957	435	4
1957	10319	4
1957	17080	4
1957	18934	4
1957	21396	4
1957	21400	4
1957	21401	4
1957	23735	4
1957	23744	4
1957	24038	4
1957	25147	4
1957	25326	4
1957	25352	4
1957	25355	4
1957	25463	4
1957	25527	4
1957	25556	4
1957	25563	4
1957	25708	4
1957	25748	4
1957	25853	4
1957	26323	4
1957	26391	4
1957	26454	4
1957	26469	4
1957	26620	4
1957	26720	4
1957	27234	4
1957	27606	4
1957	27997	4
1957	28460	4
1957	29043	4
1957	29047	4
1957	29058	4
1957	29065	4
1957	30513	4
1957	30516	4
1957	30687	4
1957	30727	4
1957	37458	4
1957	37673	4
1957	38799	4
1957	39851	4
1957	40671	4
1957	41774	4
1957	43013	4
1957	43016	4
1957	43017	4
1957	43018	4
1957	43021	4
1957	43022	4
1957	71674	4
1957	71965	4
1957	71967	4
1957	73561	4
1957	75496	4
1957	75995	4
1957	83166	4
1957	83169	4
1957	83170	4
1957	83171	4
1957	83173	4
1958	2782	4
1958	7903	4
1958	26876	4
1958	43024	4
1960	13	4
1960	72	4
1960	250	4
1960	669	4
1960	849	4
1960	4217	4
1960	8053	4
1960	8204	4
1960	9562	4
1960	10419	4
1960	18859	4
1960	19005	4
1960	19366	4
1960	19699	4
1960	20785	4
1960	23813	4
1960	23834	4
1960	23861	4
1960	23884	4
1960	24553	4
1960	24556	4
1960	25467	4
1960	25485	4
1960	26523	4
1960	27592	4
1960	28310	4
1960	29379	4
1960	31060	4
1960	31201	4
1960	31839	4
1960	35441	4
1960	36472	4
1960	43026	4
1960	44858	4
1960	71255	4
1960	71416	4
1960	71554	4
1960	71738	4
1960	71742	4
1960	72940	4
1960	73010	4
1960	73174	4
1960	73183	4
1960	73780	4
1960	76750	4
1960	78467	4
1960	78598	4
1960	79603	4
1960	80142	4
1960	81281	4
1960	83176	4
1960	83177	4
1960	83179	4
1960	83184	4
1961	4219	4
1961	16880	4
1961	39829	4
1961	72014	4
1961	77381	4
1961	77433	4
1961	83185	4
1961	83186	4
1962	202	4
1962	292	4
1962	1758	4
1962	23757	4
1962	23765	4
1962	24058	4
1962	24413	4
1962	24502	4
1962	24690	4
1962	24757	4
1962	24831	4
1962	24876	4
1962	24965	4
1962	25072	4
1962	25455	4
1962	25518	4
1962	25602	4
1962	25612	4
1962	25614	4
1962	26400	4
1962	26405	4
1962	26488	4
1962	26489	4
1962	27787	4
1962	27806	4
1962	27934	4
1962	32231	4
1962	32461	4
1962	34747	4
1962	43028	4
1962	72666	4
1962	77438	4
1963	3016	4
1963	4221	4
1963	21404	4
1963	27372	4
1963	28611	4
1963	38650	4
1963	39113	4
1963	42218	4
1963	42222	4
1963	42265	4
1963	45430	4
1963	83189	4
1964	4222	4
1964	26303	4
1964	29200	4
1964	35283	4
1964	41867	4
1964	43031	4
1964	43032	4
1966	117	4
1966	11690	4
1966	11691	4
1966	17085	4
1966	24940	4
1966	28376	4
1966	41281	4
1966	43035	4
1966	43036	4
1966	76608	4
1966	83198	4
1966	83200	4
1966	83201	4
1967	29	4
1967	4225	4
1967	4226	4
1967	21411	4
1967	29369	4
1967	74575	4
1967	83202	4
1968	8826	4
1968	17087	4
1968	19095	4
1968	19519	4
1968	21412	4
1968	23774	4
1968	23817	4
1968	23824	4
1968	24602	4
1968	25497	4
1968	25773	4
1968	26337	4
1968	27113	4
1968	27164	4
1968	27724	4
1968	28131	4
1968	28202	4
1968	28316	4
1968	28446	4
1968	28933	4
1968	35441	4
1968	71542	4
1968	72530	4
1968	72957	4
1969	25437	4
1969	34631	4
1969	38893	4
1969	40433	4
1969	43039	4
1969	43041	4
1969	81120	4
1970	19026	4
1970	25237	4
1970	26059	4
1970	27482	4
1970	28661	4
1970	28768	4
1970	29649	4
1970	31986	4
1970	33245	4
1970	35026	4
1970	41536	4
1970	43047	4
1970	74637	4
1971	185	4
1971	23801	4
1971	24904	4
1971	71374	4
1971	73572	4
1971	74786	4
1972	1668	4
1972	2309	4
1972	3300	4
1972	4228	4
1972	4231	4
1972	4233	4
1972	4234	4
1972	9822	4
1972	11696	4
1972	18953	4
1972	19033	4
1972	20538	4
1972	21414	4
1972	23732	4
1972	24046	4
1972	24274	4
1972	24323	4
1972	24488	4
1972	24689	4
1972	24723	4
1972	24763	4
1972	24774	4
1972	24824	4
1972	24906	4
1972	25015	4
1972	25456	4
1972	25980	4
1972	26148	4
1972	26552	4
1972	26564	4
1972	26587	4
1972	26764	4
1972	26821	4
1972	26920	4
1972	27403	4
1972	27529	4
1972	27868	4
1972	28142	4
1972	28310	4
1972	28816	4
1972	28819	4
1972	28824	4
1972	28826	4
1972	29170	4
1972	29689	4
1972	29754	4
1972	29757	4
1972	29778	4
1972	29782	4
1972	30104	4
1972	31389	4
1972	31391	4
1972	31496	4
1972	31537	4
1972	32515	4
1972	32717	4
1972	32957	4
1972	33366	4
1972	33370	4
1972	33860	4
1972	33866	4
1972	33883	4
1972	33895	4
1972	33943	4
1972	33988	4
1972	34040	4
1972	35070	4
1972	35092	4
1972	35907	4
1972	35949	4
1972	36045	4
1972	36052	4
1972	36057	4
1972	36074	4
1972	36376	4
1972	36390	4
1972	36396	4
1972	36425	4
1972	36846	4
1972	36931	4
1972	36964	4
1972	36967	4
1972	36971	4
1972	37019	4
1972	37119	4
1972	37184	4
1972	37185	4
1972	38067	4
1972	38460	4
1972	39100	4
1972	39114	4
1972	39117	4
1972	39136	4
1972	39141	4
1972	39149	4
1972	39155	4
1972	42261	4
1972	42559	4
1972	43053	4
1972	43055	4
1972	43062	4
1972	43063	4
1972	43064	4
1972	43066	4
1972	43068	4
1972	43070	4
1972	43072	4
1972	43073	4
1972	43074	4
1972	43075	4
1972	43076	4
1972	43078	4
1972	71207	4
1972	71429	4
1972	72518	4
1972	77323	4
1972	78639	4
1972	83210	4
1972	83211	4
1972	83212	4
1972	83213	4
1972	83214	4
1972	83215	4
1972	83217	4
1973	8439	4
1973	25036	4
1973	32026	4
1973	83219	4
1974	23777	4
1974	26537	4
1975	65	4
1975	25391	4
1975	47794	4
1975	71625	4
1975	71941	4
1976	1083	4
1976	23823	4
1976	24096	4
1976	24488	4
1976	25263	4
1976	25433	4
1976	25829	4
1976	26195	4
1976	26416	4
1976	26512	4
1976	26531	4
1976	26549	4
1976	26552	4
1976	26808	4
1976	26810	4
1976	27133	4
1976	27409	4
1976	27529	4
1976	27535	4
1976	27717	4
1976	28279	4
1976	28284	4
1976	29038	4
1976	29527	4
1976	29752	4
1976	30881	4
1976	31306	4
1976	32679	4
1976	33459	4
1976	33469	4
1976	35332	4
1976	35379	4
1976	72951	4
1976	76844	4
1977	28557	4
1977	34489	4
1977	39498	4
1977	76092	4
1978	24065	4
1978	27324	4
1979	7537	4
1979	8005	4
1979	24203	4
1979	24399	4
1979	25147	4
1979	25477	4
1979	26717	4
1979	26771	4
1979	27091	4
1979	28932	4
1979	29055	4
1979	35488	4
1979	43088	4
1979	43089	4
1979	80401	4
1980	1	4
1980	29	4
1980	1189	4
1980	8049	4
1980	11703	4
1980	11704	4
1980	11705	4
1980	19247	4
1980	19476	4
1980	26306	4
1980	27128	4
1980	27526	4
1980	28560	4
1980	31877	4
1980	44856	4
1980	45302	4
1980	45432	4
1980	72169	4
1980	72885	4
1980	73506	4
1980	74335	4
1980	77294	4
1980	77541	4
1980	79087	4
1980	83227	4
1980	83230	4
1981	65	4
1981	304	4
1981	4239	4
1981	4242	4
1981	8003	4
1981	8541	4
1981	9533	4
1981	11664	4
1981	11706	4
1981	11707	4
1981	11718	4
1981	15718	4
1981	17089	4
1981	17090	4
1981	23977	4
1981	23981	4
1981	24349	4
1981	24480	4
1981	24482	4
1981	24483	4
1981	24491	4
1981	24496	4
1981	24716	4
1981	24797	4
1981	24889	4
1981	24961	4
1981	25266	4
1981	25270	4
1981	25273	4
1981	25295	4
1981	25366	4
1981	25789	4
1981	25881	4
1981	26191	4
1981	26408	4
1981	26414	4
1981	26416	4
1981	26813	4
1981	27131	4
1981	27316	4
1981	27408	4
1981	27430	4
1981	27435	4
1981	28011	4
1981	28338	4
1981	28342	4
1981	29038	4
1981	29121	4
1981	29468	4
1981	29529	4
1981	29607	4
1981	30309	4
1981	30546	4
1981	30886	4
1981	32308	4
1981	32784	4
1981	32811	4
1981	33338	4
1981	33464	4
1981	33473	4
1981	33476	4
1981	34056	4
1981	34084	4
1981	34087	4
1981	34283	4
1981	35697	4
1981	36717	4
1981	39122	4
1981	42917	4
1981	43091	4
1981	43092	4
1981	43095	4
1981	43097	4
1981	72299	4
1981	72901	4
1981	75876	4
1981	78734	4
1981	79025	4
1981	80081	4
1981	83237	4
1982	65	4
1982	9576	4
1982	11720	4
1982	23787	4
1982	23929	4
1982	24066	4
1982	24095	4
1982	24528	4
1982	24782	4
1982	25127	4
1982	25451	4
1982	25575	4
1982	25622	4
1982	28106	4
1983	1350	4
1983	8926	4
1983	9187	4
1983	24301	4
1983	26391	4
1983	27196	4
1983	29212	4
1983	29220	4
1983	36490	4
1983	42555	4
1983	43098	4
1983	71932	4
1983	83239	4
1983	83240	4
1984	1006	4
1984	1532	4
1984	4244	4
1984	4247	4
1984	11721	4
1984	11722	4
1984	18991	4
1984	20629	4
1984	23825	4
1984	23886	4
1984	24311	4
1984	24373	4
1984	24770	4
1984	24853	4
1984	25015	4
1984	25225	4
1984	27405	4
1984	29083	4
1984	32248	4
1984	32806	4
1984	32807	4
1984	32808	4
1984	35677	4
1984	36626	4
1984	37689	4
1984	38234	4
1984	39942	4
1984	39981	4
1984	40308	4
1984	42808	4
1984	42841	4
1984	43099	4
1984	43100	4
1984	43101	4
1984	43102	4
1984	43104	4
1984	43107	4
1984	43108	4
1984	43110	4
1984	43112	4
1984	43114	4
1984	43117	4
1984	43118	4
1984	43119	4
1984	43121	4
1984	44682	4
1984	45434	4
1984	45435	4
1984	71499	4
1984	75003	4
1984	76868	4
1984	78388	4
1984	81154	4
1984	83242	4
1984	83243	4
1984	83244	4
1984	83245	4
1984	83246	4
1984	83247	4
1984	83248	4
1984	83251	4
1984	83256	4
1984	83257	4
1985	8086	4
1985	23815	4
1985	23872	4
1985	24322	4
1985	24785	4
1985	25194	4
1985	25381	4
1985	25556	4
1985	25562	4
1985	25721	4
1985	26524	4
1985	26534	4
1985	27957	4
1985	27961	4
1985	28781	4
1985	29462	4
1985	29647	4
1985	32071	4
1985	33285	4
1985	34140	4
1985	34988	4
1986	451	4
1986	630	4
1986	836	4
1986	1076	4
1986	4250	4
1986	8197	4
1986	8825	4
1986	11725	4
1986	11727	4
1986	11728	4
1986	11729	4
1986	11730	4
1986	11731	4
1986	18923	4
1986	18983	4
1986	19491	4
1986	20580	4
1986	21145	4
1986	23832	4
1986	23843	4
1986	24378	4
1986	24615	4
1986	25102	4
1986	25172	4
1986	25418	4
1986	26029	4
1986	26043	4
1986	26296	4
1986	26308	4
1986	26351	4
1986	26359	4
1986	26529	4
1986	26847	4
1986	27151	4
1986	27170	4
1986	27274	4
1986	27509	4
1986	28954	4
1986	29693	4
1986	31421	4
1986	31423	4
1986	31712	4
1986	31794	4
1986	32033	4
1986	32103	4
1986	35162	4
1986	36654	4
1986	40291	4
1986	41308	4
1986	83261	4
1987	54	4
1987	117	4
1987	236	4
1987	15669	4
1987	18886	4
1987	18894	4
1987	23754	4
1987	23880	4
1987	23924	4
1987	23935	4
1987	23991	4
1987	23993	4
1987	24051	4
1987	24062	4
1987	24105	4
1987	24108	4
1987	24245	4
1987	24286	4
1987	24319	4
1987	24375	4
1987	24696	4
1987	24759	4
1987	24909	4
1987	25312	4
1987	25380	4
1987	25506	4
1987	25548	4
1987	25711	4
1987	26097	4
1987	26103	4
1987	26272	4
1987	26278	4
1987	27796	4
1987	27937	4
1987	28079	4
1987	28629	4
1987	30410	4
1987	31174	4
1987	35444	4
1987	36227	4
1987	36887	4
1987	71265	4
1987	71455	4
1987	71781	4
1987	73809	4
1988	2784	4
1988	24490	4
1988	24915	4
1988	26489	4
1988	27716	4
1988	27719	4
1988	28933	4
1988	72518	4
1988	72952	4
1989	342	4
1989	11733	4
1989	21421	4
1989	34426	4
1989	40005	4
1990	1796	4
1990	4252	4
1990	4253	4
1990	4254	4
1990	7955	4
1990	8068	4
1990	11734	4
1990	17093	4
1990	21425	4
1990	21426	4
1990	23831	4
1990	23860	4
1990	23883	4
1990	23899	4
1990	24019	4
1990	24192	4
1990	24407	4
1990	25216	4
1990	25485	4
1990	26092	4
1990	26508	4
1990	26584	4
1990	26599	4
1990	27007	4
1990	27840	4
1990	28371	4
1990	28442	4
1990	29125	4
1990	30300	4
1990	30630	4
1990	30682	4
1990	31260	4
1990	33555	4
1990	33859	4
1990	35750	4
1990	40113	4
1990	40445	4
1990	43135	4
1990	43136	4
1990	43137	4
1990	43140	4
1990	72998	4
1990	75994	4
1990	81119	4
1990	83182	4
1991	65	4
1991	191	4
1991	850	4
1991	968	4
1991	1006	4
1991	4257	4
1991	18933	4
1991	19353	4
1991	23775	4
1991	23782	4
1991	23807	4
1991	23811	4
1991	24108	4
1991	24312	4
1991	24549	4
1991	24612	4
1991	24698	4
1991	24775	4
1991	24881	4
1991	24899	4
1991	24978	4
1991	25251	4
1991	25384	4
1991	25472	4
1991	25508	4
1991	25612	4
1991	26042	4
1991	26405	4
1991	26923	4
1991	28330	4
1991	30543	4
1991	30842	4
1991	32808	4
1991	33925	4
1991	33957	4
1991	33988	4
1991	35677	4
1991	36215	4
1991	38235	4
1991	39057	4
1991	43100	4
1991	43141	4
1991	43144	4
1991	78602	4
1992	4258	4
1992	4259	4
1992	4260	4
1992	11735	4
1992	11736	4
1992	11738	4
1992	11740	4
1992	19026	4
1992	24373	4
1992	24704	4
1992	25010	4
1992	25015	4
1992	27405	4
1992	29094	4
1992	29098	4
1992	29422	4
1992	30379	4
1992	30380	4
1992	31819	4
1992	32240	4
1992	32242	4
1992	32807	4
1992	32808	4
1992	32980	4
1992	34839	4
1992	35675	4
1992	36626	4
1992	37682	4
1992	37751	4
1992	40665	4
1992	40739	4
1992	42981	4
1992	43117	4
1992	43146	4
1992	43153	4
1992	43156	4
1992	43158	4
1992	43161	4
1992	43164	4
1992	43166	4
1992	43169	4
1992	43170	4
1992	78122	4
1992	78388	4
1992	81154	4
1992	83246	4
1992	83265	4
1992	83270	4
1992	83274	4
1992	83276	4
1992	83278	4
1992	83280	4
1993	3792	4
1993	18884	4
1993	19407	4
1993	20896	4
1993	21428	4
1993	24031	4
1993	24062	4
1993	24885	4
1993	25506	4
1993	25976	4
1993	26064	4
1993	26422	4
1993	26980	4
1993	27481	4
1993	27533	4
1993	29678	4
1993	32325	4
1993	33685	4
1993	33988	4
1993	35775	4
1993	36943	4
1993	37017	4
1993	37021	4
1993	43175	4
1993	71214	4
1993	71465	4
1993	72166	4
1993	75496	4
1994	7	4
1994	17	4
1994	228	4
1994	335	4
1994	488	4
1994	670	4
1994	1272	4
1994	1285	4
1994	1344	4
1994	9536	4
1994	11629	4
1994	11742	4
1994	11743	4
1994	19140	4
1994	19340	4
1994	23803	4
1994	23855	4
1994	23895	4
1994	24007	4
1994	24012	4
1994	24105	4
1994	24108	4
1994	24163	4
1994	24164	4
1994	24435	4
1994	24465	4
1994	24503	4
1994	24613	4
1994	24748	4
1994	25084	4
1994	25146	4
1994	25366	4
1994	25430	4
1994	25480	4
1994	25530	4
1994	25673	4
1994	25996	4
1994	26051	4
1994	26155	4
1994	26281	4
1994	26308	4
1994	26588	4
1994	26596	4
1994	26753	4
1994	26759	4
1994	26781	4
1994	27080	4
1994	27082	4
1994	27148	4
1994	27150	4
1994	27173	4
1994	27367	4
1994	27450	4
1994	27586	4
1994	28082	4
1994	28205	4
1994	28274	4
1994	28921	4
1994	28951	4
1994	28956	4
1994	31056	4
1994	31350	4
1994	31421	4
1994	31703	4
1994	31714	4
1994	31717	4
1994	31722	4
1994	32033	4
1994	35959	4
1994	38021	4
1994	43182	4
1994	72874	4
1994	76170	4
1994	78174	4
1994	83283	4
1994	83285	4
1995	452	4
1995	1660	4
1995	8064	4
1995	15632	4
1995	19013	4
1995	19110	4
1995	19756	4
1995	20142	4
1995	23810	4
1995	23958	4
1995	25000	4
1995	25005	4
1995	26591	4
1995	26592	4
1995	27679	4
1995	29946	4
1995	29992	4
1995	30484	4
1995	31759	4
1995	33037	4
1995	38491	4
1995	43186	4
1995	45126	4
1995	45442	4
1995	71232	4
1995	71271	4
1995	71388	4
1995	71542	4
1995	71742	4
1995	71743	4
1995	71744	4
1995	72754	4
1995	72829	4
1995	72908	4
1995	73548	4
1995	73920	4
1995	74479	4
1995	75302	4
1995	76600	4
1995	79297	4
1995	79453	4
1995	83291	4
1995	83292	4
1995	83297	4
1996	211	4
1996	1754	4
1996	4265	4
1996	25935	4
1996	26230	4
1996	27238	4
1996	27902	4
1996	28878	4
1996	30595	4
1996	31990	4
1996	35968	4
1996	72054	4
1996	77066	4
1997	204	4
1997	253	4
1997	2067	4
1997	4268	4
1997	4269	4
1997	4270	4
1997	18860	4
1997	18934	4
1997	18947	4
1997	19359	4
1997	24020	4
1997	24246	4
1997	24563	4
1997	24713	4
1997	24886	4
1997	24945	4
1997	25205	4
1997	25518	4
1997	25585	4
1997	25947	4
1997	26558	4
1997	27642	4
1997	29418	4
1997	29644	4
1997	29786	4
1997	30177	4
1997	30665	4
1997	30669	4
1997	30916	4
1997	30924	4
1997	32675	4
1997	32678	4
1997	33571	4
1997	33907	4
1997	34623	4
1997	35253	4
1997	36523	4
1997	39201	4
1997	41070	4
1997	41083	4
1997	41799	4
1997	43190	4
1997	43193	4
1997	43196	4
1997	43199	4
1997	43200	4
1997	71216	4
1997	72021	4
1997	81723	4
1998	34	4
1998	9991	4
1998	23802	4
1998	24817	4
1998	25391	4
1998	26111	4
1998	26405	4
1998	26496	4
1998	27401	4
1998	28602	4
1998	29224	4
1998	32388	4
1998	38551	4
1998	71265	4
1998	71296	4
1998	74980	4
1998	75239	4
1999	7667	4
1999	9997	4
1999	23797	4
1999	24025	4
1999	24052	4
1999	24715	4
1999	24720	4
1999	24876	4
1999	25454	4
1999	25654	4
1999	26277	4
1999	27375	4
1999	27484	4
1999	27487	4
1999	27501	4
2000	4272	4
2000	24023	4
2000	24334	4
2000	24425	4
2000	24465	4
2000	24790	4
2000	24899	4
2000	25099	4
2000	26876	4
2000	27966	4
2000	43204	4
2000	43205	4
2000	71216	4
2000	71309	4
2000	83304	4
2001	4273	4
2001	11752	4
2001	17099	4
2001	35162	4
2001	40128	4
2002	7628	4
2002	7768	4
2002	8045	4
2002	21435	4
2002	23704	4
2002	23872	4
2002	23883	4
2002	23905	4
2002	24421	4
2002	25859	4
2002	26105	4
2002	40187	4
2002	71743	4
2002	77372	4
2003	4276	4
2003	20093	4
2004	10880	4
2004	24730	4
2004	26830	4
2004	27313	4
2004	28736	4
2004	29311	4
2004	30450	4
2004	32660	4
2004	32766	4
2004	33298	4
2004	34724	4
2004	34845	4
2004	39473	4
2004	40236	4
2004	43210	4
2004	83309	4
2004	83310	4
2005	300	4
2005	4238	4
2005	24835	4
2005	24961	4
2005	25366	4
2005	25970	4
2005	28337	4
2005	29038	4
2005	35698	4
2005	43214	4
2006	541	4
2006	24549	4
2006	27707	4
2006	27709	4
2006	31448	4
2006	43216	4
2006	72506	4
2006	72757	4
2006	72784	4
2006	72796	4
2006	78478	4
2006	78481	4
2006	78596	4
2006	78894	4
2006	79359	4
2007	1395	4
2007	17103	4
2007	23936	4
2007	26125	4
2007	27817	4
2007	30265	4
2007	31227	4
2007	32229	4
2008	861	4
2008	1241	4
2008	24565	4
2008	26171	4
2008	27699	4
2008	27709	4
2008	31440	4
2008	31444	4
2008	33913	4
2008	72493	4
2008	72499	4
2008	78491	4
2008	81794	4
2009	29224	4
2009	29997	4
2009	30980	4
2009	32655	4
2009	36358	4
2009	43221	4
2009	71560	4
2009	74631	4
2009	83319	4
2009	83320	4
2010	399	4
2010	7697	4
2010	7715	4
2010	7829	4
2010	8193	4
2010	8496	4
2010	10193	4
2010	11273	4
2010	11768	4
2010	11770	4
2010	11773	4
2010	17106	4
2010	24301	4
2010	25210	4
2010	25348	4
2010	25556	4
2010	25676	4
2010	25684	4
2010	26743	4
2010	27459	4
2010	28344	4
2010	28828	4
2010	28837	4
2010	28847	4
2010	28865	4
2010	28885	4
2010	31978	4
2010	32521	4
2010	34413	4
2010	34623	4
2010	36485	4
2010	43222	4
2010	43223	4
2010	43224	4
2010	43225	4
2010	43228	4
2010	43230	4
2010	72057	4
2010	73159	4
2010	73885	4
2010	83322	4
2010	83325	4
2010	83329	4
2010	83330	4
2011	1346	4
2011	19353	4
2011	23895	4
2011	27522	4
2011	27670	4
2011	31281	4
2011	71537	4
2011	72465	4
2011	75538	4
2011	79528	4
2012	4281	4
2012	11774	4
2012	17107	4
2012	20055	4
2012	21437	4
2012	21438	4
2012	24651	4
2012	26000	4
2012	26016	4
2012	26021	4
2012	28798	4
2012	28803	4
2012	33123	4
2012	37912	4
2012	41507	4
2012	43235	4
2012	43238	4
2012	43239	4
2012	69734	4
2012	76036	4
2012	77366	4
2012	83334	4
2012	83337	4
2012	83338	4
2012	83339	4
2012	83343	4
2012	83344	4
2013	4285	4
2013	10008	4
2013	11777	4
2013	23724	4
2013	29960	4
2013	31986	4
2013	33727	4
2013	39016	4
2014	1101	4
2014	2091	4
2014	18923	4
2014	18949	4
2014	19112	4
2014	24122	4
2014	25230	4
2014	25554	4
2014	25681	4
2014	25772	4
2014	25891	4
2014	25921	4
2014	27944	4
2014	28085	4
2014	31700	4
2014	32995	4
2014	33664	4
2014	37801	4
2014	38154	4
2014	83349	4
2014	83350	4
2015	72	4
2015	383	4
2015	426	4
2015	1464	4
2015	3860	4
2015	4288	4
2015	4289	4
2015	4290	4
2015	11780	4
2015	11781	4
2015	21441	4
2015	25042	4
2015	25640	4
2015	26296	4
2015	26697	4
2015	26759	4
2015	26847	4
2015	27143	4
2015	27160	4
2015	27165	4
2015	27198	4
2015	27351	4
2015	31759	4
2015	32143	4
2015	33725	4
2015	42981	4
2015	43246	4
2015	45177	4
2015	45447	4
2015	54644	4
2015	71858	4
2015	72047	4
2015	72376	4
2015	74755	4
2015	76321	4
2015	77644	4
2015	78293	4
2015	78999	4
2015	82909	4
2015	83352	4
2015	83355	4
2016	65	4
2016	202	4
2016	2057	4
2016	2978	4
2016	9578	4
2016	11339	4
2016	19504	4
2016	21101	4
2016	21442	4
2016	21443	4
2016	23690	4
2016	23760	4
2016	23802	4
2016	23914	4
2016	23918	4
2016	23996	4
2016	24031	4
2016	24033	4
2016	24035	4
2016	24044	4
2016	24045	4
2016	24058	4
2016	24074	4
2016	24274	4
2016	24277	4
2016	24650	4
2016	24690	4
2016	24710	4
2016	24763	4
2016	24773	4
2016	24803	4
2016	24812	4
2016	24820	4
2016	24859	4
2016	24906	4
2016	24909	4
2016	24957	4
2016	25127	4
2016	25256	4
2016	25378	4
2016	25387	4
2016	25391	4
2016	25450	4
2016	25574	4
2016	25575	4
2016	25604	4
2016	25618	4
2016	25621	4
2016	25712	4
2016	25718	4
2016	25880	4
2016	25975	4
2016	26131	4
2016	26437	4
2016	26801	4
2016	26890	4
2016	27123	4
2016	27360	4
2016	27361	4
2016	27480	4
2016	27497	4
2016	27557	4
2016	27577	4
2016	27782	4
2016	27932	4
2016	28058	4
2016	28184	4
2016	28477	4
2016	29126	4
2016	29390	4
2016	29546	4
2016	29558	4
2016	30118	4
2016	30145	4
2016	30164	4
2016	30283	4
2016	30914	4
2016	31174	4
2016	31201	4
2016	32984	4
2016	33236	4
2016	33344	4
2016	33692	4
2016	33958	4
2016	34239	4
2016	34918	4
2016	35398	4
2016	35593	4
2016	36281	4
2016	37044	4
2016	37875	4
2016	40926	4
2016	43247	4
2016	43248	4
2016	43249	4
2016	43252	4
2016	43253	4
2016	43255	4
2016	43258	4
2016	43260	4
2016	71296	4
2016	78859	4
2016	83359	4
2017	1546	4
2017	2347	4
2017	3086	4
2017	3873	4
2017	10282	4
2017	10910	4
2017	11783	4
2017	16787	4
2017	19026	4
2017	19028	4
2017	19311	4
2017	19989	4
2017	23730	4
2017	24115	4
2017	24135	4
2017	24148	4
2017	24175	4
2017	24282	4
2017	24461	4
2017	25346	4
2017	25356	4
2017	25527	4
2017	25564	4
2017	25625	4
2017	25840	4
2017	25899	4
2017	25958	4
2017	26780	4
2017	27034	4
2017	27271	4
2017	27944	4
2017	28027	4
2017	28570	4
2017	28795	4
2017	29065	4
2017	29252	4
2017	29315	4
2017	29354	4
2017	29921	4
2017	30239	4
2017	30591	4
2017	30727	4
2017	30856	4
2017	30979	4
2017	31398	4
2017	32874	4
2017	32913	4
2017	33672	4
2017	34836	4
2017	35150	4
2017	36267	4
2017	36922	4
2017	38154	4
2017	38912	4
2017	40326	4
2017	43262	4
2017	43264	4
2017	43270	4
2017	43272	4
2017	43275	4
2017	44859	4
2017	71203	4
2017	71212	4
2017	71222	4
2017	71674	4
2017	71741	4
2017	71967	4
2017	72667	4
2017	72887	4
2017	73425	4
2017	73498	4
2017	74056	4
2017	74518	4
2017	74909	4
2017	75182	4
2017	75501	4
2017	78357	4
2017	79084	4
2017	81908	4
2017	83361	4
2017	83363	4
2017	83364	4
2017	83365	4
2017	83368	4
2017	83369	4
2017	83373	4
2017	83375	4
2017	83377	4
2017	83380	4
2017	83381	4
2017	83382	4
2018	31	4
2019	4293	4
2019	25273	4
2019	25299	4
2019	25786	4
2019	27409	4
2019	28337	4
2019	28442	4
2019	29466	4
2019	30772	4
2019	30886	4
2019	33289	4
2019	34058	4
2019	35695	4
2019	43279	4
2019	43280	4
2019	77777	4
2020	4295	4
2020	4296	4
2020	4297	4
2020	4298	4
2020	4299	4
2020	4300	4
2020	4301	4
2020	4302	4
2020	4303	4
2020	11039	4
2020	21450	4
2020	21452	4
2020	21453	4
2020	21455	4
2020	21456	4
2020	32262	4
2020	34321	4
2020	34792	4
2020	34822	4
2020	35288	4
2020	35936	4
2020	36120	4
2020	36759	4
2020	36853	4
2020	37231	4
2020	37649	4
2020	41334	4
2020	43285	4
2020	43287	4
2020	43293	4
2020	43298	4
2020	43299	4
2020	43300	4
2020	43302	4
2020	43305	4
2020	43307	4
2020	43308	4
2020	43310	4
2020	43312	4
2020	43313	4
2020	43315	4
2020	43320	4
2020	43322	4
2020	43327	4
2020	43328	4
2020	43330	4
2020	43332	4
2020	43334	4
2020	43335	4
2020	43337	4
2020	43339	4
2020	43342	4
2020	43344	4
2020	43345	4
2020	43346	4
2020	43352	4
2020	43353	4
2020	43354	4
2020	43355	4
2020	43357	4
2020	43361	4
2020	43363	4
2020	43365	4
2020	43368	4
2020	43369	4
2020	43371	4
2020	43373	4
2020	43374	4
2020	43375	4
2020	43376	4
2020	43377	4
2020	43378	4
2020	43379	4
2020	43380	4
2020	43383	4
2020	43385	4
2020	43387	4
2020	43388	4
2020	43389	4
2020	43390	4
2020	43391	4
2020	43394	4
2020	43395	4
2020	43399	4
2020	43401	4
2020	43405	4
2020	43408	4
2020	43410	4
2020	43412	4
2020	43413	4
2020	43420	4
2020	43425	4
2020	43426	4
2020	43427	4
2020	43428	4
2020	45448	4
2020	71745	4
2020	73047	4
2020	83387	4
2020	83388	4
2020	83394	4
2020	83395	4
2020	83398	4
2020	83399	4
2020	83406	4
2020	83409	4
2020	83417	4
2020	83420	4
2020	83423	4
2021	8690	4
2021	11786	4
2021	19976	4
2021	21460	4
2021	24557	4
2021	25745	4
2021	27078	4
2021	29740	4
2021	30929	4
2021	33672	4
2021	34622	4
2021	43431	4
2021	43433	4
2021	73786	4
2021	77907	4
2021	77985	4
2021	79738	4
2021	83424	4
2021	83425	4
2022	347	4
2022	1859	4
2022	3165	4
2022	3187	4
2022	4307	4
2022	4309	4
2022	4310	4
2022	17114	4
2022	19654	4
2022	20413	4
2022	24723	4
2022	26444	4
2022	28142	4
2022	31376	4
2022	31385	4
2022	31489	4
2022	31532	4
2022	34891	4
2022	34905	4
2022	37712	4
2022	39100	4
2022	39116	4
2022	39122	4
2022	39139	4
2022	39164	4
2022	39368	4
2022	39533	4
2022	42787	4
2022	43217	4
2022	43434	4
2022	43435	4
2022	43436	4
2022	43437	4
2022	43438	4
2022	43439	4
2022	43440	4
2022	43443	4
2022	43445	4
2022	43446	4
2022	43447	4
2022	43449	4
2022	43450	4
2022	43451	4
2022	43452	4
2022	73533	4
2022	77680	4
2022	78418	4
2022	79536	4
2022	79543	4
2022	79544	4
2022	83427	4
2022	83429	4
2022	83430	4
2022	83431	4
2022	83432	4
2022	83433	4
2022	83434	4
2022	83436	4
2022	83437	4
2022	83438	4
2022	83439	4
2022	83440	4
2022	83442	4
2022	83444	4
2023	601	4
2023	24763	4
2023	26478	4
2023	26895	4
2024	7903	4
2025	670	4
2025	4315	4
2025	9562	4
2025	19135	4
2025	23688	4
2025	23775	4
2025	23813	4
2025	23826	4
2025	23849	4
2025	23855	4
2025	23862	4
2025	23868	4
2025	23874	4
2025	24316	4
2025	24511	4
2025	24540	4
2025	24551	4
2025	24556	4
2025	25146	4
2025	25469	4
2025	25476	4
2025	25480	4
2025	25487	4
2025	25495	4
2025	25502	4
2025	25635	4
2025	25835	4
2025	26348	4
2025	26515	4
2025	26517	4
2025	26584	4
2025	26587	4
2025	26599	4
2025	26851	4
2025	26998	4
2025	27053	4
2025	27117	4
2025	27211	4
2025	27277	4
2025	27280	4
2025	27336	4
2025	27369	4
2025	28118	4
2025	28120	4
2025	28259	4
2025	28262	4
2025	28431	4
2025	29874	4
2025	33283	4
2025	37055	4
2025	43459	4
2025	43464	4
2025	43467	4
2025	43469	4
2025	55580	4
2025	71228	4
2025	71243	4
2025	71520	4
2025	71990	4
2025	72767	4
2025	73007	4
2025	74492	4
2025	74577	4
2025	75251	4
2025	83451	4
2026	10286	4
2026	24368	4
2026	25111	4
2026	25312	4
2026	33558	4
2026	35744	4
2026	40042	4
2026	41049	4
2026	75772	4
2026	83460	4
2026	83461	4
2027	287	4
2027	8534	4
2027	21462	4
2027	24031	4
2027	24052	4
2027	24058	4
2027	24074	4
2027	24888	4
2027	24901	4
2027	27560	4
2027	27726	4
2027	28629	4
2027	41360	4
2027	43470	4
2027	43471	4
2028	31	4
2028	3753	4
2028	4293	4
2028	9574	4
2028	9983	4
2028	16800	4
2028	19033	4
2028	21182	4
2028	21463	4
2028	21464	4
2028	23979	4
2028	24727	4
2028	24748	4
2028	24797	4
2028	24800	4
2028	25289	4
2028	25299	4
2028	25829	4
2028	25983	4
2028	26214	4
2028	26407	4
2028	26416	4
2028	26540	4
2028	26816	4
2028	27429	4
2028	28327	4
2028	29466	4
2028	29574	4
2028	30206	4
2028	30754	4
2028	30887	4
2028	31268	4
2028	33473	4
2028	35694	4
2028	35695	4
2028	35699	4
2028	37193	4
2028	39439	4
2028	43478	4
2028	43482	4
2028	43484	4
2028	71604	4
2028	74017	4
2028	79623	4
2028	83462	4
2028	83463	4
2028	83465	4
2028	83467	4
2029	4318	4
2029	21466	4
2029	23768	4
2029	23797	4
2029	25622	4
2029	26114	4
2029	31682	4
2029	33078	4
2029	33080	4
2029	35596	4
2029	71825	4
2030	23874	4
2030	24009	4
2030	24129	4
2030	24621	4
2030	27004	4
2030	27674	4
2030	30018	4
2030	30295	4
2030	32990	4
2030	43487	4
2030	43488	4
2030	71542	4
2030	73183	4
2030	74380	4
2030	83469	4
2030	83472	4
2031	11795	4
2031	18885	4
2031	18974	4
2031	76166	4
2032	23813	4
2032	23823	4
2032	23858	4
2032	24079	4
2032	24163	4
2032	24465	4
2032	24690	4
2032	24691	4
2032	24941	4
2032	25460	4
2032	26251	4
2032	27628	4
2032	30541	4
2032	34989	4
2032	38636	4
2032	40676	4
2032	83474	4
2033	1262	4
2033	23791	4
2033	24066	4
2033	24854	4
2033	27474	4
2033	27537	4
2033	30150	4
2033	32071	4
2033	34876	4
2033	41139	4
2035	391	4
2035	4320	4
2035	4324	4
2035	24572	4
2035	24577	4
2035	24585	4
2035	26341	4
2035	26660	4
2035	29110	4
2035	29351	4
2035	30313	4
2035	31938	4
2035	31956	4
2035	43500	4
2035	74592	4
2035	76641	4
2035	83475	4
2035	83476	4
2035	83478	4
2035	83479	4
2035	83481	4
2035	83485	4
2036	3903	4
2036	24748	4
2036	24961	4
2036	25263	4
2036	25780	4
2036	25790	4
2036	27412	4
2036	27718	4
2036	28941	4
2036	29121	4
2036	29527	4
2036	34063	4
2036	35772	4
2037	30434	4
2038	11802	4
2038	23958	4
2038	24371	4
2038	26322	4
2038	28954	4
2038	31660	4
2038	32036	4
2038	45450	4
2038	71412	4
2039	23783	4
2039	24506	4
2039	26534	4
2040	4329	4
2040	25049	4
2040	31863	4
2040	32351	4
2040	33342	4
2040	34314	4
2040	35331	4
2040	40516	4
2040	83494	4
2041	4330	4
2041	8932	4
2041	11805	4
2041	18815	4
2041	18949	4
2041	19487	4
2041	23845	4
2041	23907	4
2041	24048	4
2041	24271	4
2041	25638	4
2041	26161	4
2041	26328	4
2041	26400	4
2041	26476	4
2041	27209	4
2041	27449	4
2041	28316	4
2041	28425	4
2041	31638	4
2041	36654	4
2041	39911	4
2041	45451	4
2041	45453	4
2041	71255	4
2041	71484	4
2041	71786	4
2041	71801	4
2041	72460	4
2041	72646	4
2041	73437	4
2041	73684	4
2041	74053	4
2041	74382	4
2041	74385	4
2041	74397	4
2041	74403	4
2041	74497	4
2041	75528	4
2041	75818	4
2041	79422	4
2041	83496	4
2041	83497	4
2041	83498	4
2041	83499	4
2041	83501	4
2041	83502	4
2041	83503	4
2041	83506	4
2041	83508	4
2041	83510	4
2041	83511	4
2041	83512	4
2042	4332	4
2042	11808	4
2042	17129	4
2042	20287	4
2042	21346	4
2042	31234	4
2042	45456	4
2042	83513	4
2042	83517	4
2043	766	4
2043	1517	4
2043	4333	4
2043	9136	4
2043	24110	4
2043	25190	4
2043	25642	4
2043	26570	4
2043	27058	4
2043	27081	4
2043	28030	4
2043	28790	4
2043	28793	4
2043	32706	4
2043	32913	4
2043	34197	4
2043	34231	4
2043	34259	4
2043	36158	4
2043	36644	4
2043	43522	4
2043	72448	4
2043	76663	4
2043	76989	4
2043	77290	4
2043	83519	4
2043	83520	4
2043	83522	4
2044	1037	4
2044	1504	4
2044	4337	4
2044	4339	4
2044	4340	4
2044	9402	4
2044	11820	4
2044	15907	4
2044	18884	4
2044	18887	4
2044	18894	4
2044	19984	4
2044	20542	4
2044	21470	4
2044	23913	4
2044	24823	4
2044	24904	4
2044	24945	4
2044	25604	4
2044	25956	4
2044	26257	4
2044	26438	4
2044	27308	4
2044	27493	4
2044	35761	4
2044	43523	4
2044	45103	4
2044	71307	4
2044	71463	4
2044	71809	4
2044	73383	4
2044	77483	4
2044	83528	4
2044	83529	4
2045	17131	4
2045	21471	4
2045	24412	4
2045	36325	4
2045	38987	4
2045	71453	4
2045	73213	4
2045	74793	4
2045	83184	4
2045	83534	4
2046	426	4
2046	20449	4
2046	21472	4
2046	23949	4
2046	74232	4
2047	4342	4
2047	11823	4
2047	24647	4
2047	24697	4
2047	24774	4
2047	24787	4
2047	24847	4
2047	25266	4
2047	25283	4
2047	25291	4
2047	25295	4
2047	25302	4
2047	25745	4
2047	25785	4
2047	25882	4
2047	26416	4
2047	26533	4
2047	26553	4
2047	27421	4
2047	27442	4
2047	27719	4
2047	28327	4
2047	30772	4
2047	33290	4
2047	34587	4
2047	35280	4
2047	35612	4
2047	37053	4
2047	71842	4
2047	72385	4
2047	83538	4
2047	83540	4
2048	1023	4
2048	1579	4
2048	9449	4
2048	19135	4
2048	27238	4
2048	27912	4
2048	28188	4
2048	29674	4
2048	31146	4
2048	71448	4
2048	73151	4
2048	81633	4
2049	25059	4
2049	41563	4
2049	83544	4
2049	83546	4
2050	4346	4
2050	4347	4
2050	7684	4
2050	11827	4
2050	11828	4
2050	18922	4
2050	18923	4
2050	18942	4
2050	19222	4
2050	26287	4
2050	27920	4
2050	27921	4
2050	28514	4
2050	29420	4
2050	29714	4
2050	29715	4
2050	30599	4
2050	31319	4
2050	31959	4
2050	32094	4
2050	43533	4
2050	43534	4
2050	72612	4
2050	75520	4
2050	83547	4
2051	36267	4
2051	43535	4
2051	75042	4
2051	83548	4
2052	1577	4
2052	7643	4
2052	8672	4
2052	8683	4
2052	10435	4
2052	17134	4
2052	19176	4
2052	19736	4
2052	21482	4
2052	23777	4
2052	23786	4
2052	23819	4
2052	23827	4
2052	23862	4
2052	24093	4
2052	24094	4
2052	24430	4
2052	24454	4
2052	24549	4
2052	24569	4
2052	24579	4
2052	24594	4
2052	25033	4
2052	25144	4
2052	25471	4
2052	25484	4
2052	25502	4
2052	25647	4
2052	25891	4
2052	25992	4
2052	25996	4
2052	26330	4
2052	26665	4
2052	26698	4
2052	26754	4
2052	27308	4
2052	27449	4
2052	28128	4
2052	28297	4
2052	28804	4
2052	30922	4
2052	31931	4
2052	32235	4
2052	33311	4
2052	34437	4
2052	38765	4
2052	40793	4
2052	42866	4
2052	43536	4
2052	43537	4
2052	45461	4
2052	52755	4
2052	72017	4
2052	72908	4
2052	79276	4
2052	83092	4
2052	83550	4
2053	85	4
2053	432	4
2053	2314	4
2053	2906	4
2053	11833	4
2053	11834	4
2053	18982	4
2053	19019	4
2053	19625	4
2053	21483	4
2053	23861	4
2053	24138	4
2053	24195	4
2053	24587	4
2053	25235	4
2053	25560	4
2053	26460	4
2053	26737	4
2053	27342	4
2053	28555	4
2053	28906	4
2053	28993	4
2053	33647	4
2053	33919	4
2053	38210	4
2053	40117	4
2053	43542	4
2053	43543	4
2053	82128	4
2053	83554	4
2053	83555	4
2053	83556	4
2053	83557	4
2054	100	4
2055	1786	4
2055	4356	4
2055	11838	4
2055	18812	4
2055	19771	4
2055	19799	4
2055	19811	4
2055	21484	4
2055	27426	4
2055	27893	4
2055	28983	4
2055	30745	4
2055	32546	4
2055	33041	4
2055	36948	4
2055	41517	4
2055	43548	4
2055	43550	4
2055	43551	4
2055	43552	4
2055	43553	4
2055	43554	4
2055	43556	4
2055	43558	4
2055	83561	4
2055	83565	4
2056	24748	4
2056	25265	4
2056	27034	4
2056	28309	4
2056	28457	4
2056	28632	4
2056	32647	4
2056	32827	4
2056	33340	4
2056	41142	4
2056	42569	4
2056	43568	4
2057	542	4
2057	7697	4
2057	9809	4
2057	18893	4
2057	19165	4
2057	20096	4
2057	21490	4
2057	23787	4
2057	23802	4
2057	23900	4
2057	23919	4
2057	24069	4
2057	24326	4
2057	24465	4
2057	24634	4
2057	25366	4
2057	25587	4
2057	26111	4
2057	27565	4
2057	28761	4
2057	42103	4
2057	71307	4
2057	71757	4
2057	71799	4
2057	72579	4
2057	77586	4
2057	82381	4
2057	83579	4
2058	18841	4
2058	23858	4
2058	24836	4
2058	24909	4
2058	25120	4
2058	25252	4
2058	25443	4
2058	25459	4
2058	25888	4
2058	26108	4
2058	27364	4
2058	27527	4
2058	27935	4
2058	29142	4
2058	31123	4
2058	32432	4
2058	34513	4
2058	36583	4
2058	39062	4
2059	11848	4
2059	11849	4
2059	39457	4
2059	74619	4
2060	8882	4
2060	18886	4
2060	23933	4
2060	24717	4
2060	24801	4
2060	25610	4
2060	26435	4
2060	44712	4
2060	71455	4
2060	72398	4
2060	72416	4
2060	82536	4
2061	7962	4
2061	8418	4
2061	11851	4
2061	23800	4
2061	24364	4
2061	24739	4
2061	24788	4
2061	24817	4
2061	25312	4
2061	26402	4
2061	27133	4
2061	28610	4
2061	30100	4
2061	30781	4
2061	32765	4
2061	33957	4
2062	24712	4
2062	24768	4
2062	33880	4
2062	33905	4
2062	42194	4
2062	43580	4
2062	71633	4
2063	2488	4
2063	4359	4
2063	18917	4
2063	24583	4
2063	25194	4
2063	26424	4
2063	26566	4
2063	26628	4
2063	31337	4
2063	41328	4
2063	45464	4
2063	77402	4
2063	83584	4
2063	83585	4
2064	26872	4
2064	30001	4
2064	31791	4
2064	38807	4
2064	43581	4
2065	1717	4
2065	4360	4
2065	8146	4
2065	10769	4
2065	10784	4
2065	11858	4
2065	18934	4
2065	24262	4
2065	25566	4
2065	28781	4
2065	28803	4
2065	28809	4
2065	31922	4
2065	32155	4
2065	33946	4
2065	37520	4
2065	39293	4
2065	40003	4
2065	43587	4
2065	43588	4
2065	83587	4
2065	83588	4
2066	4362	4
2066	4363	4
2066	24710	4
2066	27168	4
2066	28488	4
2066	29016	4
2066	33061	4
2066	43573	4
2066	43589	4
2066	43593	4
2066	43594	4
2066	83591	4
2067	23716	4
2067	23801	4
2067	23802	4
2067	23871	4
2067	24388	4
2067	24760	4
2067	24964	4
2067	25378	4
2067	25506	4
2067	26131	4
2067	26255	4
2067	26265	4
2067	27855	4
2067	28911	4
2067	30634	4
2067	31284	4
2067	38242	4
2067	39885	4
2067	43497	4
2067	43596	4
2068	14	4
2068	918	4
2068	18949	4
2068	20170	4
2068	23806	4
2068	23853	4
2068	24128	4
2068	24421	4
2068	25045	4
2068	25471	4
2068	26851	4
2068	27210	4
2068	27346	4
2068	28331	4
2068	28979	4
2068	38537	4
2068	43597	4
2068	71905	4
2069	2166	4
2069	20692	4
2069	25328	4
2069	27324	4
2069	27895	4
2069	28885	4
2069	28898	4
2069	65324	4
2069	71564	4
2069	71797	4
2070	1426	4
2070	2076	4
2070	4366	4
2070	19189	4
2070	20672	4
2070	23700	4
2070	23786	4
2070	24023	4
2070	24720	4
2070	24802	4
2070	24803	4
2070	24885	4
2070	25437	4
2070	26108	4
2070	27432	4
2070	27796	4
2070	28310	4
2070	28486	4
2070	35731	4
2070	37022	4
2070	40445	4
2071	23810	4
2072	33475	4
2073	359	4
2073	4367	4
2073	23697	4
2073	23698	4
2073	23757	4
2073	23767	4
2073	23802	4
2073	23979	4
2073	24032	4
2073	24036	4
2073	24063	4
2073	24083	4
2073	24096	4
2073	24359	4
2073	24364	4
2073	24768	4
2073	24797	4
2073	24801	4
2073	25049	4
2073	25067	4
2073	25126	4
2073	25202	4
2073	25249	4
2073	25384	4
2073	25398	4
2073	26094	4
2073	27500	4
2073	31983	4
2073	37059	4
2073	43602	4
2074	14	4
2074	323	4
2074	743	4
2074	974	4
2074	1285	4
2074	15741	4
2074	15779	4
2074	19800	4
2074	21499	4
2074	23781	4
2074	23899	4
2074	24090	4
2074	24385	4
2074	24411	4
2074	24511	4
2074	24518	4
2074	25034	4
2074	25424	4
2074	25485	4
2074	26155	4
2074	26296	4
2074	26322	4
2074	26542	4
2074	26696	4
2074	26971	4
2074	27117	4
2074	28189	4
2074	28203	4
2074	28267	4
2074	28436	4
2074	29693	4
2074	29730	4
2074	30180	4
2074	30793	4
2074	35651	4
2074	36707	4
2074	37434	4
2074	43605	4
2074	43606	4
2075	1779	4
2075	24036	4
2075	25095	4
2075	27123	4
2075	27484	4
2075	27691	4
2075	29010	4
2075	35388	4
2075	36219	4
2075	42105	4
2076	648	4
2076	649	4
2076	1081	4
2076	4368	4
2076	11865	4
2076	11868	4
2076	18987	4
2076	19239	4
2076	19785	4
2076	19843	4
2076	20590	4
2076	23757	4
2076	23813	4
2076	23910	4
2076	23911	4
2076	23923	4
2076	23981	4
2076	24106	4
2076	24271	4
2076	24364	4
2076	24370	4
2076	24444	4
2076	24479	4
2076	24480	4
2076	24482	4
2076	24602	4
2076	24730	4
2076	24947	4
2076	24968	4
2076	25146	4
2076	25199	4
2076	25264	4
2076	25266	4
2076	25290	4
2076	25305	4
2076	25309	4
2076	25382	4
2076	25792	4
2076	25807	4
2076	25818	4
2076	25829	4
2076	26152	4
2076	26411	4
2076	26415	4
2076	26434	4
2076	26564	4
2076	26617	4
2076	26813	4
2076	27424	4
2076	27428	4
2076	27491	4
2076	27529	4
2076	27535	4
2076	27557	4
2076	28087	4
2076	28309	4
2076	28326	4
2076	28333	4
2076	28608	4
2076	29038	4
2076	29282	4
2076	29563	4
2076	30115	4
2076	30744	4
2076	30749	4
2076	31178	4
2076	32259	4
2076	32360	4
2076	32466	4
2076	33289	4
2076	33473	4
2076	33690	4
2076	36849	4
2076	40003	4
2076	40099	4
2076	40736	4
2076	43613	4
2076	46679	4
2076	71496	4
2076	71947	4
2076	72340	4
2076	72347	4
2076	72949	4
2076	72950	4
2076	72955	4
2076	74432	4
2076	77769	4
2076	80072	4
2076	83600	4
2076	83601	4
2076	83602	4
2077	80	4
2077	186	4
2077	23747	4
2077	23774	4
2077	23824	4
2077	23865	4
2077	24093	4
2077	24101	4
2077	24412	4
2077	24430	4
2077	24435	4
2077	24550	4
2077	24732	4
2077	25034	4
2077	25044	4
2077	25408	4
2077	25544	4
2077	25630	4
2077	25650	4
2077	25673	4
2077	26141	4
2077	26569	4
2077	27555	4
2077	28079	4
2077	29426	4
2077	34858	4
2077	36100	4
2077	37458	4
2077	41237	4
2077	43271	4
2077	71226	4
2077	75407	4
2077	78560	4
2078	23782	4
2078	25000	4
2078	26118	4
2078	30796	4
2078	72140	4
2078	74632	4
2079	137	4
2079	338	4
2079	424	4
2079	2316	4
2079	2319	4
2079	3439	4
2079	7955	4
2079	7967	4
2079	8057	4
2079	8079	4
2079	8092	4
2079	8110	4
2079	9623	4
2079	9712	4
2079	11316	4
2079	11881	4
2079	11883	4
2079	15772	4
2079	20162	4
2079	21504	4
2079	24406	4
2079	24412	4
2079	24540	4
2079	24843	4
2079	25006	4
2079	25473	4
2079	25482	4
2079	26501	4
2079	26559	4
2079	27226	4
2079	28278	4
2079	28287	4
2079	28302	4
2079	28447	4
2079	31043	4
2079	32364	4
2079	32651	4
2079	34887	4
2079	35438	4
2079	43620	4
2079	45453	4
2079	71221	4
2079	71222	4
2079	71325	4
2079	71381	4
2079	71628	4
2079	71863	4
2079	71874	4
2079	71913	4
2079	71990	4
2079	72077	4
2079	72434	4
2079	72470	4
2079	72536	4
2079	72900	4
2079	73051	4
2079	74140	4
2079	74198	4
2079	74261	4
2079	74374	4
2079	74459	4
2079	74570	4
2079	74717	4
2079	75406	4
2079	77134	4
2079	77140	4
2079	77518	4
2079	78669	4
2079	79206	4
2079	81094	4
2079	81837	4
2079	83503	4
2079	83624	4
2079	83626	4
2079	83628	4
2079	83629	4
2079	83630	4
2079	83634	4
2079	83635	4
2079	83636	4
2079	83637	4
2079	83638	4
2079	83639	4
2079	83641	4
2079	83645	4
2079	83647	4
2079	83648	4
2079	83649	4
2079	83654	4
2079	83655	4
2079	83661	4
2079	83662	4
2079	83663	4
2079	83664	4
2079	83665	4
2079	83667	4
2079	83669	4
2079	83670	4
2079	83673	4
2080	16	4
2080	11890	4
2080	19029	4
2080	19728	4
2080	23870	4
2080	24016	4
2080	27784	4
2080	32428	4
2080	33049	4
2080	83674	4
2081	23772	4
2081	24997	4
2081	26358	4
2081	71228	4
2082	24374	4
2082	26308	4
2082	26351	4
2082	27047	4
2082	27379	4
2082	29698	4
2083	17142	4
2083	19404	4
2083	21506	4
2083	26394	4
2083	32905	4
2083	43628	4
2083	43629	4
2083	83678	4
2083	83680	4
2083	83683	4
2084	65	4
2084	7697	4
2084	8519	4
2084	11897	4
2084	23754	4
2084	23762	4
2084	23793	4
2084	23798	4
2084	23803	4
2084	23845	4
2084	23921	4
2084	24006	4
2084	24027	4
2084	24290	4
2084	24365	4
2084	24388	4
2084	24663	4
2084	24666	4
2084	24696	4
2084	24760	4
2084	24761	4
2084	24782	4
2084	24875	4
2084	24888	4
2084	24894	4
2084	24902	4
2084	24930	4
2084	25446	4
2084	25551	4
2084	25601	4
2084	25623	4
2084	25645	4
2084	25721	4
2084	26254	4
2084	26585	4
2084	27285	4
2084	27610	4
2084	28452	4
2084	28894	4
2084	31281	4
2084	32391	4
2084	32765	4
2084	33615	4
2084	35418	4
2084	38237	4
2084	40983	4
2084	43630	4
2084	71636	4
2084	71741	4
2084	71792	4
2084	74100	4
2084	78673	4
2084	82892	4
2085	3525	4
2086	514	4
2086	8007	4
2086	24761	4
2086	25575	4
2086	27055	4
2086	28112	4
2086	30118	4
2086	71809	4
2087	4379	4
2087	23850	4
2087	24165	4
2087	25464	4
2087	25555	4
2087	25963	4
2087	27038	4
2087	29380	4
2087	29381	4
2087	32422	4
2087	43633	4
2088	576	4
2088	28046	4
2088	31112	4
2088	32120	4
2088	32437	4
2088	42757	4
2089	16771	4
2089	19167	4
2089	19485	4
2089	21511	4
2089	24485	4
2089	32009	4
2089	33828	4
2090	4381	4
2090	27249	4
2090	31755	4
2090	42071	4
2091	4384	4
2091	4385	4
2091	4386	4
2091	19301	4
2091	20795	4
2091	23832	4
2091	27052	4
2091	27625	4
2091	29801	4
2091	29884	4
2091	29894	4
2091	29914	4
2091	31487	4
2091	43597	4
2091	43640	4
2091	43641	4
2091	71389	4
2091	73673	4
2091	74284	4
2091	75385	4
2091	79554	4
2091	81099	4
2091	83699	4
2091	83700	4
2091	83703	4
2092	29036	4
2092	29686	4
2092	30474	4
2092	37472	4
2093	513	4
2093	23924	4
2094	7773	4
2094	31436	4
2094	34097	4
2094	41534	4
2095	2818	4
2095	3111	4
2095	21516	4
2095	24233	4
2095	24857	4
2095	25146	4
2095	25434	4
2095	26579	4
2095	27179	4
2095	31766	4
2095	33275	4
2095	33891	4
2095	36042	4
2095	36076	4
2095	39872	4
2095	43042	4
2095	43043	4
2095	43644	4
2095	43645	4
2095	43646	4
2095	43649	4
2095	43650	4
2095	43653	4
2095	43655	4
2095	43656	4
2095	43659	4
2096	9833	4
2096	10049	4
2096	23754	4
2096	24032	4
2096	24370	4
2096	26113	4
2096	26166	4
2096	26767	4
2096	28000	4
2096	29680	4
2096	29941	4
2096	34189	4
2096	75944	4
2096	83707	4
2097	23919	4
2097	24356	4
2097	24801	4
2097	24999	4
2097	25266	4
2097	25874	4
2097	27509	4
2097	32432	4
2097	37034	4
2098	312	4
2098	1139	4
2098	2512	4
2098	2707	4
2098	3494	4
2098	4394	4
2098	4395	4
2098	11906	4
2098	11908	4
2098	11914	4
2098	11916	4
2098	18980	4
2098	19347	4
2098	19975	4
2098	21350	4
2098	23729	4
2098	23734	4
2098	23859	4
2098	23959	4
2098	24247	4
2098	24258	4
2098	24630	4
2098	25196	4
2098	25328	4
2098	25333	4
2098	25352	4
2098	26232	4
2098	26698	4
2098	26795	4
2098	27324	4
2098	28068	4
2098	28171	4
2098	28419	4
2098	28442	4
2098	29439	4
2098	30651	4
2098	30657	4
2098	30862	4
2098	31081	4
2098	31730	4
2098	32605	4
2098	33611	4
2098	36161	4
2098	42636	4
2098	43667	4
2098	43668	4
2098	43669	4
2098	43670	4
2098	43671	4
2098	43672	4
2098	43675	4
2098	43677	4
2098	45469	4
2098	77922	4
2098	83709	4
2099	8	4
2099	27	4
2099	42	4
2099	139	4
2099	190	4
2099	191	4
2099	455	4
2099	609	4
2099	612	4
2099	645	4
2099	780	4
2099	838	4
2099	862	4
2099	1086	4
2099	1121	4
2099	1129	4
2099	1197	4
2099	1255	4
2099	1403	4
2099	2099	4
2099	2499	4
2099	2764	4
2099	3426	4
2099	3435	4
2099	3439	4
2099	3758	4
2099	3822	4
2099	3826	4
2099	3899	4
2099	4157	4
2099	4248	4
2099	4397	4
2099	4400	4
2099	4401	4
2099	4404	4
2099	4405	4
2099	4407	4
2099	4410	4
2099	4413	4
2099	4415	4
2099	4416	4
2099	4419	4
2099	4420	4
2099	4422	4
2099	4423	4
2099	4426	4
2099	4427	4
2099	4429	4
2099	4430	4
2099	7526	4
2099	7628	4
2099	7721	4
2099	8688	4
2099	10734	4
2099	11344	4
2099	11920	4
2099	11922	4
2099	11925	4
2099	11926	4
2099	15632	4
2099	15668	4
2099	16230	4
2099	17145	4
2099	17146	4
2099	17150	4
2099	17151	4
2099	17153	4
2099	17154	4
2099	17163	4
2099	17164	4
2099	17165	4
2099	17166	4
2099	17168	4
2099	18811	4
2099	18823	4
2099	18896	4
2099	18903	4
2099	19082	4
2099	19205	4
2099	19214	4
2099	19330	4
2099	19359	4
2099	19593	4
2099	19646	4
2099	19744	4
2099	19755	4
2099	19756	4
2099	19929	4
2099	19950	4
2099	20044	4
2099	20141	4
2099	20246	4
2099	20395	4
2099	20429	4
2099	20589	4
2099	21236	4
2099	21396	4
2099	21525	4
2099	21526	4
2099	21527	4
2099	21528	4
2099	21529	4
2099	21530	4
2099	21531	4
2099	21535	4
2099	21538	4
2099	21539	4
2099	21540	4
2099	21541	4
2099	21542	4
2099	21543	4
2099	21544	4
2099	21545	4
2099	21546	4
2099	21548	4
2099	21551	4
2099	21552	4
2099	21554	4
2099	21555	4
2099	23803	4
2099	23813	4
2099	23842	4
2099	23877	4
2099	23889	4
2099	23941	4
2099	23957	4
2099	23962	4
2099	24390	4
2099	24546	4
2099	24557	4
2099	24608	4
2099	24629	4
2099	24632	4
2099	25144	4
2099	25145	4
2099	25488	4
2099	25489	4
2099	25640	4
2099	25645	4
2099	26030	4
2099	26048	4
2099	26155	4
2099	26289	4
2099	26315	4
2099	26328	4
2099	27174	4
2099	27220	4
2099	27226	4
2099	27277	4
2099	27555	4
2099	27986	4
2099	28130	4
2099	28314	4
2099	28316	4
2099	28346	4
2099	28364	4
2099	28426	4
2099	28735	4
2099	28936	4
2099	29411	4
2099	29429	4
2099	29567	4
2099	29982	4
2099	30026	4
2099	30459	4
2099	31196	4
2099	31516	4
2099	31634	4
2099	31648	4
2099	31734	4
2099	32051	4
2099	32095	4
2099	32283	4
2099	32333	4
2099	32351	4
2099	32366	4
2099	32525	4
2099	32989	4
2099	33272	4
2099	33354	4
2099	34003	4
2099	35002	4
2099	35505	4
2099	35666	4
2099	36196	4
2099	36199	4
2099	36471	4
2099	36664	4
2099	37299	4
2099	37308	4
2099	37577	4
2099	38116	4
2099	38352	4
2099	38433	4
2099	38711	4
2099	38765	4
2099	41177	4
2099	41322	4
2099	41327	4
2099	41744	4
2099	42016	4
2099	42958	4
2099	43027	4
2099	43184	4
2099	43639	4
2099	43681	4
2099	43682	4
2099	43685	4
2099	43689	4
2099	43691	4
2099	43692	4
2099	43693	4
2099	43694	4
2099	43695	4
2099	43696	4
2099	43697	4
2099	43698	4
2099	43699	4
2099	43701	4
2099	43704	4
2099	43705	4
2099	43706	4
2099	43707	4
2099	43709	4
2099	45473	4
2099	71220	4
2099	71249	4
2099	71358	4
2099	71364	4
2099	71550	4
2099	71554	4
2099	71731	4
2099	71741	4
2099	71786	4
2099	71819	4
2099	71974	4
2099	71979	4
2099	71990	4
2099	72021	4
2099	72403	4
2099	72415	4
2099	72475	4
2099	72646	4
2099	72762	4
2099	72768	4
2099	72813	4
2099	72841	4
2099	72970	4
2099	72987	4
2099	73010	4
2099	73223	4
2099	73714	4
2099	73771	4
2099	73911	4
2099	74266	4
2099	74339	4
2099	74374	4
2099	74385	4
2099	74402	4
2099	74474	4
2099	74503	4
2099	74555	4
2099	74796	4
2099	74821	4
2099	74886	4
2099	75340	4
2099	75659	4
2099	75816	4
2099	75953	4
2099	76160	4
2099	76163	4
2099	76563	4
2099	76874	4
2099	76878	4
2099	76883	4
2099	77056	4
2099	77250	4
2099	77387	4
2099	77389	4
2099	77522	4
2099	78000	4
2099	78082	4
2099	78155	4
2099	78586	4
2099	78940	4
2099	78962	4
2099	79022	4
2099	79205	4
2099	79239	4
2099	79342	4
2099	79345	4
2099	79367	4
2099	79603	4
2099	79830	4
2099	80119	4
2099	80168	4
2099	80175	4
2099	80182	4
2099	80240	4
2099	80256	4
2099	81291	4
2099	81421	4
2099	81430	4
2099	81759	4
2099	81804	4
2099	82637	4
2099	82686	4
2099	82694	4
2099	82841	4
2099	82945	4
2099	82978	4
2099	83502	4
2099	83717	4
2099	83719	4
2099	83720	4
2099	83722	4
2099	83726	4
2099	83728	4
2099	83730	4
2099	83732	4
2099	83735	4
2099	83736	4
2099	83739	4
2099	83740	4
2099	83741	4
2099	83742	4
2099	83744	4
2099	83747	4
2099	83752	4
2099	83753	4
2099	83756	4
2099	83757	4
2099	83758	4
2099	83761	4
2099	83763	4
2099	83767	4
2099	83768	4
2099	83770	4
2099	83771	4
2099	83772	4
2099	83777	4
2099	83778	4
2099	83779	4
2099	83781	4
2099	83782	4
2099	83784	4
2099	83785	4
2099	83786	4
2099	83789	4
2099	83790	4
2099	83794	4
2099	83798	4
2099	83801	4
2099	83805	4
2099	83806	4
2099	83807	4
2099	83808	4
2099	83810	4
2099	83813	4
2099	83814	4
2099	83817	4
2099	83818	4
2099	83819	4
2099	83820	4
2099	83821	4
2099	83828	4
2099	83829	4
2099	83831	4
2099	83833	4
2099	83834	4
2099	83836	4
2099	83837	4
2099	83838	4
2099	83839	4
2099	83840	4
2099	83841	4
2099	83843	4
2099	83844	4
2099	83845	4
2099	83846	4
2099	83847	4
2099	83848	4
2099	83853	4
2099	83854	4
2099	83855	4
2099	83856	4
2099	83857	4
2099	83859	4
2099	83862	4
2099	83863	4
2099	83864	4
2099	83865	4
2099	83868	4
2099	83870	4
2100	1259	4
2100	18887	4
2100	18890	4
2100	24019	4
2100	24119	4
2100	24558	4
2100	25845	4
2100	27838	4
2100	27839	4
2100	27840	4
2100	28067	4
2100	28220	4
2100	29917	4
2100	30630	4
2100	30647	4
2100	30694	4
2100	31019	4
2100	31097	4
2100	31742	4
2100	31982	4
2100	34104	4
2100	35017	4
2100	35744	4
2100	36648	4
2100	37382	4
2100	38213	4
2100	40035	4
2100	40969	4
2100	43710	4
2100	43711	4
2100	43712	4
2101	26257	4
2101	28139	4
2101	28434	4
2101	30246	4
2101	30361	4
2101	32946	4
2102	507	4
2102	11927	4
2102	26064	4
2102	28107	4
2102	72658	4
2103	4434	4
2103	29689	4
2103	33091	4
2103	37712	4
2103	38505	4
2103	39100	4
2103	39120	4
2103	39129	4
2103	43713	4
2103	43716	4
2103	45474	4
2103	72899	4
2103	78019	4
2103	83876	4
2103	83878	4
2104	309	4
2104	2337	4
2104	24987	4
2104	25220	4
2104	25230	4
2104	25760	4
2104	25772	4
2104	25958	4
2104	26740	4
2104	27065	4
2104	27206	4
2104	27646	4
2104	28133	4
2104	29398	4
2104	33669	4
2104	38906	4
2104	71212	4
2104	72611	4
2105	35	4
2105	46	4
2105	914	4
2105	1923	4
2105	4435	4
2105	4436	4
2105	4437	4
2105	7867	4
2105	8055	4
2105	8081	4
2105	9349	4
2105	23807	4
2105	23822	4
2105	23832	4
2105	23865	4
2105	23890	4
2105	24094	4
2105	24397	4
2105	24398	4
2105	24411	4
2105	24545	4
2105	24553	4
2105	24620	4
2105	24627	4
2105	24629	4
2105	24776	4
2105	25008	4
2105	25042	4
2105	25144	4
2105	25216	4
2105	25467	4
2105	25481	4
2105	25491	4
2105	25495	4
2105	26542	4
2105	27108	4
2105	27164	4
2105	27671	4
2105	27989	4
2105	28264	4
2105	28274	4
2105	28330	4
2105	29343	4
2105	29421	4
2105	29962	4
2105	29984	4
2105	30790	4
2105	31949	4
2105	32035	4
2105	32112	4
2105	32335	4
2105	33815	4
2105	36654	4
2105	38495	4
2105	44736	4
2105	71222	4
2105	71223	4
2105	71390	4
2105	72078	4
2105	72471	4
2105	73458	4
2105	74335	4
2105	75950	4
2105	76782	4
2105	83172	4
2105	83879	4
2105	83880	4
2106	4438	4
2106	11936	4
2106	19128	4
2106	24230	4
2106	29801	4
2106	29849	4
2106	29892	4
2106	31466	4
2106	31487	4
2106	33509	4
2106	36797	4
2106	73660	4
2106	73985	4
2106	77846	4
2107	24612	4
2107	27281	4
2107	30553	4
2108	854	4
2108	24480	4
2108	24774	4
2108	25300	4
2108	26416	4
2108	26810	4
2108	27422	4
2108	28342	4
2108	29121	4
2108	29466	4
2108	83883	4
2109	39	4
2109	335	4
2109	437	4
2109	438	4
2109	1073	4
2109	4440	4
2109	7906	4
2109	17172	4
2109	21557	4
2109	21558	4
2109	23862	4
2109	24551	4
2109	25500	4
2109	27179	4
2109	28245	4
2109	30414	4
2109	30840	4
2109	32102	4
2109	40268	4
2109	43725	4
2109	72480	4
2109	74092	4
2110	1611	4
2110	28049	4
2110	36798	4
2110	39264	4
2111	2057	4
2111	2902	4
2111	9642	4
2111	23996	4
2111	24035	4
2111	24067	4
2111	24277	4
2111	24441	4
2111	24690	4
2111	24899	4
2111	24955	4
2111	25653	4
2111	26405	4
2111	26627	4
2111	27642	4
2111	27855	4
2111	29462	4
2111	31620	4
2111	33515	4
2111	42905	4
2111	72391	4
2112	137	4
2112	236	4
2112	278	4
2112	1039	4
2112	2950	4
2112	4442	4
2112	11939	4
2112	18813	4
2112	18815	4
2112	18838	4
2112	18884	4
2112	18889	4
2112	18890	4
2112	18894	4
2112	19378	4
2112	19485	4
2112	19489	4
2112	19513	4
2112	20649	4
2112	20706	4
2112	21332	4
2112	21538	4
2112	21562	4
2112	23699	4
2112	23754	4
2112	24058	4
2112	24361	4
2112	24639	4
2112	24689	4
2112	24710	4
2112	24956	4
2112	25391	4
2112	25507	4
2112	25518	4
2112	26060	4
2112	26122	4
2112	26128	4
2112	26405	4
2112	26849	4
2112	27431	4
2112	27510	4
2112	27543	4
2112	27642	4
2112	28079	4
2112	28490	4
2112	29148	4
2112	30116	4
2112	30490	4
2112	31633	4
2112	32264	4
2112	32461	4
2112	33384	4
2112	33705	4
2112	33958	4
2112	34031	4
2112	34370	4
2112	37015	4
2112	37193	4
2112	38202	4
2112	38247	4
2112	39868	4
2112	43732	4
2112	43733	4
2112	71484	4
2112	74944	4
2112	78571	4
2112	81666	4
2112	83888	4
2112	83891	4
2112	83892	4
2112	83896	4
2113	4210	4
2113	4444	4
2113	4445	4
2113	7911	4
2113	11941	4
2113	15636	4
2113	17173	4
2113	20376	4
2113	20492	4
2113	23795	4
2113	23927	4
2113	24091	4
2113	24223	4
2113	24356	4
2113	24491	4
2113	25095	4
2113	25186	4
2113	25312	4
2113	25384	4
2113	25886	4
2113	25988	4
2113	25992	4
2113	25994	4
2113	25997	4
2113	26013	4
2113	26022	4
2113	26061	4
2113	26432	4
2113	26823	4
2113	27502	4
2113	28597	4
2113	28717	4
2113	28804	4
2113	28805	4
2113	28806	4
2113	30075	4
2113	30092	4
2113	30557	4
2113	31928	4
2113	32154	4
2113	32750	4
2113	32945	4
2113	33963	4
2113	34151	4
2113	35329	4
2113	36600	4
2113	41283	4
2113	43739	4
2113	71635	4
2113	71799	4
2113	73388	4
2113	76186	4
2113	77180	4
2113	79780	4
2113	83025	4
2113	83101	4
2113	83107	4
2113	83159	4
2113	83900	4
2113	83901	4
2113	83904	4
2113	83905	4
2113	83907	4
2113	83908	4
2113	83911	4
2114	4448	4
2114	9025	4
2114	11945	4
2114	11946	4
2114	11950	4
2114	11952	4
2114	25995	4
2114	26300	4
2114	26338	4
2114	26595	4
2114	27000	4
2114	27013	4
2114	27052	4
2114	27152	4
2114	29082	4
2114	29375	4
2114	29789	4
2114	29801	4
2114	29802	4
2114	29838	4
2114	29854	4
2114	29861	4
2114	29900	4
2114	30889	4
2114	30891	4
2114	30894	4
2114	30910	4
2114	31466	4
2114	31468	4
2114	33441	4
2114	33508	4
2114	33509	4
2114	34043	4
2114	36766	4
2114	36768	4
2114	36773	4
2114	36776	4
2114	36778	4
2114	36779	4
2114	36827	4
2114	37079	4
2114	37087	4
2114	41599	4
2114	41804	4
2114	41811	4
2114	41836	4
2114	43597	4
2114	43741	4
2114	43743	4
2114	43745	4
2114	43750	4
2114	43752	4
2114	43753	4
2114	43756	4
2114	43760	4
2114	43762	4
2114	43764	4
2114	43765	4
2114	43766	4
2114	43767	4
2114	43768	4
2114	43770	4
2114	43771	4
2114	43772	4
2114	43773	4
2114	43781	4
2114	79557	4
2114	83915	4
2114	83916	4
2114	83917	4
2114	83920	4
2115	241	4
2115	4451	4
2115	24335	4
2115	25120	4
2115	27055	4
2115	27999	4
2115	32309	4
2115	34043	4
2115	34222	4
2116	8	4
2116	139	4
2116	1251	4
2116	15632	4
2116	21565	4
2116	23806	4
2116	23829	4
2116	23845	4
2116	24619	4
2116	25646	4
2116	26335	4
2116	72211	4
2116	72434	4
2116	72762	4
2116	72958	4
2116	72959	4
2116	74882	4
2116	75953	4
2116	76306	4
2116	80240	4
2116	83924	4
2116	83926	4
2116	83928	4
2118	9334	4
2118	19197	4
2118	23843	4
2118	23859	4
2118	24262	4
2118	24263	4
2118	25992	4
2118	26011	4
2118	26020	4
2118	28136	4
2118	28803	4
2118	29306	4
2118	29308	4
2118	29309	4
2118	30064	4
2118	30291	4
2118	34696	4
2118	34855	4
2118	35643	4
2118	39293	4
2118	40730	4
2118	43793	4
2118	71647	4
2118	72632	4
2118	76178	4
2118	78673	4
2118	83127	4
2118	83441	4
2119	18946	4
2119	19334	4
2119	25067	4
2119	28035	4
2119	41014	4
2120	3945	4
2120	23808	4
2120	23865	4
2120	30023	4
2120	31648	4
2120	31654	4
2120	31664	4
2120	31793	4
2120	36701	4
2120	41319	4
2120	82699	4
2121	3502	4
2121	4454	4
2121	24854	4
2121	25113	4
2121	26027	4
2121	28820	4
2121	29760	4
2121	29764	4
2121	29780	4
2121	31159	4
2121	31167	4
2121	33375	4
2121	33871	4
2121	43052	4
2121	43664	4
2122	4457	4
2122	9160	4
2122	11961	4
2122	20020	4
2122	24165	4
2122	25056	4
2122	25770	4
2122	27646	4
2122	29341	4
2122	29352	4
2122	30517	4
2122	33664	4
2122	37339	4
2122	38227	4
2122	39856	4
2122	42697	4
2122	43810	4
2123	65	4
2123	1961	4
2123	4458	4
2123	4463	4
2123	4465	4
2123	8640	4
2123	9260	4
2123	11966	4
2123	15933	4
2123	17180	4
2123	18891	4
2123	18894	4
2123	20569	4
2123	21568	4
2123	23918	4
2123	24023	4
2123	24028	4
2123	24029	4
2123	24074	4
2123	24277	4
2123	24332	4
2123	24336	4
2123	24338	4
2123	24718	4
2123	24736	4
2123	24841	4
2123	24885	4
2123	24936	4
2123	25437	4
2123	25439	4
2123	26102	4
2123	26768	4
2123	26890	4
2123	29554	4
2123	29678	4
2123	35779	4
2123	37122	4
2123	41545	4
2123	43816	4
2123	43820	4
2123	43822	4
2123	43823	4
2123	43824	4
2123	45481	4
2123	45482	4
2123	71216	4
2123	71292	4
2123	71354	4
2123	71452	4
2123	71457	4
2123	71636	4
2123	71819	4
2123	71829	4
2123	72166	4
2123	72259	4
2123	72262	4
2123	72384	4
2123	72392	4
2123	72393	4
2123	72447	4
2123	72581	4
2123	72632	4
2123	73052	4
2123	73514	4
2123	73797	4
2123	74370	4
2123	75273	4
2123	75399	4
2123	76059	4
2123	76166	4
2123	76909	4
2123	76972	4
2123	77828	4
2123	78635	4
2123	79720	4
2123	80403	4
2123	81783	4
2123	81813	4
2123	83945	4
2123	83947	4
2123	83949	4
2123	83957	4
2123	83958	4
2123	83963	4
2123	83967	4
2123	83972	4
2123	83976	4
2123	83977	4
2123	83979	4
2123	83980	4
2123	83986	4
2124	844	4
2124	3087	4
2124	4468	4
2124	10939	4
2124	11968	4
2124	19622	4
2124	23740	4
2124	24019	4
2124	24115	4
2124	24122	4
2124	24148	4
2124	24198	4
2124	24200	4
2124	24389	4
2124	24461	4
2124	24577	4
2124	25157	4
2124	25180	4
2124	25190	4
2124	25197	4
2124	25230	4
2124	25329	4
2124	25337	4
2124	25351	4
2124	25359	4
2124	25681	4
2124	25684	4
2124	25697	4
2124	25747	4
2124	25928	4
2124	25937	4
2124	25963	4
2124	26469	4
2124	26523	4
2124	26957	4
2124	27083	4
2124	27568	4
2124	27629	4
2124	28027	4
2124	28458	4
2124	28709	4
2124	28872	4
2124	29269	4
2124	29479	4
2124	30726	4
2124	31076	4
2124	31705	4
2124	31951	4
2124	31990	4
2124	32378	4
2124	32701	4
2124	34932	4
2124	36151	4
2124	36175	4
2124	37984	4
2124	40398	4
2124	41788	4
2124	43230	4
2124	43268	4
2124	43827	4
2124	43829	4
2124	43831	4
2124	43832	4
2124	43834	4
2124	43835	4
2124	43836	4
2124	43841	4
2124	43842	4
2124	43843	4
2124	43844	4
2124	43846	4
2124	43847	4
2124	68458	4
2124	72156	4
2124	74758	4
2124	75161	4
2124	76310	4
2124	77562	4
2124	79794	4
2124	83990	4
2124	83991	4
2124	83992	4
2124	83994	4
2124	83996	4
2124	83997	4
2124	83998	4
2125	792	4
2125	8234	4
2125	11970	4
2125	17181	4
2125	19723	4
2125	25959	4
2125	28627	4
2125	28732	4
2125	29311	4
2125	29480	4
2125	29482	4
2125	29487	4
2125	29489	4
2125	30009	4
2125	30192	4
2125	30203	4
2125	30347	4
2125	30498	4
2125	30980	4
2125	31129	4
2125	31133	4
2125	32545	4
2125	32552	4
2125	33194	4
2125	33210	4
2125	33306	4
2125	34154	4
2125	34845	4
2125	36507	4
2125	37848	4
2125	38010	4
2125	43852	4
2125	73833	4
2125	75127	4
2125	75611	4
2125	78436	4
2125	81343	4
2125	84002	4
2125	84004	4
2126	1000	4
2126	3538	4
2126	7875	4
2126	7907	4
2126	8116	4
2126	10749	4
2126	11972	4
2126	21101	4
2126	23918	4
2126	24338	4
2126	73470	4
2126	73506	4
2126	84006	4
2127	603	4
2127	10329	4
2127	23711	4
2127	24705	4
2127	24734	4
2127	25205	4
2127	25454	4
2127	26113	4
2127	28274	4
2127	28628	4
2127	29961	4
2127	32265	4
2127	71296	4
2128	19939	4
2128	23802	4
2128	24840	4
2128	25053	4
2128	25099	4
2128	25437	4
2128	26115	4
2128	26563	4
2128	27642	4
2128	37872	4
2129	11	4
2129	73	4
2129	1677	4
2130	21573	4
2130	24361	4
2130	24642	4
2130	74685	4
2130	84000	4
2130	84007	4
2130	84009	4
2130	84010	4
2131	94	4
2131	18922	4
2131	19851	4
2131	20065	4
2131	23837	4
2131	25536	4
2131	26039	4
2131	26297	4
2131	26330	4
2131	26705	4
2131	27701	4
2131	28194	4
2131	28249	4
2131	28526	4
2131	31348	4
2131	31714	4
2131	32645	4
2131	41214	4
2131	43707	4
2131	43863	4
2131	72937	4
2131	78868	4
2131	79677	4
2132	72	4
2132	25199	4
2132	43865	4
2132	72753	4
2133	21576	4
2133	43872	4
2134	1617	4
2134	4473	4
2134	4474	4
2134	4477	4
2134	7729	4
2134	9194	4
2134	19900	4
2134	21577	4
2134	25570	4
2134	26391	4
2134	28045	4
2134	28054	4
2134	28402	4
2134	28740	4
2134	29182	4
2134	29187	4
2134	29202	4
2134	29205	4
2134	29231	4
2134	29488	4
2134	29578	4
2134	29607	4
2134	30203	4
2134	31109	4
2134	32555	4
2134	32906	4
2134	33127	4
2134	33144	4
2134	33174	4
2134	34732	4
2134	34736	4
2134	38010	4
2134	39481	4
2134	43873	4
2134	43874	4
2134	43876	4
2134	43879	4
2134	73246	4
2134	73773	4
2134	74983	4
2134	74984	4
2134	75572	4
2134	84015	4
2135	2023	4
2135	33200	4
2136	21146	4
2136	23993	4
2136	24044	4
2136	24639	4
2136	24933	4
2136	24955	4
2136	25248	4
2136	25256	4
2136	26484	4
2136	27123	4
2136	27378	4
2136	27510	4
2136	27692	4
2136	27929	4
2136	29015	4
2136	29151	4
2136	29152	4
2136	29678	4
2136	29940	4
2136	33341	4
2136	33515	4
2136	33891	4
2136	33960	4
2136	35417	4
2136	38470	4
2136	40759	4
2136	41516	4
2136	41520	4
2136	43881	4
2136	43887	4
2136	43888	4
2136	43889	4
2136	43892	4
2136	43895	4
2136	43897	4
2137	451	4
2138	4478	4
2138	21579	4
2138	24018	4
2138	28244	4
2138	29990	4
2138	30646	4
2138	30684	4
2138	30693	4
2138	31745	4
2138	33796	4
2138	34607	4
2138	35638	4
2138	35748	4
2138	40043	4
2138	40052	4
2138	43899	4
2138	73952	4
2138	80144	4
2138	84022	4
2139	11984	4
2139	24908	4
2139	25257	4
2139	26015	4
2139	32741	4
2139	32897	4
2139	37367	4
2139	71773	4
2139	71804	4
2139	81556	4
2139	83127	4
2140	847	4
2140	1272	4
2140	2008	4
2140	19271	4
2140	23826	4
2140	23943	4
2140	24006	4
2140	24106	4
2140	24163	4
2140	24164	4
2140	24186	4
2140	24522	4
2140	25144	4
2140	25145	4
2140	25214	4
2140	25220	4
2140	25233	4
2140	25234	4
2140	25236	4
2140	25624	4
2140	25760	4
2140	25770	4
2140	25921	4
2140	26421	4
2140	26515	4
2140	26588	4
2140	26591	4
2140	27031	4
2140	27058	4
2140	27070	4
2140	27646	4
2140	27917	4
2140	28172	4
2140	28830	4
2140	28859	4
2140	28880	4
2140	28887	4
2140	28891	4
2140	29640	4
2140	29960	4
2140	29961	4
2140	29981	4
2140	32826	4
2140	33661	4
2140	34360	4
2140	36026	4
2140	38707	4
2140	41892	4
2140	43903	4
2140	43905	4
2140	43907	4
2140	43908	4
2140	45484	4
2140	71210	4
2140	73123	4
2140	73152	4
2140	74263	4
2140	79665	4
2140	84031	4
2141	477	4
2141	18917	4
2141	19070	4
2141	20056	4
2141	21567	4
2141	21581	4
2141	21582	4
2141	23905	4
2141	24016	4
2141	25506	4
2141	25883	4
2141	26000	4
2141	26007	4
2141	26310	4
2141	27642	4
2141	28647	4
2141	28650	4
2141	28806	4
2141	28809	4
2141	29300	4
2141	30118	4
2141	30231	4
2141	31358	4
2141	32101	4
2141	32936	4
2141	32946	4
2141	34050	4
2141	34151	4
2141	37346	4
2141	43911	4
2141	43913	4
2141	71968	4
2142	292	4
2142	10807	4
2142	23793	4
2142	24202	4
2142	27968	4
2142	72416	4
2142	73106	4
2142	84033	4
2143	8089	4
2143	8577	4
2143	21583	4
2143	24675	4
2143	25387	4
2143	28895	4
2143	30544	4
2143	71501	4
2143	75535	4
2144	4481	4
2144	11989	4
2144	28528	4
2144	28557	4
2144	31542	4
2144	43915	4
2144	71309	4
2145	9521	4
2145	10699	4
2145	23734	4
2145	24148	4
2145	24168	4
2145	24178	4
2145	24190	4
2145	24192	4
2145	24198	4
2145	24199	4
2145	24206	4
2145	25170	4
2145	25339	4
2145	25462	4
2145	25561	4
2145	25628	4
2145	25698	4
2145	25755	4
2145	25776	4
2145	25838	4
2145	26121	4
2145	26620	4
2145	26784	4
2145	27076	4
2145	27912	4
2145	28081	4
2145	29044	4
2145	29070	4
2145	29380	4
2145	30837	4
2145	31756	4
2145	31959	4
2145	32704	4
2145	33628	4
2145	34926	4
2145	35501	4
2145	36741	4
2145	36748	4
2145	37662	4
2145	37709	4
2145	37791	4
2145	42850	4
2146	4484	4
2146	9781	4
2146	10197	4
2146	11990	4
2146	11992	4
2146	11993	4
2146	26728	4
2146	27147	4
2147	7874	4
2147	16802	4
2147	30557	4
2148	472	4
2148	21584	4
2148	32374	4
2148	36587	4
2148	43927	4
2148	71613	4
2148	72138	4
2148	72787	4
2148	74434	4
2148	84042	4
2150	252	4
2150	685	4
2150	23884	4
2150	25451	4
2150	26000	4
2150	27457	4
2150	31185	4
2150	74977	4
2150	76055	4
2151	2930	4
2151	84044	4
2152	287	4
2152	23759	4
2152	24691	4
2152	25382	4
2152	25590	4
2152	26427	4
2152	28181	4
2152	38600	4
2152	43936	4
2153	9450	4
2153	12000	4
2153	20718	4
2153	23993	4
2153	25316	4
2153	26972	4
2154	728	4
2154	19475	4
2154	20163	4
2154	21588	4
2154	24170	4
2154	25214	4
2154	26727	4
2154	27038	4
2154	33668	4
2154	34628	4
2154	43938	4
2154	43939	4
2154	43940	4
2154	45486	4
2154	84055	4
2155	455	4
2155	4489	4
2155	9712	4
2155	23813	4
2155	23862	4
2155	23891	4
2155	23959	4
2155	24131	4
2155	24509	4
2155	25023	4
2155	25484	4
2155	25492	4
2155	25494	4
2155	30909	4
2155	32128	4
2155	32359	4
2155	42719	4
2155	72141	4
2155	72466	4
2155	72478	4
2155	84056	4
2156	4491	4
2157	8077	4
2157	10795	4
2157	12003	4
2157	16800	4
2157	20391	4
2157	24349	4
2157	24480	4
2157	24483	4
2157	24522	4
2157	24754	4
2157	25815	4
2157	26753	4
2157	27135	4
2157	27409	4
2157	28284	4
2157	28301	4
2157	30755	4
2157	36852	4
2157	36910	4
2157	38732	4
2157	44738	4
2157	44840	4
2157	44909	4
2157	71611	4
2157	71717	4
2157	71842	4
2157	71914	4
2157	72938	4
2157	72945	4
2157	75865	4
2157	76942	4
2157	84057	4
2157	84061	4
2158	3367	4
2158	4492	4
2158	7925	4
2158	9178	4
2158	18975	4
2158	20713	4
2158	24285	4
2158	24902	4
2158	25410	4
2158	26575	4
2158	30617	4
2158	42131	4
2158	72166	4
2158	81566	4
2159	85	4
2159	4494	4
2159	18825	4
2159	24262	4
2159	25980	4
2159	25992	4
2159	28221	4
2159	29295	4
2159	31162	4
2159	32016	4
2159	32149	4
2159	32945	4
2159	33859	4
2159	33891	4
2159	34425	4
2159	35182	4
2159	35425	4
2159	36336	4
2159	37537	4
2159	43954	4
2159	43957	4
2159	84062	4
2160	61	4
2160	1717	4
2160	3365	4
2160	7714	4
2160	10915	4
2160	12010	4
2160	23824	4
2160	24262	4
2160	24626	4
2160	25503	4
2160	25871	4
2160	25997	4
2160	26020	4
2160	26364	4
2160	26871	4
2160	28781	4
2160	32749	4
2160	32750	4
2160	32932	4
2160	33615	4
2160	34682	4
2160	37976	4
2160	43488	4
2160	43959	4
2160	44915	4
2160	73404	4
2160	75804	4
2160	78210	4
2160	79879	4
2160	83134	4
2160	84064	4
2160	84065	4
2161	553	4
2161	1374	4
2161	2369	4
2161	9815	4
2161	12011	4
2161	12012	4
2161	19002	4
2161	23706	4
2161	23767	4
2161	23787	4
2161	23798	4
2161	23931	4
2161	24032	4
2161	24051	4
2161	24271	4
2161	24464	4
2161	25095	4
2161	26574	4
2161	27610	4
2161	28031	4
2161	28181	4
2161	29167	4
2161	30120	4
2161	30632	4
2161	32257	4
2161	32766	4
2161	36301	4
2161	37327	4
2162	18818	4
2162	18917	4
2162	18982	4
2162	19020	4
2162	24149	4
2162	26763	4
2162	32615	4
2162	39025	4
2162	45490	4
2162	45491	4
2162	84074	4
2163	54	4
2163	203	4
2163	289	4
2163	11417	4
2163	16649	4
2163	18814	4
2163	18894	4
2163	21594	4
2163	23690	4
2163	23697	4
2163	23700	4
2163	23701	4
2163	23706	4
2163	23757	4
2163	23880	4
2163	23898	4
2163	23903	4
2163	23911	4
2163	23927	4
2163	23938	4
2163	24036	4
2163	24044	4
2163	24062	4
2163	24275	4
2163	24288	4
2163	24306	4
2163	24307	4
2163	24321	4
2163	24338	4
2163	24400	4
2163	24499	4
2163	24503	4
2163	24696	4
2163	24799	4
2163	24894	4
2163	24977	4
2163	25204	4
2163	25207	4
2163	25306	4
2163	25312	4
2163	25447	4
2163	25590	4
2163	26120	4
2163	26400	4
2163	27023	4
2163	27484	4
2163	27584	4
2163	27627	4
2163	27726	4
2163	27779	4
2163	27806	4
2163	28025	4
2163	28106	4
2163	28809	4
2163	28896	4
2163	29463	4
2163	29712	4
2163	32257	4
2163	32766	4
2163	40894	4
2163	42161	4
2163	43964	4
2163	71296	4
2163	76832	4
2163	77297	4
2163	78861	4
2163	79870	4
2163	84078	4
2164	1683	4
2164	21595	4
2164	71485	4
2164	71839	4
2164	71944	4
2164	72308	4
2164	72518	4
2164	74840	4
2164	75862	4
2164	79387	4
2164	84081	4
2165	1085	4
2165	7509	4
2165	9561	4
2165	11806	4
2165	12021	4
2165	23786	4
2165	23846	4
2165	23889	4
2165	24430	4
2165	24540	4
2165	25000	4
2165	25002	4
2165	25144	4
2165	26506	4
2165	27450	4
2165	27687	4
2165	28703	4
2165	29567	4
2165	30025	4
2165	30459	4
2165	31759	4
2165	31824	4
2165	35692	4
2165	37304	4
2165	43971	4
2165	43972	4
2165	71810	4
2165	71985	4
2165	72429	4
2165	72813	4
2165	73526	4
2165	73757	4
2165	74374	4
2165	74801	4
2165	75895	4
2165	76744	4
2165	76789	4
2165	79235	4
2165	81645	4
2165	81837	4
2165	84091	4
2165	84093	4
2166	46	4
2166	7509	4
2166	7638	4
2166	8818	4
2166	19098	4
2166	19106	4
2166	23690	4
2166	23793	4
2166	23807	4
2166	23813	4
2166	23829	4
2166	23834	4
2166	23861	4
2166	23869	4
2166	23874	4
2166	23897	4
2166	23899	4
2166	23924	4
2166	23959	4
2166	24032	4
2166	24094	4
2166	24105	4
2166	24107	4
2166	24361	4
2166	24435	4
2166	24465	4
2166	25037	4
2166	25046	4
2166	25474	4
2166	25556	4
2166	26105	4
2166	26283	4
2166	26337	4
2166	27010	4
2166	27164	4
2166	27588	4
2166	28131	4
2166	28314	4
2166	28426	4
2166	29427	4
2166	30553	4
2166	32133	4
2166	32427	4
2166	71508	4
2166	71541	4
2166	71738	4
2166	72441	4
2166	72473	4
2166	74140	4
2166	84094	4
2167	435	4
2167	25556	4
2167	25761	4
2167	35150	4
2169	4500	4
2169	12022	4
2169	23786	4
2169	23826	4
2169	23849	4
2169	23856	4
2169	23885	4
2169	23895	4
2169	24130	4
2169	24443	4
2169	24506	4
2169	24987	4
2169	25635	4
2169	26043	4
2169	26517	4
2169	27117	4
2169	30532	4
2169	32095	4
2169	72952	4
2169	74254	4
2170	126	4
2170	1504	4
2170	3638	4
2170	20359	4
2170	23702	4
2170	24949	4
2170	26114	4
2170	26433	4
2170	27467	4
2170	27781	4
2170	27782	4
2170	30330	4
2170	32639	4
2170	40833	4
2170	42448	4
2170	43976	4
2170	43977	4
2171	3784	4
2171	7626	4
2171	7631	4
2171	18819	4
2171	19271	4
2171	23822	4
2171	23874	4
2171	24140	4
2171	24407	4
2171	27017	4
2171	28208	4
2171	28450	4
2171	30185	4
2171	30824	4
2171	32467	4
2171	33285	4
2171	43982	4
2171	71356	4
2171	73761	4
2171	74789	4
2171	75301	4
2171	77103	4
2171	84106	4
2172	33	4
2172	4502	4
2172	8742	4
2172	23911	4
2172	24498	4
2172	24721	4
2172	24860	4
2172	25067	4
2172	25654	4
2172	26104	4
2172	26139	4
2172	32434	4
2172	40593	4
2173	21600	4
2173	32047	4
2173	32647	4
2173	43984	4
2174	117	4
2174	637	4
2174	2370	4
2174	7715	4
2174	23700	4
2174	24067	4
2174	24074	4
2174	24792	4
2174	24831	4
2174	24914	4
2174	25883	4
2174	26260	4
2174	26400	4
2174	27356	4
2174	27480	4
2174	27971	4
2174	28485	4
2174	30291	4
2174	30337	4
2174	30630	4
2174	71784	4
2174	71964	4
2174	74676	4
2174	77003	4
2175	4503	4
2175	19560	4
2175	20047	4
2175	20727	4
2175	21601	4
2175	27052	4
2175	28319	4
2175	30688	4
2175	43990	4
2177	4507	4
2177	4508	4
2177	17207	4
2177	19359	4
2177	24042	4
2177	24216	4
2177	24219	4
2177	24223	4
2177	24262	4
2177	24645	4
2177	25989	4
2177	25997	4
2177	26399	4
2177	26448	4
2177	27196	4
2177	27564	4
2177	28781	4
2177	30075	4
2177	30084	4
2177	30290	4
2177	30291	4
2177	30686	4
2177	32302	4
2177	32925	4
2177	33736	4
2177	34427	4
2177	34615	4
2177	37445	4
2177	37533	4
2177	38057	4
2177	38872	4
2177	39867	4
2177	41242	4
2177	42425	4
2177	43536	4
2177	43994	4
2177	44000	4
2177	76017	4
2177	77366	4
2177	84120	4
2177	84123	4
2178	162	4
2178	32040	4
2178	34212	4
2178	72050	4
2179	24736	4
2179	31173	4
2179	34720	4
2179	82711	4
2180	1727	4
2180	19281	4
2180	19757	4
2180	20883	4
2180	21602	4
2180	27162	4
2180	27355	4
2180	29311	4
2180	30857	4
2180	34139	4
2180	34959	4
2180	38132	4
2180	43712	4
2180	44003	4
2181	4512	4
2181	7677	4
2181	7901	4
2181	8869	4
2181	8900	4
2181	9278	4
2181	9983	4
2181	19033	4
2181	19064	4
2181	21610	4
2181	21611	4
2181	21615	4
2181	21616	4
2181	23971	4
2181	23982	4
2181	24155	4
2181	24484	4
2181	24840	4
2181	24931	4
2181	25210	4
2181	25300	4
2181	25366	4
2181	25369	4
2181	25744	4
2181	25786	4
2181	26819	4
2181	27432	4
2181	27433	4
2181	27759	4
2181	28284	4
2181	28337	4
2181	30749	4
2181	30886	4
2181	31226	4
2181	33292	4
2181	34063	4
2181	36115	4
2181	42604	4
2181	43924	4
2181	44008	4
2181	44011	4
2181	44012	4
2181	44015	4
2181	44017	4
2181	71604	4
2182	4513	4
2182	26564	4
2182	27123	4
2182	28398	4
2182	36279	4
2182	36346	4
2182	44021	4
2182	44022	4
2182	44023	4
2182	71221	4
2182	72325	4
2182	73553	4
2182	74738	4
2182	74943	4
2182	76285	4
2182	80204	4
2182	84133	4
2182	84135	4
2183	1766	4
2183	4514	4
2183	12044	4
2183	12045	4
2183	12046	4
2183	26692	4
2183	31671	4
2183	84137	4
2184	541	4
2184	542	4
2184	3821	4
2184	9585	4
2184	19851	4
2184	36551	4
2184	41561	4
2184	44025	4
2184	72498	4
2184	72503	4
2184	72506	4
2184	74362	4
2184	74363	4
2184	75731	4
2184	84140	4
2185	3113	4
2185	4516	4
2185	9856	4
2185	24563	4
2185	31440	4
2185	33604	4
2185	36648	4
2185	44026	4
2185	71964	4
2185	83580	4
2186	65	4
2186	24067	4
2186	27358	4
2186	29675	4
2187	4517	4
2187	9041	4
2187	27772	4
2187	28753	4
2187	29228	4
2187	33303	4
2187	44028	4
2187	44873	4
2187	71291	4
2187	73403	4
2187	84143	4
2188	2525	4
2188	4518	4
2188	19176	4
2188	25683	4
2188	25684	4
2188	25772	4
2188	25949	4
2188	28261	4
2188	29053	4
2188	29271	4
2188	30729	4
2188	32176	4
2188	71689	4
2188	78540	4
2189	9136	4
2189	9368	4
2189	10119	4
2189	18945	4
2189	25555	4
2189	28177	4
2189	84145	4
2189	84150	4
2189	84151	4
2190	304	4
2190	851	4
2190	8077	4
2190	19684	4
2190	23984	4
2190	25266	4
2190	25273	4
2190	25785	4
2190	26449	4
2190	26823	4
2190	28326	4
2190	35457	4
2190	40293	4
2190	44030	4
2191	2286	4
2191	10712	4
2191	19877	4
2191	20179	4
2191	21621	4
2191	25366	4
2191	25987	4
2191	28969	4
2191	30075	4
2191	30291	4
2191	30968	4
2191	34697	4
2191	44032	4
2191	44033	4
2191	44040	4
2191	71964	4
2191	77551	4
2191	83334	4
2192	24140	4
2192	25318	4
2192	27271	4
2192	27600	4
2192	37662	4
2193	4524	4
2193	18838	4
2193	23702	4
2193	23802	4
2193	24857	4
2193	25078	4
2193	25885	4
2193	26115	4
2193	29943	4
2193	30330	4
2193	31170	4
2193	40599	4
2193	44042	4
2194	8555	4
2194	19078	4
2194	20884	4
2194	25006	4
2194	25166	4
2194	25190	4
2194	25368	4
2194	25899	4
2194	28921	4
2194	29071	4
2194	44043	4
2194	71805	4
2194	72060	4
2195	974	4
2195	1268	4
2195	8804	4
2195	29356	4
2195	35045	4
2195	78618	4
2195	83493	4
2196	7	4
2196	189	4
2196	1409	4
2196	4527	4
2196	8546	4
2196	9572	4
2196	12059	4
2196	17213	4
2196	18826	4
2196	18945	4
2196	21623	4
2196	23899	4
2196	24075	4
2196	25073	4
2196	25607	4
2196	25851	4
2196	26065	4
2196	26073	4
2196	26304	4
2196	26364	4
2196	26854	4
2196	27588	4
2196	28847	4
2196	33098	4
2196	35404	4
2196	45497	4
2196	71359	4
2196	71738	4
2196	73034	4
2196	73186	4
2196	73383	4
2196	73579	4
2196	74752	4
2196	74791	4
2196	74799	4
2196	75181	4
2196	78619	4
2196	81757	4
2196	81762	4
2196	82559	4
2196	84165	4
2197	82	4
2197	767	4
2197	803	4
2197	2820	4
2197	19385	4
2197	24160	4
2197	24205	4
2197	25190	4
2197	25322	4
2197	25465	4
2197	25563	4
2197	25838	4
2197	25843	4
2197	25946	4
2197	25948	4
2197	26323	4
2197	26419	4
2197	30589	4
2197	32015	4
2197	32580	4
2197	33984	4
2197	41554	4
2197	44045	4
2197	71671	4
2197	71723	4
2197	72619	4
2197	74997	4
2197	75051	4
2197	78403	4
2197	79789	4
2197	84168	4
2197	84170	4
2198	35	4
2198	673	4
2198	743	4
2198	855	4
2198	2120	4
2198	2585	4
2198	4531	4
2198	18867	4
2198	19028	4
2198	21625	4
2198	23813	4
2198	23832	4
2198	24378	4
2198	24540	4
2198	25008	4
2198	25216	4
2198	27145	4
2198	27625	4
2198	27680	4
2198	28222	4
2198	28933	4
2198	29353	4
2198	30800	4
2198	35556	4
2198	38493	4
2198	44048	4
2198	71245	4
2198	71271	4
2198	71328	4
2198	71594	4
2198	71732	4
2198	71990	4
2198	71991	4
2198	72021	4
2198	72473	4
2198	72612	4
2198	72758	4
2198	72767	4
2198	72908	4
2198	73518	4
2198	76304	4
2198	77201	4
2198	78168	4
2198	79363	4
2198	80439	4
2198	82697	4
2198	84174	4
2198	84177	4
2198	84179	4
2198	84181	4
2199	3145	4
2199	17217	4
2199	37699	4
2199	44049	4
2199	77433	4
2199	84185	4
2199	84190	4
2200	292	4
2200	8425	4
2200	24075	4
2200	24820	4
2200	24913	4
2200	26097	4
2200	26250	4
2200	32454	4
2201	18967	4
2201	21628	4
2201	23871	4
2201	23921	4
2201	24066	4
2201	24076	4
2201	24095	4
2201	24293	4
2201	24927	4
2201	24945	4
2201	25305	4
2201	25872	4
2201	26266	4
2201	26491	4
2201	27505	4
2201	27783	4
2201	27966	4
2201	28910	4
2201	30095	4
2201	30117	4
2201	32275	4
2201	32300	4
2201	33692	4
2201	34116	4
2201	36281	4
2201	37416	4
2201	38600	4
2201	41443	4
2201	44051	4
2201	44052	4
2201	44055	4
2201	45500	4
2201	71207	4
2201	71265	4
2201	71658	4
2201	71771	4
2201	71819	4
2201	72166	4
2201	72173	4
2201	72579	4
2201	73749	4
2201	74021	4
2201	84193	4
2201	84194	4
2202	23781	4
2202	25495	4
2202	26772	4
2203	507	4
2203	988	4
2203	11009	4
2203	18812	4
2203	19722	4
2203	23698	4
2203	23701	4
2203	23704	4
2203	23706	4
2203	23757	4
2203	23802	4
2203	23858	4
2203	23903	4
2203	23907	4
2203	23927	4
2203	23934	4
2203	24045	4
2203	24062	4
2203	24079	4
2203	24198	4
2203	24318	4
2203	24370	4
2203	24383	4
2203	24427	4
2203	24637	4
2203	24691	4
2203	24912	4
2203	24945	4
2203	25072	4
2203	25199	4
2203	25202	4
2203	25253	4
2203	25305	4
2203	25307	4
2203	25310	4
2203	25312	4
2203	25378	4
2203	25408	4
2203	25459	4
2203	25506	4
2203	25575	4
2203	25613	4
2203	25616	4
2203	25975	4
2203	26063	4
2203	26103	4
2203	26250	4
2203	26427	4
2203	26783	4
2203	27023	4
2203	27329	4
2203	27584	4
2203	27612	4
2203	27761	4
2203	27779	4
2203	27784	4
2203	27894	4
2203	28072	4
2203	28154	4
2203	28184	4
2203	28626	4
2203	28912	4
2203	30282	4
2203	31201	4
2203	32895	4
2203	33108	4
2203	35388	4
2203	36436	4
2203	38154	4
2203	43252	4
2203	44067	4
2203	44068	4
2203	71453	4
2203	71755	4
2203	72737	4
2203	74669	4
2203	75977	4
2204	7890	4
2204	12070	4
2204	23757	4
2204	23768	4
2204	24035	4
2204	24058	4
2204	24105	4
2204	24661	4
2204	24675	4
2204	24689	4
2204	24715	4
2204	24735	4
2204	24782	4
2204	25053	4
2204	25404	4
2204	25600	4
2204	25604	4
2204	26097	4
2204	26477	4
2204	26764	4
2204	35231	4
2204	39880	4
2204	44072	4
2204	44074	4
2204	71431	4
2204	71636	4
2204	72166	4
2204	73914	4
2204	81664	4
2204	82374	4
2204	84196	4
2204	84199	4
2204	84200	4
2204	84202	4
2205	691	4
2205	4336	4
2205	23907	4
2205	24651	4
2205	24718	4
2205	24745	4
2205	24763	4
2205	24880	4
2205	24901	4
2205	24903	4
2205	25126	4
2205	25305	4
2205	25438	4
2205	25612	4
2205	26111	4
2205	29157	4
2205	30264	4
2205	30841	4
2205	32010	4
2205	71636	4
2206	23705	4
2206	23903	4
2206	23993	4
2206	24274	4
2206	24328	4
2206	24362	4
2206	24739	4
2206	24745	4
2206	24759	4
2206	24954	4
2206	25284	4
2206	25437	4
2206	25451	4
2206	25454	4
2206	25575	4
2206	25612	4
2206	25880	4
2206	25883	4
2206	25885	4
2206	26097	4
2206	26251	4
2206	27527	4
2206	28028	4
2206	29082	4
2206	30801	4
2206	36330	4
2206	41361	4
2206	41470	4
2206	72392	4
2206	73383	4
2206	73441	4
2206	73510	4
2206	75256	4
2206	75601	4
2207	7519	4
2207	8309	4
2207	8332	4
2207	23807	4
2207	23824	4
2207	23837	4
2207	23843	4
2207	23865	4
2207	24118	4
2207	24843	4
2207	25036	4
2207	25477	4
2207	25673	4
2207	26542	4
2207	27117	4
2207	27677	4
2207	31711	4
2207	34380	4
2207	73446	4
2208	488	4
2208	622	4
2208	3648	4
2208	8048	4
2208	8645	4
2208	11780	4
2208	12074	4
2208	19076	4
2208	25471	4
2208	26043	4
2208	26313	4
2208	26709	4
2208	26781	4
2208	27046	4
2208	27143	4
2208	27170	4
2208	27184	4
2208	29850	4
2208	31294	4
2208	31722	4
2208	32032	4
2208	32415	4
2208	37706	4
2208	38951	4
2208	44078	4
2208	71329	4
2208	75266	4
2208	80196	4
2208	82913	4
2210	25843	4
2210	25929	4
2210	28052	4
2210	29491	4
2210	30014	4
2210	30450	4
2210	31127	4
2210	32630	4
2210	73191	4
2210	75211	4
2210	84209	4
2211	2012	4
2211	4534	4
2211	25351	4
2211	25963	4
2211	26232	4
2211	26716	4
2211	27086	4
2211	27091	4
2211	27914	4
2211	29398	4
2211	30861	4
2211	32173	4
2211	33907	4
2211	34940	4
2211	37885	4
2212	1717	4
2212	4535	4
2212	12078	4
2212	20774	4
2212	24961	4
2212	25280	4
2212	25301	4
2212	26552	4
2212	27434	4
2212	28670	4
2212	31339	4
2212	32933	4
2212	33290	4
2212	42914	4
2212	42918	4
2212	45502	4
2212	71375	4
2212	71718	4
2212	76120	4
2212	83467	4
2213	65	4
2213	968	4
2213	21634	4
2213	24269	4
2213	26115	4
2213	27855	4
2213	32848	4
2213	33077	4
2213	34326	4
2213	35667	4
2213	43576	4
2213	44090	4
2214	4314	4
2214	71365	4
2215	7850	4
2215	23777	4
2215	23823	4
2215	24540	4
2215	24610	4
2215	26515	4
2215	34167	4
2215	71412	4
2215	71985	4
2215	71986	4
2215	72081	4
2215	72471	4
2215	72478	4
2215	73539	4
2215	83503	4
2216	171	4
2216	16714	4
2216	23731	4
2216	23850	4
2216	25114	4
2216	25192	4
2216	25837	4
2216	27091	4
2216	27355	4
2216	28085	4
2216	28419	4
2216	30515	4
2216	32114	4
2216	32474	4
2216	32969	4
2216	34753	4
2216	35374	4
2216	44096	4
2216	65324	4
2216	71202	4
2216	84224	4
2216	84226	4
2216	84227	4
2216	84229	4
2217	24035	4
2217	24370	4
2217	25575	4
2217	25841	4
2217	44102	4
2218	1460	4
2218	23914	4
2218	24688	4
2218	24914	4
2218	25205	4
2218	30841	4
2218	74619	4
2219	4537	4
2219	4538	4
2219	17225	4
2219	20671	4
2219	21636	4
2219	26407	4
2219	43585	4
2219	72113	4
2219	73457	4
2219	84235	4
2220	4539	4
2220	4540	4
2220	9456	4
2220	25973	4
2220	28838	4
2220	29543	4
2220	36227	4
2220	40819	4
2220	44107	4
2220	44109	4
2221	11	4
2221	23804	4
2221	23829	4
2221	23832	4
2221	24865	4
2221	25483	4
2221	25858	4
2221	26337	4
2221	26461	4
2221	26515	4
2221	26763	4
2221	27597	4
2221	28972	4
2221	44111	4
2221	44113	4
2221	71218	4
2221	71328	4
2222	23903	4
2222	24076	4
2222	24083	4
2222	25317	4
2222	26686	4
2223	27599	4
2223	37382	4
2223	74006	4
2223	81683	4
2223	84241	4
2224	399	4
2224	18890	4
2224	18922	4
2224	18923	4
2224	18980	4
2224	19167	4
2224	19247	4
2224	19288	4
2224	21637	4
2224	23790	4
2224	25096	4
2224	25459	4
2224	27458	4
2224	27867	4
2224	32202	4
2224	44114	4
2224	44118	4
2224	71634	4
2224	72058	4
2225	4542	4
2225	12090	4
2225	23694	4
2225	23899	4
2225	24094	4
2225	24098	4
2225	26517	4
2225	28210	4
2225	31419	4
2225	39277	4
2225	71989	4
2225	72467	4
2225	76741	4
2226	27477	4
2227	310	4
2227	8252	4
2227	8801	4
2227	23891	4
2227	24429	4
2227	26118	4
2227	26515	4
2227	29992	4
2227	82525	4
2227	84247	4
2228	1354	4
2228	4545	4
2228	7998	4
2228	24091	4
2228	24262	4
2228	28652	4
2228	29294	4
2228	31927	4
2228	37894	4
2228	44122	4
2228	44127	4
2228	44128	4
2228	79683	4
2228	83906	4
2228	84251	4
2228	84252	4
2228	84253	4
2228	84254	4
2229	785	4
2229	10612	4
2229	19014	4
2229	24140	4
2229	25173	4
2229	26232	4
2229	26613	4
2229	27912	4
2229	27916	4
2229	28634	4
2229	29642	4
2229	33704	4
2229	34926	4
2229	84257	4
2230	24540	4
2231	18812	4
2231	21441	4
2231	23900	4
2231	24306	4
2231	26202	4
2231	28601	4
2231	28761	4
2231	30362	4
2231	44134	4
2231	55735	4
2231	74777	4
2232	23699	4
2232	24651	4
2232	24690	4
2232	25391	4
2232	26434	4
2232	27329	4
2232	27610	4
2233	2742	4
2233	12102	4
2233	17230	4
2233	17231	4
2233	17232	4
2233	20026	4
2233	21642	4
2233	21643	4
2233	44138	4
2233	44140	4
2233	45506	4
2233	71774	4
2233	71775	4
2233	81241	4
2233	84120	4
2233	84124	4
2233	84268	4
2233	84270	4
2233	84275	4
2233	84276	4
2233	84277	4
2233	84279	4
2233	84282	4
2233	84286	4
2234	9253	4
2234	23765	4
2234	24756	4
2234	26266	4
2234	27510	4
2234	29784	4
2234	75399	4
2235	2240	4
2235	28054	4
2235	72367	4
2236	11	4
2236	669	4
2236	8373	4
2236	10043	4
2236	21646	4
2236	23816	4
2236	23837	4
2236	24094	4
2236	24512	4
2236	24549	4
2236	25008	4
2236	25046	4
2236	25645	4
2236	26302	4
2236	26515	4
2236	26590	4
2236	28312	4
2236	31884	4
2236	71381	4
2237	7	4
2237	72	4
2237	190	4
2237	316	4
2237	673	4
2237	8203	4
2237	8400	4
2237	10415	4
2237	18844	4
2237	19149	4
2237	23829	4
2237	23832	4
2237	24009	4
2237	24421	4
2237	24422	4
2237	28132	4
2237	28208	4
2237	29375	4
2237	30332	4
2237	36955	4
2237	42105	4
2237	71249	4
2237	71525	4
2237	71636	4
2237	76660	4
2237	76886	4
2237	77096	4
2237	84292	4
2238	203	4
2238	17233	4
2238	18818	4
2238	21648	4
2238	23760	4
2238	23787	4
2238	23793	4
2238	24037	4
2238	24052	4
2238	24286	4
2238	24432	4
2238	24977	4
2238	26090	4
2238	27941	4
2238	29697	4
2238	30364	4
2238	32265	4
2238	71466	4
2238	71781	4
2238	71809	4
2238	71971	4
2238	72326	4
2238	73811	4
2239	73	4
2239	92	4
2239	531	4
2239	745	4
2239	1085	4
2239	1765	4
2239	2088	4
2239	7626	4
2239	7923	4
2239	8330	4
2239	9475	4
2239	9987	4
2239	10605	4
2239	15793	4
2239	21650	4
2239	23805	4
2239	23899	4
2239	25899	4
2239	27115	4
2239	32030	4
2239	33919	4
2239	44896	4
2239	71352	4
2239	71356	4
2239	71413	4
2239	71740	4
2239	71900	4
2239	73579	4
2239	74663	4
2239	75841	4
2239	77415	4
2239	78079	4
2239	78870	4
2239	84295	4
2239	84298	4
2239	84301	4
2239	84302	4
2239	84305	4
2239	84307	4
2239	84308	4
2239	84310	4
2239	84316	4
2241	16	4
2241	21	4
2241	599	4
2241	850	4
2241	7576	4
2241	8891	4
2241	19274	4
2241	20352	4
2241	21591	4
2241	23688	4
2241	23774	4
2241	23785	4
2241	23807	4
2241	23815	4
2241	23816	4
2241	23822	4
2241	23834	4
2241	23844	4
2241	23857	4
2241	23861	4
2241	23865	4
2241	23879	4
2241	23893	4
2241	23897	4
2241	23899	4
2241	23917	4
2241	24092	4
2241	24093	4
2241	24098	4
2241	24107	4
2241	24116	4
2241	24163	4
2241	24192	4
2241	24407	4
2241	24412	4
2241	24430	4
2241	24505	4
2241	24518	4
2241	24529	4
2241	24530	4
2241	24541	4
2241	24550	4
2241	24551	4
2241	24553	4
2241	24556	4
2241	24602	4
2241	24619	4
2241	24633	4
2241	25045	4
2241	25144	4
2241	25190	4
2241	25467	4
2241	25476	4
2241	25488	4
2241	25491	4
2241	25492	4
2241	25499	4
2241	25626	4
2241	26066	4
2241	26289	4
2241	26304	4
2241	26337	4
2241	26364	4
2241	26498	4
2241	26547	4
2241	26596	4
2241	26854	4
2241	26996	4
2241	27179	4
2241	27525	4
2241	27682	4
2241	28086	4
2241	28134	4
2241	29387	4
2241	29874	4
2241	29879	4
2241	29976	4
2241	30242	4
2241	30457	4
2241	30793	4
2241	30794	4
2241	30870	4
2241	30916	4
2241	31579	4
2241	31932	4
2241	32013	4
2241	32046	4
2241	32050	4
2241	32128	4
2241	32228	4
2241	32335	4
2241	32653	4
2241	32722	4
2241	32874	4
2241	32887	4
2241	32989	4
2241	33055	4
2241	33604	4
2241	34990	4
2241	35000	4
2241	35001	4
2241	35433	4
2241	35518	4
2241	35617	4
2241	36100	4
2241	36728	4
2241	36882	4
2241	37222	4
2241	37738	4
2241	40058	4
2241	40060	4
2241	40354	4
2241	40361	4
2241	40854	4
2241	41184	4
2241	41357	4
2241	42621	4
2241	44150	4
2241	44152	4
2241	44156	4
2241	44738	4
2241	53568	4
2241	72742	4
2241	73780	4
2241	84318	4
2242	52	4
2242	185	4
2242	677	4
2242	21652	4
2242	25414	4
2242	28469	4
2242	38552	4
2242	38812	4
2242	71804	4
2242	79397	4
2243	12117	4
2243	15966	4
2243	18949	4
2243	19256	4
2243	19288	4
2243	21119	4
2243	21654	4
2243	23786	4
2243	23975	4
2243	23977	4
2243	23981	4
2243	23996	4
2243	24301	4
2243	24473	4
2243	24480	4
2243	24489	4
2243	24568	4
2243	24569	4
2243	24572	4
2243	24576	4
2243	24577	4
2243	24697	4
2243	24906	4
2243	24971	4
2243	25049	4
2243	25172	4
2243	25175	4
2243	25194	4
2243	25273	4
2243	25283	4
2243	25304	4
2243	25330	4
2243	25739	4
2243	25816	4
2243	25970	4
2243	26006	4
2243	26020	4
2243	26364	4
2243	26416	4
2243	26515	4
2243	26549	4
2243	26553	4
2243	26670	4
2243	26674	4
2243	27290	4
2243	27412	4
2243	27434	4
2243	27435	4
2243	27440	4
2243	27441	4
2243	27535	4
2243	27749	4
2243	27787	4
2243	28320	4
2243	28333	4
2243	28587	4
2243	28694	4
2243	28855	4
2243	29092	4
2243	29140	4
2243	29518	4
2243	29778	4
2243	30056	4
2243	30164	4
2243	30772	4
2243	30883	4
2243	30923	4
2243	33289	4
2243	33290	4
2243	33464	4
2243	33829	4
2243	34209	4
2243	34780	4
2243	35197	4
2243	35280	4
2243	35287	4
2243	35425	4
2243	35695	4
2243	36052	4
2243	36114	4
2243	36115	4
2243	37185	4
2243	38755	4
2243	40362	4
2243	41695	4
2243	42018	4
2243	42564	4
2243	44164	4
2243	44166	4
2243	44167	4
2243	44169	4
2243	44178	4
2243	44180	4
2243	44181	4
2243	71197	4
2243	71809	4
2243	74062	4
2244	8	4
2244	7579	4
2244	9389	4
2244	12120	4
2244	17239	4
2244	23895	4
2244	24621	4
2244	27450	4
2244	27987	4
2244	28278	4
2244	28287	4
2244	28292	4
2244	32046	4
2244	44182	4
2244	71413	4
2244	72960	4
2244	73478	4
2244	78602	4
2244	83292	4
2245	16	4
2245	10386	4
2245	12122	4
2245	24072	4
2245	24078	4
2245	24282	4
2245	24283	4
2245	25089	4
2245	25441	4
2245	25551	4
2245	25617	4
2245	26107	4
2245	26254	4
2245	27308	4
2245	27784	4
2245	32466	4
2245	34218	4
2245	71368	4
2245	78739	4
2246	35	4
2246	4426	4
2246	9665	4
2246	11245	4
2246	11316	4
2246	18830	4
2246	23693	4
2246	24164	4
2246	24612	4
2246	24621	4
2246	25471	4
2246	25746	4
2246	27213	4
2246	28128	4
2246	29655	4
2246	29992	4
2246	33700	4
2246	72612	4
2246	72767	4
2246	72924	4
2247	436	4
2247	1344	4
2247	8675	4
2247	9008	4
2247	12130	4
2247	12132	4
2247	18962	4
2247	23832	4
2247	26041	4
2247	26590	4
2247	26927	4
2247	28030	4
2247	28528	4
2247	28669	4
2247	31655	4
2247	42931	4
2247	71218	4
2247	71404	4
2247	72060	4
2248	1050	4
2248	1063	4
2248	1791	4
2248	21659	4
2248	24019	4
2248	24021	4
2248	25103	4
2248	25164	4
2248	26792	4
2248	27847	4
2248	28217	4
2248	28219	4
2248	29373	4
2248	29990	4
2248	30630	4
2248	30673	4
2248	30680	4
2248	31728	4
2248	31742	4
2248	31871	4
2248	31873	4
2248	31890	4
2248	33575	4
2248	33596	4
2248	35748	4
2248	35790	4
2248	35791	4
2248	42686	4
2248	44194	4
2248	83047	4
2249	1734	4
2249	12136	4
2249	15805	4
2249	17243	4
2249	20795	4
2249	25192	4
2249	25967	4
2249	27604	4
2249	27626	4
2249	28885	4
2249	29843	4
2249	31460	4
2249	31481	4
2249	44198	4
2249	71210	4
2249	73184	4
2249	77673	4
2249	84346	4
2249	84348	4
2250	2235	4
2250	2701	4
2250	7685	4
2250	8095	4
2250	9186	4
2250	10465	4
2250	11330	4
2250	18980	4
2250	20562	4
2250	23694	4
2250	23803	4
2250	23845	4
2250	23891	4
2250	24128	4
2250	24198	4
2250	24550	4
2250	24552	4
2250	25143	4
2250	25144	4
2250	25651	4
2250	26531	4
2250	26989	4
2250	27117	4
2250	27637	4
2250	27674	4
2250	28316	4
2250	28329	4
2250	28436	4
2250	28906	4
2250	29058	4
2250	31008	4
2250	32027	4
2250	33058	4
2250	36910	4
2250	40128	4
2250	44202	4
2250	44203	4
2250	44204	4
2250	44206	4
2250	56496	4
2250	71279	4
2250	71617	4
2250	72442	4
2250	72546	4
2250	73020	4
2250	74182	4
2250	74189	4
2250	76310	4
2250	77228	4
2250	79063	4
2250	79528	4
2250	80243	4
2250	83179	4
2250	83738	4
2250	84352	4
2250	84357	4
2250	84361	4
2250	84362	4
2250	84363	4
2250	84364	4
2250	84365	4
2250	84366	4
2251	12141	4
2251	12142	4
2251	24813	4
2251	25375	4
2251	25886	4
2251	28758	4
2251	30104	4
2251	33514	4
2251	75973	4
2252	54	4
2252	1847	4
2252	19200	4
2252	23698	4
2252	23701	4
2252	23880	4
2252	24029	4
2252	24035	4
2252	24108	4
2252	24370	4
2252	24696	4
2252	24766	4
2252	24887	4
2252	25227	4
2252	25526	4
2252	25577	4
2252	25948	4
2252	30328	4
2252	30352	4
2252	30503	4
2252	30736	4
2252	33992	4
2252	35291	4
2252	36003	4
2252	37692	4
2252	41753	4
2252	44212	4
2252	72166	4
2253	4568	4
2253	34570	4
2254	553	4
2254	23785	4
2254	24503	4
2255	80	4
2255	3003	4
2255	3558	4
2255	8876	4
2255	12144	4
2255	12147	4
2255	26289	4
2255	32368	4
2255	33540	4
2255	34080	4
2255	38412	4
2255	39760	4
2255	41030	4
2255	41037	4
2255	43011	4
2255	44215	4
2255	44219	4
2255	44221	4
2255	44225	4
2255	44228	4
2255	44230	4
2255	44231	4
2255	44232	4
2255	45320	4
2255	61718	4
2255	73579	4
2255	78795	4
2255	84372	4
2256	7	4
2256	4570	4
2256	16787	4
2256	19200	4
2256	19857	4
2256	21664	4
2256	23721	4
2256	24148	4
2256	24151	4
2256	24462	4
2256	25692	4
2256	25706	4
2256	25837	4
2256	25958	4
2256	27512	4
2256	28887	4
2256	29065	4
2256	29409	4
2256	29452	4
2256	32704	4
2256	33350	4
2256	36035	4
2256	44236	4
2256	44237	4
2256	84374	4
2256	84375	4
2256	84380	4
2256	84382	4
2257	4337	4
2257	4340	4
2257	4573	4
2257	4574	4
2257	4576	4
2257	4577	4
2257	4578	4
2257	21667	4
2257	36572	4
2257	37108	4
2257	44241	4
2257	44242	4
2257	44245	4
2257	44246	4
2257	44249	4
2257	44250	4
2257	84388	4
2258	1171	4
2258	19623	4
2258	23735	4
2258	23864	4
2258	25056	4
2258	25656	4
2258	25952	4
2258	26228	4
2258	34669	4
2258	37387	4
2258	44255	4
2258	71212	4
2258	84392	4
2259	520	4
2259	8239	4
2259	10847	4
2259	25949	4
2259	29243	4
2259	73897	4
2259	84400	4
2259	84401	4
2260	4581	4
2260	10156	4
2260	12157	4
2260	24046	4
2260	24340	4
2260	24643	4
2260	24767	4
2260	24920	4
2260	25406	4
2260	26686	4
2260	28167	4
2260	28478	4
2260	30249	4
2260	30720	4
2260	33108	4
2260	71265	4
2260	75400	4
2260	80113	4
2261	26138	4
2261	29170	4
2261	29764	4
2261	35425	4
2261	39385	4
2261	41691	4
2261	41696	4
2262	191	4
2262	290	4
2262	1189	4
2262	3219	4
2262	4582	4
2262	4583	4
2262	23950	4
2262	25648	4
2262	25860	4
2262	26296	4
2262	26322	4
2262	26345	4
2262	28391	4
2262	28642	4
2262	28962	4
2262	30791	4
2262	31424	4
2262	31599	4
2262	31703	4
2262	35459	4
2262	45432	4
2262	71912	4
2262	75886	4
2262	77779	4
2263	787	4
2263	853	4
2263	954	4
2263	1010	4
2263	1446	4
2263	8234	4
2263	10573	4
2263	12163	4
2263	12164	4
2263	12167	4
2263	12168	4
2263	12170	4
2263	12172	4
2263	12175	4
2263	17251	4
2263	18818	4
2263	19952	4
2263	21673	4
2263	21674	4
2263	21675	4
2263	24264	4
2263	24359	4
2263	24915	4
2263	25101	4
2263	25104	4
2263	25934	4
2263	25955	4
2263	25978	4
2263	26286	4
2263	26303	4
2263	26393	4
2263	26836	4
2263	28041	4
2263	28045	4
2263	28049	4
2263	28393	4
2263	28398	4
2263	28407	4
2263	28414	4
2263	28416	4
2263	28665	4
2263	28733	4
2263	28744	4
2263	28748	4
2263	28749	4
2263	28750	4
2263	28940	4
2263	28941	4
2263	28944	4
2263	28946	4
2263	28950	4
2263	29176	4
2263	29185	4
2263	29195	4
2263	29205	4
2263	29216	4
2263	29223	4
2263	29228	4
2263	29232	4
2263	29233	4
2263	29234	4
2263	29235	4
2263	29320	4
2263	29481	4
2263	29487	4
2263	29490	4
2263	29998	4
2263	30002	4
2263	30012	4
2263	30193	4
2263	30288	4
2263	30439	4
2263	30450	4
2263	30451	4
2263	30488	4
2263	30500	4
2263	30504	4
2263	30608	4
2263	31127	4
2263	32387	4
2263	32512	4
2263	32557	4
2263	32572	4
2263	32637	4
2263	32655	4
2263	33005	4
2263	33010	4
2263	33015	4
2263	33016	4
2263	33017	4
2263	33132	4
2263	33154	4
2263	33184	4
2263	33217	4
2263	33813	4
2263	34175	4
2263	34558	4
2263	34582	4
2263	34608	4
2263	34725	4
2263	34812	4
2263	34814	4
2263	34816	4
2263	34845	4
2263	35064	4
2263	35129	4
2263	35282	4
2263	38284	4
2263	38288	4
2263	38921	4
2263	39473	4
2263	39575	4
2263	40199	4
2263	40228	4
2263	41481	4
2263	42397	4
2263	42398	4
2263	42635	4
2263	44272	4
2263	44273	4
2263	44276	4
2263	44277	4
2263	44281	4
2263	44282	4
2263	44285	4
2263	44286	4
2263	44287	4
2263	44290	4
2263	44291	4
2263	44292	4
2263	44294	4
2263	44794	4
2263	44933	4
2263	45515	4
2263	71935	4
2263	72021	4
2263	72074	4
2263	72992	4
2263	73224	4
2263	73239	4
2263	73264	4
2263	73403	4
2263	73718	4
2263	73860	4
2263	74631	4
2263	75070	4
2263	75071	4
2263	75237	4
2263	75307	4
2263	76107	4
2263	76205	4
2263	76566	4
2263	76758	4
2263	77303	4
2263	78566	4
2263	78904	4
2263	78924	4
2263	80119	4
2263	81115	4
2263	81331	4
2263	81333	4
2263	81341	4
2263	82736	4
2263	82740	4
2263	84407	4
2263	84408	4
2263	84409	4
2263	84410	4
2263	84412	4
2263	84413	4
2263	84415	4
2263	84416	4
2263	84418	4
2263	84421	4
2263	84425	4
2263	84426	4
2263	84428	4
2263	84429	4
2263	84430	4
2263	84431	4
2264	601	4
2264	9255	4
2264	23919	4
2264	24370	4
2264	24995	4
2264	44295	4
2264	45516	4
2264	73506	4
2264	73803	4
2265	190	4
2265	519	4
2265	690	4
2265	4586	4
2265	17253	4
2265	24371	4
2265	24607	4
2265	24612	4
2265	25424	4
2265	25492	4
2265	25570	4
2265	26043	4
2265	26306	4
2265	27689	4
2265	28261	4
2265	28427	4
2265	30792	4
2265	31418	4
2265	32283	4
2265	36906	4
2265	44296	4
2265	44297	4
2265	44298	4
2265	45517	4
2265	71987	4
2265	84434	4
2265	84435	4
2266	740	4
2266	4587	4
2266	12176	4
2266	24023	4
2266	26428	4
2266	28354	4
2266	44299	4
2266	71624	4
2266	72806	4
2267	8842	4
2267	12179	4
2267	19622	4
2267	23880	4
2267	23899	4
2267	24093	4
2267	24131	4
2267	24328	4
2267	24361	4
2267	24506	4
2267	24970	4
2267	25487	4
2267	26554	4
2267	26690	4
2267	26711	4
2267	27274	4
2267	27673	4
2267	28208	4
2267	28604	4
2267	29421	4
2267	30242	4
2267	31225	4
2267	32101	4
2267	34966	4
2267	36141	4
2267	45518	4
2267	71335	4
2267	84436	4
2267	84437	4
2268	11518	4
2268	20590	4
2268	23698	4
2268	23909	4
2268	24058	4
2268	24298	4
2268	24463	4
2268	24661	4
2268	24967	4
2268	25098	4
2268	25253	4
2268	25312	4
2268	25417	4
2268	25459	4
2268	25726	4
2268	26113	4
2268	26767	4
2268	26876	4
2268	29007	4
2268	29157	4
2268	30212	4
2268	30269	4
2268	30283	4
2268	32264	4
2268	33307	4
2269	27907	4
2269	29644	4
2269	30581	4
2269	31950	4
2269	44301	4
2269	44302	4
2270	11245	4
2270	18855	4
2270	23718	4
2270	24610	4
2270	25495	4
2270	26281	4
2270	27213	4
2270	27342	4
2270	30729	4
2270	32528	4
2270	72429	4
2270	74573	4
2270	84443	4
2271	191	4
2271	576	4
2271	742	4
2271	10712	4
2271	12125	4
2271	17255	4
2271	18830	4
2271	18872	4
2271	19167	4
2271	19615	4
2271	21678	4
2271	24015	4
2271	24384	4
2271	24697	4
2271	25363	4
2271	25366	4
2271	26076	4
2271	26214	4
2271	26825	4
2271	28333	4
2271	29508	4
2271	29517	4
2271	29524	4
2271	29528	4
2271	29530	4
2271	29532	4
2271	29534	4
2271	30684	4
2271	30767	4
2271	31780	4
2271	31786	4
2271	32100	4
2271	39387	4
2271	39961	4
2271	41023	4
2271	44305	4
2271	44308	4
2271	44310	4
2271	44315	4
2271	44318	4
2271	44320	4
2271	45520	4
2271	71842	4
2271	72990	4
2271	74062	4
2271	75376	4
2271	84450	4
2271	84453	4
2271	84454	4
2271	84456	4
2271	84457	4
2271	84460	4
2272	15972	4
2272	24028	4
2272	25023	4
2272	25865	4
2272	27560	4
2272	27601	4
2272	27676	4
2272	27693	4
2272	27714	4
2272	29701	4
2272	30118	4
2272	31447	4
2272	31615	4
2272	33913	4
2272	37785	4
2273	631	4
2273	7512	4
2273	17260	4
2273	20912	4
2273	27213	4
2273	33310	4
2273	38779	4
2273	42951	4
2273	43620	4
2273	71984	4
2273	77201	4
2273	84461	4
2274	24299	4
2274	30336	4
2274	30358	4
2274	34160	4
2274	44325	4
2274	44326	4
2275	26334	4
2275	71388	4
2276	15673	4
2276	23702	4
2276	23793	4
2276	24025	4
2276	24140	4
2276	25548	4
2276	26170	4
2276	27784	4
2276	28915	4
2276	29148	4
2276	31306	4
2276	33685	4
2276	37472	4
2277	65	4
2277	185	4
2277	228	4
2277	3337	4
2277	3792	4
2277	9707	4
2277	12193	4
2277	17133	4
2277	18815	4
2277	21684	4
2277	23711	4
2277	23904	4
2277	23934	4
2277	24035	4
2277	24052	4
2277	24058	4
2277	24096	4
2277	24293	4
2277	24323	4
2277	24689	4
2277	24929	4
2277	24964	4
2277	25115	4
2277	25391	4
2277	25443	4
2277	25575	4
2277	26124	4
2277	26422	4
2277	26434	4
2277	26783	4
2277	27521	4
2277	27940	4
2277	27973	4
2277	28895	4
2277	28912	4
2277	29012	4
2277	30102	4
2277	30629	4
2277	30744	4
2277	31227	4
2277	31258	4
2277	31628	4
2277	32012	4
2277	32466	4
2277	32766	4
2277	33690	4
2277	34400	4
2277	35898	4
2277	35942	4
2277	35950	4
2277	35978	4
2277	36276	4
2277	36543	4
2277	37046	4
2277	37769	4
2277	38140	4
2277	39495	4
2277	40684	4
2277	40926	4
2277	41914	4
2277	43818	4
2277	43973	4
2277	44336	4
2277	44340	4
2277	44343	4
2277	71214	4
2277	71216	4
2277	71273	4
2277	71452	4
2277	71809	4
2277	74619	4
2277	78284	4
2277	78555	4
2277	81407	4
2277	84477	4
2277	84479	4
2278	191	4
2278	248	4
2278	423	4
2278	424	4
2278	1097	4
2278	1349	4
2278	2539	4
2278	4596	4
2278	4597	4
2278	11042	4
2278	17262	4
2278	18817	4
2278	19072	4
2278	20286	4
2278	24386	4
2278	26039	4
2278	26583	4
2278	26837	4
2278	27160	4
2278	31722	4
2278	37867	4
2278	40838	4
2278	44348	4
2278	71744	4
2278	72171	4
2278	72751	4
2278	72768	4
2278	72823	4
2278	73598	4
2278	73676	4
2278	74231	4
2278	78999	4
2278	80300	4
2279	26485	4
2279	28548	4
2279	32451	4
2279	34238	4
2279	44352	4
2279	44354	4
2279	44355	4
2279	44358	4
2279	84487	4
2280	82	4
2280	730	4
2280	2210	4
2280	3197	4
2280	7834	4
2280	7940	4
2280	8950	4
2280	12206	4
2280	18902	4
2280	18917	4
2280	18945	4
2280	18949	4
2280	18991	4
2280	19018	4
2280	19359	4
2280	21687	4
2280	21688	4
2280	24122	4
2280	24133	4
2280	24179	4
2280	24182	4
2280	24183	4
2280	24188	4
2280	24202	4
2280	24270	4
2280	25011	4
2280	25067	4
2280	25082	4
2280	25190	4
2280	25346	4
2280	25524	4
2280	25562	4
2280	25685	4
2280	25692	4
2280	25697	4
2280	25756	4
2280	25764	4
2280	26781	4
2280	26785	4
2280	26790	4
2280	27057	4
2280	27238	4
2280	27271	4
2280	27381	4
2280	27546	4
2280	27836	4
2280	27979	4
2280	28419	4
2280	28468	4
2280	28527	4
2280	28617	4
2280	28632	4
2280	28657	4
2280	28849	4
2280	28885	4
2280	28931	4
2280	28954	4
2280	29029	4
2280	29064	4
2280	29429	4
2280	29944	4
2280	31035	4
2280	31112	4
2280	31272	4
2280	31862	4
2280	31983	4
2280	32058	4
2280	32062	4
2280	32647	4
2280	32678	4
2280	33588	4
2280	33661	4
2280	34354	4
2280	34623	4
2280	35047	4
2280	35149	4
2280	35169	4
2280	35256	4
2280	36165	4
2280	36196	4
2280	36242	4
2280	36245	4
2280	36249	4
2280	36483	4
2280	36493	4
2280	36498	4
2280	36502	4
2280	36693	4
2280	37150	4
2280	37686	4
2280	38201	4
2280	38300	4
2280	38378	4
2280	38439	4
2280	38869	4
2280	39211	4
2280	39214	4
2280	40269	4
2280	40740	4
2280	41069	4
2280	41086	4
2280	41250	4
2280	42625	4
2280	42627	4
2280	42887	4
2280	43197	4
2280	43202	4
2280	43799	4
2280	44366	4
2280	44368	4
2280	44369	4
2280	44371	4
2280	44372	4
2280	44374	4
2280	44376	4
2280	44377	4
2280	44378	4
2280	44380	4
2280	44383	4
2280	44387	4
2280	44388	4
2280	44390	4
2280	44393	4
2280	44398	4
2280	44399	4
2280	44401	4
2280	44402	4
2280	44403	4
2280	44404	4
2280	44405	4
2280	44406	4
2280	71212	4
2280	72451	4
2280	72646	4
2280	74055	4
2280	74990	4
2280	78962	4
2280	84489	4
2280	84492	4
2280	84494	4
2281	115	4
2281	287	4
2281	1822	4
2281	4601	4
2281	7890	4
2281	12209	4
2281	12210	4
2281	12211	4
2281	17266	4
2281	18841	4
2281	18884	4
2281	24498	4
2281	24717	4
2281	24729	4
2281	43595	4
2281	71634	4
2281	71957	4
2281	73914	4
2281	74046	4
2281	74778	4
2281	82392	4
2281	84496	4
2281	84499	4
2282	4605	4
2282	16331	4
2282	16991	4
2282	17269	4
2282	17270	4
2282	17274	4
2282	21689	4
2282	21690	4
2282	21691	4
2282	21694	4
2282	25622	4
2282	26406	4
2282	28490	4
2282	30237	4
2282	32270	4
2282	32466	4
2282	39060	4
2282	46679	4
2282	72592	4
2282	73572	4
2282	84506	4
2282	84509	4
2283	18843	4
2283	18974	4
2283	19139	4
2283	23729	4
2283	23793	4
2283	23901	4
2283	24198	4
2283	24293	4
2283	24361	4
2283	24691	4
2283	24697	4
2283	25345	4
2283	25575	4
2283	26214	4
2283	26219	4
2283	26406	4
2283	26416	4
2283	26532	4
2283	29121	4
2283	29528	4
2283	29941	4
2283	31625	4
2283	33023	4
2283	33338	4
2283	33700	4
2283	35732	4
2283	36122	4
2283	46679	4
2283	77180	4
2283	80077	4
2284	7691	4
2284	25443	4
2284	27023	4
2284	29012	4
2285	85	4
2285	370	4
2285	426	4
2285	695	4
2285	4287	4
2285	18818	4
2285	23780	4
2285	25891	4
2285	26712	4
2286	1190	4
2286	7720	4
2286	8684	4
2286	16377	4
2286	18927	4
2286	19034	4
2286	20412	4
2286	23690	4
2286	23814	4
2286	23889	4
2286	25065	4
2286	25073	4
2286	25084	4
2286	25102	4
2286	27627	4
2286	28203	4
2286	29698	4
2286	30176	4
2286	30791	4
2286	31703	4
2286	36975	4
2286	44414	4
2286	44820	4
2286	71212	4
2286	71892	4
2286	72185	4
2286	78540	4
2286	84511	4
2287	4486	4
2287	11833	4
2287	17211	4
2287	21696	4
2287	44415	4
2288	2796	4
2288	12216	4
2288	18844	4
2288	19240	4
2288	21699	4
2288	36353	4
2288	37183	4
2288	39042	4
2288	44420	4
2288	44422	4
2288	44423	4
2288	44424	4
2288	84518	4
2289	8519	4
2289	12217	4
2289	19091	4
2289	23976	4
2289	23982	4
2289	24023	4
2289	24048	4
2289	24068	4
2289	24105	4
2289	24277	4
2289	24335	4
2289	24340	4
2289	24384	4
2289	24427	4
2289	24441	4
2289	24467	4
2289	24685	4
2289	24689	4
2289	24724	4
2289	24760	4
2289	24831	4
2289	24955	4
2289	25012	4
2289	25098	4
2289	25273	4
2289	25300	4
2289	25369	4
2289	25506	4
2289	25575	4
2289	25808	4
2289	25841	4
2289	26108	4
2289	26197	4
2289	26437	4
2289	26446	4
2289	26450	4
2289	26515	4
2289	26564	4
2289	26686	4
2289	26828	4
2289	26923	4
2289	27480	4
2289	27500	4
2289	27529	4
2289	28149	4
2289	28349	4
2289	28488	4
2289	29278	4
2289	30483	4
2289	30587	4
2289	30913	4
2289	31372	4
2289	31761	4
2289	33992	4
2289	34086	4
2289	36719	4
2289	41415	4
2289	41776	4
2289	44426	4
2289	44427	4
2289	72347	4
2289	72938	4
2289	75394	4
2289	78853	4
2290	65	4
2290	89	4
2290	369	4
2290	744	4
2290	4609	4
2290	4610	4
2290	4611	4
2290	7615	4
2290	8199	4
2290	9021	4
2290	16317	4
2290	20973	4
2290	21700	4
2290	23775	4
2290	23776	4
2290	23780	4
2290	23783	4
2290	23786	4
2290	23822	4
2290	23866	4
2290	23871	4
2290	24094	4
2290	24103	4
2290	24114	4
2290	24115	4
2290	24329	4
2290	24443	4
2290	24514	4
2290	24540	4
2290	24563	4
2290	24569	4
2290	24578	4
2290	24580	4
2290	24584	4
2290	24587	4
2290	24589	4
2290	24594	4
2290	24600	4
2290	24721	4
2290	24895	4
2290	25034	4
2290	25194	4
2290	25256	4
2290	25382	4
2290	25397	4
2290	25476	4
2290	25482	4
2290	25492	4
2290	25508	4
2290	25600	4
2290	25835	4
2290	25851	4
2290	26031	4
2290	26500	4
2290	26523	4
2290	26542	4
2290	26592	4
2290	26596	4
2290	26635	4
2290	26659	4
2290	26683	4
2290	26698	4
2290	27029	4
2290	27039	4
2290	27050	4
2290	27054	4
2290	27108	4
2290	27280	4
2290	27371	4
2290	27479	4
2290	27487	4
2290	27489	4
2290	27621	4
2290	27674	4
2290	27907	4
2290	28210	4
2290	28211	4
2290	28331	4
2290	28420	4
2290	28426	4
2290	28572	4
2290	28637	4
2290	28693	4
2290	28694	4
2290	28712	4
2290	28774	4
2290	28779	4
2290	28956	4
2290	29111	4
2290	29156	4
2290	29332	4
2290	29339	4
2290	29342	4
2290	29349	4
2290	29351	4
2290	29355	4
2290	29700	4
2290	29751	4
2290	29951	4
2290	30283	4
2290	30787	4
2290	30790	4
2290	30794	4
2290	30795	4
2290	30919	4
2290	30920	4
2290	31258	4
2290	31796	4
2290	31838	4
2290	31956	4
2290	32095	4
2290	32110	4
2290	32127	4
2290	32220	4
2290	32510	4
2290	33685	4
2290	34194	4
2290	36205	4
2290	37434	4
2290	37741	4
2290	37762	4
2290	38598	4
2290	38823	4
2290	39553	4
2290	39583	4
2290	40065	4
2290	40354	4
2290	40990	4
2290	42821	4
2290	44439	4
2290	45059	4
2290	45521	4
2290	45522	4
2290	55580	4
2290	71228	4
2290	71259	4
2290	71389	4
2290	72002	4
2290	72017	4
2290	72081	4
2290	72392	4
2290	72813	4
2290	73784	4
2290	73799	4
2290	74432	4
2290	74760	4
2290	75218	4
2290	75251	4
2290	75715	4
2290	78524	4
2290	81537	4
2290	83016	4
2290	84520	4
2290	84524	4
2290	84525	4
2290	84527	4
2290	84530	4
2290	84531	4
2291	82	4
2291	137	4
2291	178	4
2291	184	4
2291	351	4
2291	399	4
2291	459	4
2291	798	4
2291	807	4
2291	847	4
2291	1171	4
2291	1175	4
2291	1451	4
2291	2091	4
2291	3674	4
2291	4615	4
2291	4617	4
2291	4620	4
2291	4621	4
2291	7742	4
2291	9166	4
2291	9783	4
2291	11702	4
2291	11785	4
2291	12056	4
2291	12223	4
2291	12227	4
2291	12229	4
2291	16209	4
2291	17280	4
2291	18818	4
2291	18841	4
2291	19026	4
2291	19106	4
2291	20779	4
2291	21703	4
2291	23891	4
2291	24171	4
2291	24173	4
2291	24186	4
2291	24187	4
2291	24195	4
2291	24522	4
2291	25147	4
2291	25315	4
2291	25327	4
2291	25336	4
2291	25355	4
2291	25364	4
2291	25562	4
2291	25634	4
2291	25682	4
2291	25683	4
2291	25698	4
2291	25753	4
2291	25837	4
2291	25948	4
2291	26412	4
2291	26613	4
2291	26661	4
2291	26750	4
2291	27037	4
2291	27065	4
2291	27067	4
2291	27083	4
2291	27901	4
2291	27920	4
2291	28449	4
2291	28500	4
2291	28790	4
2291	29360	4
2291	29715	4
2291	30726	4
2291	31145	4
2291	31775	4
2291	31959	4
2291	32819	4
2291	32823	4
2291	33528	4
2291	33995	4
2291	34942	4
2291	36315	4
2291	36749	4
2291	37661	4
2291	38067	4
2291	38068	4
2291	41219	4
2291	42316	4
2291	43633	4
2291	44446	4
2291	44449	4
2291	44451	4
2291	44452	4
2291	44453	4
2291	44454	4
2291	45524	4
2291	55002	4
2291	71259	4
2291	71287	4
2291	71337	4
2291	71564	4
2291	71660	4
2291	71661	4
2291	71664	4
2291	72056	4
2291	72057	4
2291	72233	4
2291	72613	4
2291	73203	4
2291	73294	4
2291	74850	4
2291	75491	4
2291	75520	4
2291	79806	4
2291	79810	4
2291	83379	4
2291	84220	4
2291	84400	4
2291	84536	4
2291	84538	4
2291	84540	4
2291	84542	4
2291	84544	4
2291	84545	4
2291	84546	4
2291	84549	4
2292	27	4
2292	29	4
2292	288	4
2292	358	4
2292	606	4
2292	698	4
2292	1249	4
2292	1538	4
2292	2764	4
2292	2771	4
2292	4178	4
2292	4623	4
2292	7915	4
2292	8311	4
2292	8590	4
2292	11071	4
2292	12231	4
2292	12236	4
2292	19005	4
2292	19100	4
2292	19233	4
2292	24148	4
2292	24242	4
2292	24430	4
2292	24530	4
2292	25102	4
2292	25144	4
2292	26506	4
2292	28430	4
2292	43960	4
2292	71400	4
2292	72886	4
2292	72958	4
2292	75155	4
2292	76755	4
2292	77252	4
2292	78580	4
2292	81244	4
2292	82094	4
2293	4625	4
2293	19771	4
2293	29032	4
2293	30016	4
2293	36673	4
2294	30571	4
2295	41178	4
2295	75856	4
2295	84559	4
2295	84560	4
2296	73	4
2296	1093	4
2296	2220	4
2296	4630	4
2296	25001	4
2296	28436	4
2296	32200	4
2296	44460	4
2296	82524	4
2296	83287	4
2297	9050	4
2297	12242	4
2297	17284	4
2297	19151	4
2297	32216	4
2297	32220	4
2297	35453	4
2297	37741	4
2297	38650	4
2297	42224	4
2297	42267	4
2297	44463	4
2297	84565	4
2297	84568	4
2298	1016	4
2298	1546	4
2298	19106	4
2298	19201	4
2298	24186	4
2298	24201	4
2298	24212	4
2298	25180	4
2298	25562	4
2298	25764	4
2298	25899	4
2298	27901	4
2298	27902	4
2298	37472	4
2298	71564	4
2298	71629	4
2298	84570	4
2299	4632	4
2299	12246	4
2299	23704	4
2299	24021	4
2299	24306	4
2299	24441	4
2299	24893	4
2299	25712	4
2299	26242	4
2299	26464	4
2299	28068	4
2299	28222	4
2299	28228	4
2299	28398	4
2299	28414	4
2299	28941	4
2299	29475	4
2299	29482	4
2299	29563	4
2299	29716	4
2299	29990	4
2299	30265	4
2299	30675	4
2299	31072	4
2299	31087	4
2299	31109	4
2299	33157	4
2299	33570	4
2299	38803	4
2299	39018	4
2299	41854	4
2299	42105	4
2299	71259	4
2299	76532	4
2299	80145	4
2299	84572	4
2300	23822	4
2300	23843	4
2300	23899	4
2300	26596	4
2300	28278	4
2300	33517	4
2301	26	4
2301	4633	4
2301	23808	4
2301	25543	4
2301	27027	4
2301	30023	4
2301	31348	4
2301	44470	4
2301	71241	4
2302	446	4
2302	503	4
2302	3709	4
2302	4634	4
2302	8645	4
2302	23746	4
2302	23887	4
2302	24007	4
2302	24386	4
2302	24429	4
2302	24430	4
2302	24555	4
2302	24629	4
2302	25144	4
2302	25145	4
2302	25211	4
2302	25230	4
2302	25647	4
2302	25747	4
2302	25765	4
2302	26287	4
2302	26536	4
2302	26705	4
2302	27615	4
2302	27976	4
2302	27984	4
2302	28440	4
2302	28585	4
2302	28658	4
2302	28846	4
2302	29396	4
2302	29648	4
2302	29961	4
2302	29981	4
2302	31713	4
2302	32236	4
2302	32368	4
2302	34003	4
2302	36830	4
2302	40692	4
2302	44473	4
2302	71359	4
2302	73500	4
2302	76744	4
2302	77449	4
2302	84575	4
2302	84576	4
2303	9187	4
2303	21307	4
2303	21707	4
2303	27740	4
2303	30190	4
2303	30451	4
2303	33161	4
2303	33305	4
2303	37845	4
2303	84581	4
2304	3835	4
2304	4635	4
2304	8933	4
2304	9119	4
2304	19019	4
2304	19020	4
2304	21093	4
2304	21709	4
2304	23786	4
2304	23803	4
2304	23817	4
2304	23827	4
2304	23830	4
2304	23842	4
2304	23862	4
2304	23892	4
2304	23893	4
2304	23943	4
2304	23977	4
2304	24006	4
2304	24012	4
2304	24074	4
2304	24106	4
2304	24128	4
2304	24293	4
2304	24351	4
2304	24357	4
2304	24623	4
2304	24632	4
2304	24857	4
2304	25043	4
2304	25144	4
2304	25146	4
2304	25286	4
2304	25290	4
2304	25295	4
2304	25297	4
2304	25300	4
2304	25471	4
2304	25536	4
2304	25633	4
2304	25815	4
2304	26413	4
2304	26416	4
2304	26506	4
2304	26523	4
2304	26585	4
2304	26816	4
2304	26817	4
2304	27002	4
2304	27220	4
2304	27242	4
2304	27411	4
2304	27549	4
2304	27555	4
2304	28306	4
2304	28320	4
2304	28322	4
2304	28342	4
2304	28352	4
2304	29567	4
2304	29982	4
2304	30636	4
2304	31266	4
2304	31424	4
2304	31650	4
2304	32195	4
2304	32364	4
2304	32725	4
2304	32988	4
2304	32990	4
2304	34068	4
2304	34317	4
2304	35280	4
2304	35287	4
2304	35504	4
2304	35538	4
2304	36558	4
2304	41280	4
2304	41786	4
2304	43051	4
2304	43467	4
2304	43705	4
2304	44481	4
2304	44482	4
2304	44483	4
2304	44484	4
2304	44486	4
2304	44487	4
2304	44488	4
2304	71810	4
2304	72526	4
2304	72974	4
2304	74449	4
2304	74590	4
2304	76942	4
2304	84585	4
2304	84586	4
2305	9253	4
2305	24399	4
2305	24404	4
2305	24720	4
2305	27493	4
2305	27557	4
2305	28079	4
2305	29786	4
2307	370	4
2307	423	4
2307	639	4
2307	673	4
2307	1923	4
2307	4638	4
2307	7509	4
2307	7579	4
2307	7626	4
2307	7639	4
2307	7851	4
2307	8332	4
2307	12259	4
2307	19192	4
2307	23773	4
2307	23777	4
2307	23778	4
2307	23781	4
2307	23783	4
2307	23807	4
2307	23808	4
2307	23813	4
2307	23815	4
2307	23816	4
2307	23826	4
2307	23830	4
2307	23855	4
2307	23862	4
2307	23872	4
2307	23894	4
2307	24130	4
2307	24131	4
2307	24227	4
2307	24435	4
2307	24554	4
2307	24579	4
2307	24627	4
2307	25026	4
2307	25145	4
2307	25216	4
2307	25218	4
2307	25480	4
2307	25481	4
2307	25489	4
2307	25499	4
2307	25647	4
2307	26337	4
2307	26363	4
2307	26515	4
2307	26517	4
2307	26535	4
2307	26547	4
2307	26592	4
2307	26800	4
2307	26839	4
2307	26996	4
2307	27003	4
2307	27014	4
2307	27022	4
2307	27211	4
2307	27449	4
2307	27522	4
2307	27680	4
2307	28212	4
2307	28259	4
2307	28289	4
2307	28436	4
2307	28449	4
2307	28451	4
2307	28933	4
2307	29545	4
2307	30215	4
2307	30787	4
2307	31248	4
2307	32193	4
2307	32335	4
2307	37380	4
2307	40057	4
2307	41357	4
2307	42371	4
2307	71314	4
2307	71397	4
2307	71401	4
2307	71416	4
2307	71554	4
2307	71627	4
2307	72161	4
2307	73441	4
2307	74449	4
2307	74472	4
2307	74589	4
2307	74630	4
2307	74809	4
2307	76660	4
2307	77694	4
2307	84593	4
2307	84594	4
2307	84595	4
2307	84596	4
2308	1866	4
2308	25997	4
2308	26146	4
2308	27196	4
2308	27308	4
2308	35197	4
2308	44495	4
2308	44498	4
2308	44499	4
2308	71217	4
2308	80115	4
2308	84599	4
2308	84601	4
2308	84602	4
2309	16	4
2309	12261	4
2309	25880	4
2309	28399	4
2309	28565	4
2309	39134	4
2309	44504	4
2309	83318	4
2309	84609	4
2310	186	4
2310	7691	4
2310	23791	4
2310	23914	4
2310	24057	4
2310	24076	4
2310	24332	4
2310	24795	4
2310	25446	4
2310	27527	4
2310	71306	4
2311	18840	4
2311	24269	4
2311	24713	4
2311	24899	4
2311	25309	4
2311	27285	4
2311	27483	4
2311	27974	4
2311	29011	4
2311	32765	4
2311	71622	4
2311	71625	4
2312	178	4
2312	1733	4
2312	4643	4
2312	17289	4
2312	17290	4
2312	18818	4
2312	19714	4
2312	21714	4
2312	23870	4
2312	27037	4
2312	28790	4
2312	29429	4
2312	42624	4
2312	45538	4
2312	45539	4
2312	71809	4
2312	71976	4
2312	72057	4
2312	72188	4
2312	72646	4
2312	73208	4
2312	73430	4
2312	73552	4
2312	77414	4
2312	79345	4
2312	83415	4
2312	83862	4
2312	84616	4
2312	84623	4
2312	84626	4
2312	84627	4
2313	5	4
2313	4645	4
2313	9790	4
2313	10395	4
2313	10624	4
2313	11100	4
2313	12269	4
2313	12271	4
2313	12272	4
2313	15677	4
2313	16583	4
2313	17133	4
2313	17293	4
2313	19560	4
2313	20238	4
2313	20770	4
2313	21717	4
2313	24035	4
2313	24064	4
2313	24096	4
2313	25059	4
2313	25067	4
2313	25312	4
2313	25575	4
2313	26183	4
2313	28031	4
2313	28894	4
2313	29180	4
2313	29191	4
2313	30915	4
2313	31620	4
2313	32051	4
2313	32069	4
2313	32472	4
2313	32521	4
2313	32525	4
2313	32584	4
2313	33453	4
2313	35015	4
2313	35772	4
2313	36523	4
2313	37303	4
2313	38333	4
2313	38359	4
2313	38870	4
2313	41072	4
2313	41074	4
2313	41079	4
2313	42576	4
2313	44510	4
2313	44512	4
2313	44513	4
2313	44515	4
2313	44516	4
2313	45539	4
2313	71214	4
2313	71432	4
2313	71479	4
2313	72268	4
2313	73444	4
2313	73914	4
2313	76938	4
2313	77056	4
2313	77057	4
2313	77250	4
2313	77294	4
2313	77418	4
2313	78935	4
2313	78938	4
2313	78944	4
2313	79312	4
2313	79870	4
2313	81426	4
2313	81427	4
2313	83779	4
2313	84630	4
2313	84634	4
2313	84638	4
2313	84640	4
2313	84642	4
2313	84649	4
2314	292	4
2314	12274	4
2314	12275	4
2314	19436	4
2314	23727	4
2314	23765	4
2314	26113	4
2314	26487	4
2314	26890	4
2314	27533	4
2314	28819	4
2314	29316	4
2314	34370	4
2314	44224	4
2314	71214	4
2314	75715	4
2314	81777	4
2315	54	4
2315	4173	4
2315	8007	4
2315	11432	4
2315	23697	4
2315	23793	4
2315	23800	4
2315	23801	4
2315	23897	4
2315	23974	4
2315	24023	4
2315	24028	4
2315	24044	4
2315	24050	4
2315	24058	4
2315	24262	4
2315	24639	4
2315	24739	4
2315	24745	4
2315	25253	4
2315	25548	4
2315	25727	4
2315	26923	4
2315	27023	4
2315	27510	4
2315	27612	4
2315	28892	4
2315	29140	4
2315	30587	4
2315	33987	4
2315	34747	4
2315	35369	4
2315	37357	4
2315	75944	4
2316	4649	4
2316	8922	4
2316	23859	4
2316	24506	4
2316	26310	4
2316	27115	4
2316	27592	4
2316	28208	4
2316	30186	4
2316	31279	4
2316	31423	4
2316	37257	4
2317	576	4
2317	17301	4
2317	19284	4
2317	19485	4
2317	21719	4
2317	32520	4
2317	36473	4
2317	39592	4
2317	39594	4
2317	39602	4
2317	39605	4
2317	42225	4
2317	42375	4
2317	42378	4
2317	44534	4
2317	44548	4
2317	44554	4
2317	44556	4
2317	44557	4
2317	44561	4
2318	973	4
2318	3968	4
2318	4655	4
2318	11078	4
2318	23698	4
2318	24441	4
2318	24465	4
2318	24857	4
2318	24958	4
2318	25098	4
2318	25458	4
2318	26111	4
2318	27207	4
2318	27372	4
2318	27500	4
2318	28637	4
2318	28892	4
2318	30974	4
2318	31522	4
2318	32224	4
2318	32699	4
2318	33945	4
2318	34524	4
2318	34544	4
2318	35455	4
2318	37268	4
2318	38650	4
2318	41165	4
2318	42061	4
2318	42293	4
2318	44564	4
2319	2083	4
2319	4658	4
2319	20691	4
2319	23911	4
2319	24063	4
2319	24307	4
2319	25435	4
2319	27587	4
2319	31183	4
2320	4660	4
2320	12280	4
2320	12281	4
2320	29356	4
2320	29952	4
2320	30835	4
2320	33694	4
2320	42198	4
2320	43912	4
2320	44568	4
2320	44572	4
2320	44573	4
2320	44575	4
2321	65	4
2321	514	4
2321	8028	4
2321	23755	4
2321	23910	4
2321	23913	4
2321	23918	4
2321	24031	4
2321	24050	4
2321	24096	4
2321	24356	4
2321	24503	4
2321	24510	4
2321	24699	4
2321	24702	4
2321	24712	4
2321	24721	4
2321	24813	4
2321	24865	4
2321	24902	4
2321	24903	4
2321	25317	4
2321	25378	4
2321	25382	4
2321	25398	4
2321	25441	4
2321	25514	4
2321	25723	4
2321	25878	4
2321	26070	4
2321	26163	4
2321	26254	4
2321	27122	4
2321	27375	4
2321	27477	4
2321	27692	4
2321	27779	4
2321	27786	4
2321	28647	4
2321	28803	4
2321	29558	4
2321	31630	4
2321	31928	4
2321	32149	4
2321	33074	4
2321	34850	4
2322	8263	4
2322	24200	4
2322	26228	4
2322	27035	4
2322	28175	4
2322	28898	4
2322	29635	4
2322	32914	4
2323	17310	4
2323	17311	4
2323	25046	4
2323	27598	4
2323	34988	4
2323	36141	4
2324	7987	4
2324	8304	4
2324	19189	4
2324	24111	4
2324	24702	4
2324	24899	4
2324	25400	4
2324	26563	4
2324	27940	4
2324	28060	4
2324	30264	4
2324	33826	4
2324	34068	4
2324	40364	4
2325	65	4
2325	411	4
2325	4667	4
2325	7532	4
2325	7715	4
2325	15677	4
2325	17320	4
2325	18812	4
2325	19123	4
2325	19505	4
2325	19812	4
2325	20718	4
2325	21729	4
2325	21730	4
2325	23698	4
2325	23787	4
2325	23800	4
2325	23898	4
2325	23911	4
2325	23923	4
2325	23931	4
2325	23938	4
2325	23993	4
2325	24024	4
2325	24031	4
2325	24048	4
2325	24058	4
2325	24064	4
2325	24066	4
2325	24070	4
2325	24101	4
2325	24268	4
2325	24274	4
2325	24276	4
2325	24322	4
2325	24366	4
2325	24375	4
2325	24402	4
2325	24432	4
2325	24464	4
2325	24702	4
2325	24721	4
2325	24822	4
2325	24899	4
2325	24964	4
2325	25046	4
2325	25059	4
2325	25098	4
2325	25209	4
2325	25305	4
2325	25437	4
2325	25448	4
2325	25589	4
2325	25607	4
2325	26061	4
2325	26131	4
2325	26448	4
2325	26481	4
2325	26483	4
2325	26625	4
2325	26771	4
2325	26874	4
2325	27023	4
2325	27397	4
2325	27401	4
2325	27484	4
2325	27678	4
2325	27726	4
2325	28060	4
2325	28208	4
2325	28995	4
2325	29155	4
2325	30001	4
2325	30125	4
2325	30134	4
2325	30178	4
2325	30571	4
2325	31206	4
2325	31240	4
2325	31283	4
2325	31628	4
2325	32469	4
2325	33316	4
2325	33692	4
2325	33714	4
2325	34513	4
2325	34618	4
2325	35425	4
2325	36025	4
2325	36372	4
2325	38025	4
2325	38894	4
2325	42995	4
2325	43881	4
2325	44588	4
2325	44590	4
2325	44591	4
2325	44592	4
2325	44593	4
2326	1244	4
2326	4668	4
2326	12295	4
2326	19247	4
2326	19428	4
2326	20006	4
2326	25560	4
2326	44596	4
2326	44597	4
2327	190	4
2327	473	4
2327	4669	4
2327	7500	4
2327	7906	4
2327	8332	4
2327	8830	4
2327	9388	4
2327	16476	4
2327	23776	4
2327	23781	4
2327	23862	4
2327	23885	4
2327	24006	4
2327	24047	4
2327	24412	4
2327	24519	4
2327	25249	4
2327	26410	4
2327	26523	4
2327	26531	4
2327	26547	4
2327	27003	4
2327	27436	4
2327	27673	4
2327	28118	4
2327	28259	4
2327	28289	4
2327	28446	4
2327	29527	4
2327	30553	4
2327	31234	4
2327	31265	4
2327	33763	4
2327	35441	4
2327	44600	4
2327	44601	4
2327	44858	4
2328	7519	4
2328	17325	4
2328	21735	4
2328	23883	4
2328	24050	4
2328	24690	4
2328	28446	4
2328	28621	4
2328	44603	4
2329	3942	4
2329	4671	4
2329	9578	4
2329	12253	4
2329	12302	4
2329	18815	4
2329	23764	4
2329	23793	4
2329	24059	4
2329	24465	4
2329	24503	4
2329	24859	4
2329	25201	4
2329	25391	4
2329	25607	4
2329	25956	4
2329	26097	4
2329	26510	4
2329	26964	4
2329	27329	4
2329	27509	4
2329	27527	4
2329	29142	4
2329	29241	4
2329	29406	4
2329	30283	4
2329	30736	4
2329	31926	4
2329	35462	4
2329	36616	4
2329	37568	4
2329	38600	4
2330	24155	4
2330	27406	4
2330	29775	4
2330	31164	4
2330	36378	4
2331	7554	4
2331	25602	4
2332	7881	4
2332	12307	4
2332	19018	4
2332	31750	4
2332	32226	4
2332	34153	4
2332	34545	4
2332	38419	4
2332	42265	4
2332	45550	4
2333	309	4
2333	409	4
2333	436	4
2333	466	4
2333	1176	4
2333	1951	4
2333	3590	4
2333	18922	4
2333	23873	4
2333	24144	4
2333	24148	4
2333	24162	4
2333	25067	4
2333	25210	4
2333	25214	4
2333	25217	4
2333	25563	4
2333	26469	4
2333	28081	4
2333	31692	4
2333	32040	4
2333	33629	4
2333	44001	4
2334	1111	4
2334	18812	4
2334	21738	4
2334	44609	4
2335	8034	4
2335	8439	4
2335	8972	4
2335	18819	4
2335	19346	4
2335	23834	4
2335	23883	4
2335	24009	4
2335	24533	4
2335	24618	4
2335	26308	4
2335	27153	4
2335	27178	4
2335	27180	4
2335	28420	4
2335	30529	4
2335	40842	4
2336	292	4
2336	968	4
2336	1395	4
2336	3685	4
2336	7693	4
2336	8751	4
2336	9572	4
2336	10329	4
2336	12310	4
2336	12311	4
2336	23787	4
2336	23801	4
2336	23802	4
2336	23927	4
2336	24044	4
2336	24062	4
2336	24344	4
2336	24839	4
2336	24902	4
2336	25124	4
2336	25382	4
2336	26238	4
2336	26243	4
2336	26573	4
2336	29644	4
2336	31180	4
2336	34876	4
2336	40979	4
2337	8104	4
2337	11496	4
2337	25194	4
2337	27029	4
2337	42487	4
2338	292	4
2338	24913	4
2338	24964	4
2338	25199	4
2338	25575	4
2338	25622	4
2338	25878	4
2338	29943	4
2338	32286	4
2338	34443	4
2339	216	4
2339	17327	4
2339	25183	4
2339	27069	4
2339	41554	4
2340	3483	4
2340	12314	4
2340	23704	4
2340	23754	4
2340	23781	4
2340	23815	4
2340	23899	4
2340	23905	4
2340	24094	4
2340	24160	4
2340	24540	4
2340	24627	4
2340	25365	4
2340	25458	4
2340	25492	4
2340	25508	4
2340	25635	4
2340	26364	4
2340	26457	4
2340	26535	4
2340	26753	4
2340	27022	4
2340	27034	4
2340	27164	4
2340	27513	4
2340	27989	4
2340	28106	4
2340	28306	4
2340	29945	4
2340	29948	4
2340	30185	4
2340	30242	4
2340	30604	4
2340	32616	4
2340	37108	4
2340	41788	4
2340	42229	4
2341	12315	4
2342	766	4
2342	24100	4
2342	24140	4
2342	25843	4
2342	25949	4
2343	29	4
2343	18927	4
2343	19029	4
2343	19037	4
2343	19076	4
2343	19763	4
2343	21740	4
2343	23806	4
2343	25018	4
2343	25560	4
2343	29341	4
2343	29597	4
2343	31655	4
2343	32429	4
2343	32595	4
2343	34639	4
2343	39549	4
2343	44162	4
2344	367	4
2344	24269	4
2344	24422	4
2344	24424	4
2344	24739	4
2344	25260	4
2344	25600	4
2344	26531	4
2344	27871	4
2344	34195	4
2344	44621	4
2345	2141	4
2345	7754	4
2345	9023	4
2345	11006	4
2345	23771	4
2345	24435	4
2345	24621	4
2345	26854	4
2345	27164	4
2345	27522	4
2345	36701	4
2347	12317	4
2347	23693	4
2347	28951	4
2347	30128	4
2347	31598	4
2347	38793	4
2348	861	4
2348	1171	4
2348	7600	4
2348	15747	4
2348	18875	4
2348	18949	4
2348	19098	4
2348	27714	4
2348	37968	4
2348	41559	4
2348	41561	4
2349	4676	4
2349	25210	4
2349	29633	4
2349	32775	4
2349	34309	4
2350	24096	4
2350	24655	4
2350	25457	4
2350	26416	4
2350	26496	4
2350	26831	4
2350	27971	4
2350	28041	4
2350	28389	4
2350	28481	4
2350	28941	4
2350	28945	4
2350	29482	4
2350	30450	4
2350	31109	4
2350	34845	4
2350	36238	4
2350	36761	4
2350	40210	4
2350	44625	4
2351	24058	4
2351	24375	4
2351	24714	4
2351	24876	4
2351	24965	4
2351	25089	4
2351	25206	4
2351	25249	4
2351	25506	4
2351	28478	4
2351	31283	4
2351	44627	4
2352	3772	4
2352	3843	4
2352	4678	4
2352	7663	4
2352	9908	4
2352	12319	4
2352	12320	4
2352	17330	4
2352	19131	4
2352	23721	4
2352	23919	4
2352	24023	4
2352	24122	4
2352	24951	4
2352	25185	4
2352	25347	4
2352	25764	4
2352	25837	4
2352	25935	4
2352	29738	4
2352	34912	4
2353	9522	4
2353	12322	4
2353	17331	4
2353	17332	4
2353	25556	4
2353	26231	4
2353	26730	4
2353	27555	4
2353	27573	4
2353	27899	4
2353	28419	4
2353	30726	4
2353	36678	4
2354	23810	4
2355	23734	4
2355	24165	4
2355	25204	4
2355	25556	4
2355	28790	4
2356	3034	4
2356	4683	4
2356	24328	4
2356	24902	4
2356	24945	4
2356	26251	4
2356	29295	4
2356	30754	4
2356	31518	4
2356	31620	4
2356	33692	4
2356	34474	4
2356	44637	4
2357	65	4
2357	3404	4
2357	23727	4
2357	23901	4
2357	23926	4
2357	24032	4
2357	24034	4
2357	24046	4
2357	24245	4
2357	24320	4
2357	24322	4
2357	24369	4
2357	24372	4
2357	24465	4
2357	24700	4
2357	24709	4
2357	24869	4
2357	24909	4
2357	25098	4
2357	25210	4
2357	25256	4
2357	25394	4
2357	25885	4
2357	26097	4
2357	26107	4
2357	26277	4
2357	26563	4
2357	27123	4
2357	27398	4
2357	27815	4
2357	29119	4
2357	29120	4
2357	29316	4
2357	29390	4
2357	35276	4
2357	44638	4
2357	44639	4
2357	44641	4
2358	1085	4
2358	4686	4
2358	7714	4
2358	7771	4
2358	8590	4
2358	9618	4
2358	18819	4
2358	18946	4
2358	19247	4
2358	23783	4
2358	23865	4
2358	23866	4
2358	23883	4
2358	23891	4
2358	24094	4
2358	24118	4
2358	24403	4
2358	24511	4
2358	24514	4
2358	24515	4
2358	24537	4
2358	24545	4
2358	24610	4
2358	24618	4
2358	24997	4
2358	25007	4
2358	25037	4
2358	25052	4
2358	25469	4
2358	25474	4
2358	25483	4
2358	25492	4
2358	25855	4
2358	26304	4
2358	26524	4
2358	26591	4
2358	26753	4
2358	27555	4
2358	27593	4
2358	27665	4
2358	27673	4
2358	27690	4
2358	28032	4
2358	28407	4
2358	30242	4
2358	32128	4
2358	35583	4
2359	94	4
2359	12326	4
2359	19100	4
2359	24421	4
2360	7552	4
2360	7900	4
2360	8300	4
2360	24293	4
2360	24637	4
2360	24839	4
2360	26067	4
2360	26244	4
2360	26434	4
2360	27584	4
2360	28816	4
2360	29128	4
2360	31760	4
2360	42109	4
2360	43099	4
2361	65	4
2361	4689	4
2361	10765	4
2361	12330	4
2361	12334	4
2361	19939	4
2361	19988	4
2361	23765	4
2361	24719	4
2361	25459	4
2361	25731	4
2361	27732	4
2361	27743	4
2361	27754	4
2361	27764	4
2361	28395	4
2361	29680	4
2361	30360	4
2361	30935	4
2361	31131	4
2361	33107	4
2361	33308	4
2361	34465	4
2361	37405	4
2361	37407	4
2361	37610	4
2361	38085	4
2361	39816	4
2361	39818	4
2361	40979	4
2361	44645	4
2361	44646	4
2361	44647	4
2361	44648	4
2361	44651	4
2361	44653	4
2361	44655	4
2361	44657	4
2361	45557	4
2362	3621	4
2362	27055	4
2362	38127	4
2362	44658	4
2362	44660	4
2362	44661	4
2362	44662	4
2363	7903	4
2364	4691	4
2364	8236	4
2365	11243	4
2366	9443	4
2368	1589	4
2368	8930	4
2368	9476	4
2368	10926	4
2368	12340	4
2368	12341	4
2368	44773	4
2368	45559	4
2368	45560	4
2369	3637	4
2369	4639	4
2369	8080	4
2369	12342	4
2370	903	4
2370	12345	4
2370	17336	4
2371	2335	4
2371	3882	4
2371	4703	4
2371	4704	4
2371	12346	4
2371	12347	4
2371	18815	4
2372	12351	4
2372	18917	4
2372	18922	4
2372	19131	4
2372	19283	4
2372	19296	4
2373	8095	4
2373	9623	4
2373	10076	4
2374	567	4
2374	10079	4
2374	12352	4
2374	12353	4
2375	12355	4
2376	21747	4
2378	19388	4
2378	45455	4
2378	45563	4
2379	4707	4
2379	7875	4
2379	7899	4
2379	12357	4
2380	18894	4
2380	21749	4
2381	903	4
2381	1548	4
2381	1761	4
2381	8704	4
2381	16114	4
2381	18830	4
2381	19019	4
2381	19030	4
2381	19098	4
2381	19123	4
2381	19247	4
2381	20365	4
2382	968	4
2383	4713	4
2383	21675	4
2384	2091	4
2384	12362	4
2386	11	4
2387	168	4
2387	441	4
2387	1804	4
2387	2525	4
2387	4717	4
2387	4718	4
2387	4719	4
2387	4721	4
2387	4722	4
2387	4723	4
2387	4724	4
2387	7991	4
2387	12363	4
2387	16347	4
2387	16353	4
2387	17344	4
2387	18943	4
2388	3300	4
2388	18884	4
2388	19560	4
2390	1640	4
2390	2379	4
2390	4458	4
2390	4725	4
2390	4729	4
2390	12367	4
2390	16151	4
2390	17345	4
2390	17346	4
2390	17349	4
2390	18890	4
2390	21753	4
2390	21754	4
2390	21757	4
2390	45566	4
2391	12370	4
2394	673	4
2394	1412	4
2394	12373	4
2396	424	4
2396	630	4
2396	983	4
2396	1164	4
2396	2932	4
2396	7585	4
2396	8609	4
2396	8748	4
2396	8820	4
2396	12378	4
2396	18831	4
2396	18873	4
2396	18923	4
2396	19131	4
2396	20006	4
2396	21763	4
2396	45570	4
2397	205	4
2397	399	4
2397	743	4
2397	1086	4
2397	4500	4
2397	19028	4
2397	20379	4
2397	21540	4
2399	43	4
2399	604	4
2399	9264	4
2399	15754	4
2399	18894	4
2399	18923	4
2401	311	4
2402	278	4
2402	2677	4
2402	4586	4
2402	4739	4
2402	4744	4
2402	16228	4
2402	19624	4
2402	21284	4
2402	45573	4
2403	17	4
2403	7586	4
2403	7923	4
2403	11228	4
2404	4748	4
2404	12390	4
2404	21770	4
2407	4749	4
2407	17361	4
2407	20628	4
2408	986	4
2408	1037	4
2408	2574	4
2408	18815	4
2408	18860	4
2408	19715	4
2408	20420	4
2408	21773	4
2408	21774	4
2409	117	4
2409	287	4
2409	870	4
2409	4030	4
2409	8559	4
2409	9433	4
2409	9573	4
2409	18838	4
2409	21775	4
2410	330	4
2410	336	4
2410	3216	4
2410	3219	4
2410	3860	4
2410	11613	4
2410	12395	4
2410	17363	4
2410	17365	4
2411	8617	4
2411	12272	4
2411	12397	4
2411	17366	4
2411	18819	4
2411	19158	4
2411	21236	4
2411	21781	4
2413	2406	4
2413	4753	4
2413	9396	4
2413	12401	4
2413	12404	4
2413	19179	4
2413	21784	4
2414	4281	4
2414	4756	4
2414	10028	4
2414	12405	4
2414	19392	4
2415	203	4
2416	336	4
2416	783	4
2416	3091	4
2416	4759	4
2416	18830	4
2416	21787	4
2416	21795	4
2417	409	4
2417	844	4
2417	898	4
2417	1546	4
2417	8908	4
2417	12412	4
2417	45585	4
2418	94	4
2418	720	4
2419	12415	4
2419	12417	4
2421	12419	4
2422	20473	4
2423	100	4
2424	8305	4
2424	16517	4
2425	717	4
2425	1409	4
2425	7576	4
2425	7996	4
2426	117	4
2427	409	4
2427	423	4
2427	2405	4
2427	4765	4
2428	4707	4
2430	4767	4
2431	179	4
2431	2652	4
2432	724	4
2432	1506	4
2432	2701	4
2432	4334	4
2432	4769	4
2432	4770	4
2432	8908	4
2432	12433	4
2432	19767	4
2433	7928	4
2433	19334	4
2433	19574	4
2433	21799	4
2434	3856	4
2435	1084	4
2435	8397	4
2435	9025	4
2435	12439	4
2435	19070	4
2436	312	4
2436	2025	4
2436	7684	4
2436	10200	4
2436	12440	4
2436	15804	4
2436	18830	4
2436	18942	4
2436	18949	4
2438	903	4
2438	2050	4
2438	2381	4
2438	2568	4
2438	4776	4
2439	804	4
2439	18949	4
2441	15819	4
2442	338	4
2442	3848	4
2442	4777	4
2442	4778	4
2442	4779	4
2442	4783	4
2442	4785	4
2442	7581	4
2442	9901	4
2442	10534	4
2442	10688	4
2442	12447	4
2442	15774	4
2442	17383	4
2442	17385	4
2442	18942	4
2442	19201	4
2442	20884	4
2442	21802	4
2442	44676	4
2442	45124	4
2443	1406	4
2443	17075	4
2443	19988	4
2444	4786	4
2444	4788	4
2444	4795	4
2444	4796	4
2444	19662	4
2444	21804	4
2444	21805	4
2444	21806	4
2444	21808	4
2444	21809	4
2444	21810	4
2444	21811	4
2445	11223	4
2446	205	4
2446	11638	4
2446	11863	4
2446	12452	4
2446	21344	4
2447	17388	4
2447	45594	4
2448	19288	4
2449	1	4
2449	451	4
2449	1097	4
2449	4583	4
2449	7518	4
2449	9088	4
2449	9560	4
2449	18901	4
2449	19008	4
2449	20320	4
2449	21127	4
2450	537	4
2450	1320	4
2450	2826	4
2450	4799	4
2450	7522	4
2450	7631	4
2450	8400	4
2450	9878	4
2450	12372	4
2450	15855	4
2450	18827	4
2450	21815	4
2451	7546	4
2451	16519	4
2452	21817	4
2453	65	4
2454	4800	4
2455	1824	4
2455	4803	4
2455	18974	4
2455	19020	4
2456	9346	4
2456	12462	4
2457	1460	4
2458	4808	4
2458	21823	4
2458	44665	4
2460	4336	4
2460	4810	4
2460	7505	4
2460	19737	4
2461	385	4
2461	7906	4
2461	11623	4
2463	236	4
2463	20590	4
2464	17254	4
2465	14	4
2465	17	4
2465	35	4
2465	360	4
2465	446	4
2465	744	4
2465	2768	4
2465	7562	4
2465	19096	4
2465	19192	4
2465	20462	4
2465	21093	4
2465	21827	4
2466	4811	4
2466	7874	4
2466	17398	4
2467	2175	4
2467	4812	4
2467	4813	4
2467	8285	4
2467	9364	4
2467	12471	4
2467	12475	4
2467	12479	4
2467	12480	4
2467	12483	4
2467	16230	4
2467	19215	4
2467	21830	4
2468	4814	4
2468	8287	4
2468	12486	4
2468	12487	4
2468	17400	4
2468	17401	4
2468	21832	4
2469	17	4
2469	1272	4
2469	1464	4
2469	2123	4
2469	4815	4
2469	4817	4
2469	7843	4
2469	9773	4
2469	11223	4
2469	12488	4
2469	12490	4
2469	12491	4
2469	15632	4
2469	18827	4
2469	18844	4
2469	19265	4
2469	21835	4
2470	4818	4
2470	11683	4
2471	622	4
2471	1209	4
2471	12492	4
2471	12493	4
2471	16573	4
2471	19989	4
2472	4820	4
2473	292	4
2474	567	4
2475	435	4
2475	733	4
2475	1734	4
2475	4822	4
2475	4825	4
2475	10291	4
2475	12497	4
2475	19282	4
2475	21839	4
2475	44750	4
2475	45598	4
2476	4519	4
2476	7891	4
2476	21841	4
2477	11470	4
2477	12501	4
2478	7628	4
2478	12081	4
2478	12504	4
2480	4828	4
2480	4831	4
2480	7555	4
2480	8640	4
2480	8742	4
2480	11163	4
2480	11953	4
2480	12510	4
2480	19723	4
2480	19812	4
2482	28	4
2482	746	4
2482	2839	4
2482	3593	4
2482	4832	4
2482	15745	4
2482	16480	4
2483	1782	4
2483	18893	4
2484	10939	4
2485	4834	4
2485	8655	4
2485	9743	4
2485	12514	4
2485	18923	4
2485	19205	4
2485	21843	4
2485	45294	4
2486	953	4
2486	18818	4
2486	18894	4
2486	21073	4
2487	844	4
2487	1100	4
2487	4836	4
2487	15804	4
2487	18832	4
2488	4587	4
2489	870	4
2489	998	4
2489	1152	4
2489	7752	4
2489	18886	4
2489	44811	4
2490	7	4
2490	27	4
2490	127	4
2490	318	4
2490	2281	4
2490	4095	4
2490	4839	4
2490	7754	4
2490	8590	4
2490	8877	4
2490	9121	4
2490	10114	4
2490	18949	4
2490	19340	4
2490	20377	4
2490	21845	4
2491	10807	4
2491	19049	4
2494	441	4
2494	8435	4
2494	12527	4
2494	18910	4
2495	3745	4
2495	18917	4
2495	19625	4
2496	12533	4
2496	20188	4
2497	205	4
2498	1132	4
2500	2069	4
2500	4848	4
2501	3377	4
2501	4849	4
2501	4852	4
2501	4854	4
2501	17410	4
2501	18967	4
2501	20431	4
2501	21849	4
2501	21853	4
2501	45546	4
2502	849	4
2502	3525	4
2502	4855	4
2502	8690	4
2502	12543	4
2503	19169	4
2503	21856	4
2504	3674	4
2505	10470	4
2505	18901	4
2505	21858	4
2506	4860	4
2507	18923	4
2508	94	4
2508	18946	4
2509	118	4
2509	304	4
2509	1051	4
2509	1981	4
2509	2643	4
2509	4299	4
2509	4861	4
2509	4863	4
2509	4865	4
2509	8899	4
2509	11197	4
2509	19081	4
2509	20540	4
2509	21861	4
2511	18922	4
2512	1504	4
2512	21298	4
2512	21867	4
2513	2420	4
2513	19020	4
2513	20294	4
2514	2412	4
2514	12557	4
2516	216	4
2516	3670	4
2516	4869	4
2516	12558	4
2516	12559	4
2516	45605	4
2517	535	4
2517	20095	4
2517	20335	4
2517	20860	4
2517	21874	4
2517	21875	4
2517	21876	4
2518	399	4
2518	7643	4
2518	8204	4
2518	12440	4
2518	12562	4
2518	18946	4
2518	19232	4
2519	21159	4
2520	1425	4
2521	226	4
2521	839	4
2522	31	4
2522	12564	4
2522	12565	4
2522	16800	4
2523	202	4
2524	766	4
2524	3745	4
2527	121	4
2527	344	4
2527	359	4
2527	1042	4
2529	359	4
2530	4881	4
2530	8306	4
2530	9085	4
2530	9997	4
2530	10305	4
2530	11686	4
2530	11856	4
2530	12569	4
2530	12572	4
2530	17422	4
2530	17423	4
2530	21884	4
2531	1037	4
2531	1693	4
2531	20159	4
2531	21664	4
2533	4701	4
2533	7907	4
2533	18812	4
2533	19917	4
2534	127	4
2534	19134	4
2538	10055	4
2539	4190	4
2540	72	4
2540	696	4
2540	3835	4
2540	18845	4
2540	19388	4
2542	4883	4
2542	12576	4
2542	17426	4
2542	19134	4
2542	21894	4
2543	1420	4
2543	10616	4
2544	14	4
2544	17	4
2544	94	4
2544	335	4
2544	581	4
2544	743	4
2544	952	4
2544	1209	4
2544	1464	4
2544	1659	4
2544	7519	4
2544	7626	4
2544	8104	4
2544	8200	4
2544	8590	4
2544	8645	4
2544	9008	4
2544	10746	4
2544	10777	4
2544	12577	4
2544	18818	4
2544	18947	4
2545	297	4
2545	17428	4
2545	21896	4
2545	21898	4
2546	4885	4
2546	7536	4
2546	21900	4
2547	117	4
2547	202	4
2547	18855	4
2548	2209	4
2548	8297	4
2548	8567	4
2548	20383	4
2549	4887	4
2550	4888	4
2550	4889	4
2550	19140	4
2550	19169	4
2550	44730	4
2551	4891	4
2551	7539	4
2551	8116	4
2551	9381	4
2551	17430	4
2551	18886	4
2551	18894	4
2551	21904	4
2551	45612	4
2552	31	4
2552	19167	4
2554	2961	4
2555	852	4
2555	7813	4
2556	0	4
2556	7506	4
2556	7698	4
2556	8519	4
2556	19129	4
2556	19290	4
2558	357	4
2558	2726	4
2558	4281	4
2558	4892	4
2558	10823	4
2558	11732	4
2558	12588	4
2558	18934	4
2558	18967	4
2558	44692	4
2561	191	4
2561	18896	4
2562	605	4
2562	7551	4
2562	15676	4
2563	1683	4
2563	2362	4
2563	3753	4
2563	4900	4
2563	4901	4
2563	17434	4
2563	17437	4
2563	19049	4
2563	21911	4
2565	8932	4
2565	10636	4
2566	189	4
2566	531	4
2566	8690	4
2566	12604	4
2566	12605	4
2566	21914	4
2567	12279	4
2567	12606	4
2567	12609	4
2567	17442	4
2567	21915	4
2567	45578	4
2568	309	4
2568	399	4
2569	3586	4
2569	8210	4
2569	8645	4
2569	8759	4
2570	4909	4
2570	4910	4
2570	4911	4
2570	12611	4
2570	12612	4
2570	12613	4
2570	17445	4
2570	17446	4
2570	17447	4
2570	19715	4
2570	21916	4
2571	214	4
2571	436	4
2571	581	4
2571	844	4
2571	2490	4
2571	3913	4
2571	12614	4
2571	12615	4
2571	17332	4
2571	18844	4
2571	18917	4
2571	18922	4
2571	18927	4
2571	19026	4
2571	19095	4
2571	19140	4
2571	19788	4
2571	20180	4
2571	21827	4
2572	3144	4
2572	4915	4
2572	12495	4
2572	12617	4
2572	19282	4
2572	19513	4
2572	21920	4
2572	45315	4
2573	1225	4
2573	3964	4
2573	4916	4
2573	8735	4
2573	10060	4
2573	12619	4
2573	12621	4
2573	21923	4
2573	45622	4
2573	45624	4
2573	45625	4
2574	673	4
2574	1774	4
2575	3830	4
2575	12624	4
2576	4918	4
2576	12627	4
2576	19098	4
2577	1768	4
2578	65	4
2578	300	4
2578	10599	4
2578	18886	4
2578	21930	4
2578	21931	4
2578	21932	4
2578	21933	4
2578	21934	4
2579	241	4
2579	1077	4
2580	4920	4
2580	4921	4
2580	8029	4
2580	17455	4
2580	17456	4
2580	18923	4
2580	21379	4
2581	137	4
2581	12632	4
2581	19026	4
2581	19201	4
2581	44801	4
2581	45626	4
2582	204	4
2582	8198	4
2584	7693	4
2584	21937	4
2585	3621	4
2585	12636	4
2585	21446	4
2585	45627	4
2587	4923	4
2587	19449	4
2588	21941	4
2589	18818	4
2589	21942	4
2590	12372	4
2593	4926	4
2593	12643	4
2593	12644	4
2593	20139	4
2595	2091	4
2595	3532	4
2596	1379	4
2596	17460	4
2597	7	4
2597	519	4
2597	12648	4
2597	12650	4
2597	12651	4
2597	17461	4
2597	18873	4
2597	18917	4
2598	1113	4
2598	1683	4
2598	1981	4
2598	4930	4
2598	12653	4
2598	18989	4
2599	21024	4
2600	8332	4
2600	9967	4
2600	12311	4
2600	12657	4
2601	4932	4
2601	4933	4
2601	8711	4
2601	18961	4
2601	21947	4
2602	1717	4
2602	21948	4
2602	21949	4
2603	3393	4
2604	7899	4
2604	11330	4
2605	65	4
2605	15677	4
2605	18818	4
2605	19485	4
2605	21580	4
2605	21951	4
2605	21952	4
2606	85	4
2606	4936	4
2606	12660	4
2606	12663	4
2606	19103	4
2608	837	4
2608	1608	4
2608	3514	4
2608	3532	4
2608	4940	4
2608	8197	4
2608	8457	4
2608	19247	4
2608	20580	4
2608	45630	4
2611	123	4
2611	1428	4
2611	4944	4
2611	7688	4
2611	11869	4
2611	12672	4
2611	18886	4
2611	18889	4
2611	44712	4
2611	45631	4
2612	4604	4
2612	4946	4
2612	8081	4
2613	85	4
2613	92	4
2613	850	4
2613	2065	4
2613	3627	4
2613	4667	4
2613	4947	4
2613	7522	4
2613	8111	4
2613	9964	4
2613	11149	4
2613	18867	4
2613	19241	4
2615	184	4
2615	4950	4
2615	9590	4
2616	4952	4
2616	4956	4
2616	4958	4
2616	8177	4
2616	10266	4
2616	19030	4
2616	21957	4
2617	4959	4
2617	21958	4
2618	20164	4
2619	236	4
2619	7910	4
2619	18812	4
2619	44857	4
2620	871	4
2620	8028	4
2620	18934	4
2620	19755	4
2621	16	4
2622	463	4
2622	18949	4
2622	19098	4
2622	19347	4
2622	19475	4
2623	137	4
2623	599	4
2623	15741	4
2624	202	4
2624	4965	4
2624	8433	4
2624	18838	4
2624	18894	4
2624	19041	4
2625	4967	4
2626	570	4
2626	1493	4
2626	4355	4
2626	4969	4
2626	12458	4
2626	17476	4
2626	18945	4
2626	19140	4
2626	19151	4
2627	9061	4
2628	659	4
2628	1241	4
2628	2491	4
2628	18996	4
2628	20336	4
2629	659	4
2629	8336	4
2629	19292	4
2629	19788	4
2630	287	4
2630	45637	4
2631	9	4
2631	248	4
2631	7615	4
2631	10077	4
2631	19096	4
2631	21966	4
2632	663	4
2632	4832	4
2632	4975	4
2633	3919	4
2633	4976	4
2633	19106	4
2633	19615	4
2634	1897	4
2634	2633	4
2635	15804	4
2636	1460	4
2636	7502	4
2636	7789	4
2636	10089	4
2636	10751	4
2636	18894	4
2636	19513	4
2637	468	4
2637	1063	4
2637	1073	4
2637	1778	4
2637	1791	4
2637	2633	4
2637	4979	4
2637	4980	4
2637	4982	4
2637	4984	4
2637	9677	4
2637	19078	4
2639	199	4
2639	2060	4
2641	2584	4
2641	20288	4
2642	9024	4
2642	11438	4
2642	12701	4
2642	12702	4
2642	12703	4
2642	19026	4
2643	548	4
2643	1905	4
2643	7777	4
2643	12706	4
2643	19434	4
2643	45639	4
2645	7	4
2645	72	4
2645	1272	4
2645	1389	4
2645	2088	4
2645	4988	4
2646	12711	4
2647	39	4
2647	72	4
2647	2235	4
2647	4056	4
2647	4989	4
2647	4992	4
2647	7915	4
2647	8102	4
2647	12506	4
2648	1717	4
2648	8167	4
2648	9049	4
2648	9297	4
2648	12713	4
2648	12720	4
2648	45338	4
2648	45642	4
2648	45643	4
2649	1816	4
2649	2518	4
2649	4993	4
2649	7891	4
2649	8077	4
2649	8290	4
2649	8899	4
2649	10795	4
2649	11109	4
2649	17483	4
2649	17484	4
2649	19049	4
2649	19129	4
2649	19260	4
2649	19261	4
2649	19749	4
2649	20371	4
2649	20540	4
2649	21972	4
2650	12723	4
2650	20674	4
2650	21973	4
2651	4996	4
2651	12724	4
2651	17485	4
2651	18943	4
2652	1159	4
2652	45607	4
2653	1654	4
2653	7506	4
2653	8862	4
2653	12726	4
2653	12727	4
2653	45253	4
2653	45646	4
2653	45647	4
2654	3098	4
2654	7692	4
2654	8103	4
2654	9857	4
2655	1062	4
2655	45031	4
2656	1285	4
2656	7733	4
2656	7735	4
2656	18846	4
2656	45198	4
2657	2992	4
2657	12115	4
2657	12728	4
2658	21977	4
2659	488	4
2659	16031	4
2659	21978	4
2660	4511	4
2660	5000	4
2660	20083	4
2661	1128	4
2661	12731	4
2662	599	4
2662	903	4
2662	1650	4
2662	2382	4
2662	18946	4
2662	19240	4
2663	7556	4
2664	5004	4
2665	185	4
2666	17491	4
2667	136	4
2667	437	4
2667	678	4
2667	1028	4
2667	1159	4
2667	1272	4
2667	1546	4
2667	3492	4
2668	1241	4
2668	19137	4
2669	42	4
2669	5010	4
2669	9805	4
2669	12737	4
2669	17193	4
2670	803	4
2670	15670	4
2671	19340	4
2671	21985	4
2672	7	4
2672	72	4
2672	2683	4
2672	5014	4
2672	9590	4
2672	18948	4
2672	19727	4
2672	20289	4
2672	20469	4
2672	21990	4
2673	4901	4
2674	1907	4
2674	18902	4
2675	7	4
2675	228	4
2675	1380	4
2675	16818	4
2675	18942	4
2676	300	4
2676	5017	4
2676	12723	4
2677	56	4
2677	15855	4
2677	17496	4
2677	21285	4
2678	4223	4
2678	11833	4
2678	18884	4
2678	18923	4
2678	19072	4
2678	21992	4
2679	317	4
2679	17497	4
2679	44815	4
2679	45652	4
2680	185	4
2680	204	4
2680	242	4
2680	871	4
2680	18818	4
2680	19098	4
2680	20943	4
2680	21994	4
2681	1824	4
2681	21998	4
2682	5022	4
2682	5023	4
2683	119	4
2683	5025	4
2683	8836	4
2683	10278	4
2683	20401	4
2684	132	4
2684	19422	4
2684	44708	4
2686	436	4
2686	9877	4
2686	12746	4
2686	19070	4
2686	20108	4
2686	22000	4
2687	8	4
2687	117	4
2687	139	4
2687	209	4
2687	217	4
2687	228	4
2687	313	4
2687	423	4
2687	723	4
2687	1260	4
2687	1295	4
2687	1598	4
2687	2826	4
2687	4502	4
2687	7571	4
2687	8244	4
2687	8398	4
2687	9280	4
2687	9811	4
2687	18945	4
2687	18946	4
2687	19140	4
2687	19513	4
2687	19737	4
2687	22001	4
2687	22002	4
2687	44969	4
2687	45653	4
2687	45655	4
2687	45656	4
2689	1596	4
2689	2701	4
2689	12751	4
2689	19180	4
2690	8286	4
2691	1010	4
2691	1570	4
2691	1967	4
2691	3800	4
2691	5034	4
2691	9292	4
2691	12756	4
2691	12759	4
2691	16065	4
2691	18967	4
2691	19526	4
2691	20619	4
2691	20625	4
2692	204	4
2692	2582	4
2693	21	4
2693	190	4
2693	320	4
2693	488	4
2693	606	4
2693	1271	4
2693	1835	4
2693	9024	4
2693	16261	4
2693	19005	4
2693	19201	4
2693	19948	4
2693	20221	4
2693	20412	4
2693	22010	4
2693	22011	4
2694	34	4
2694	5041	4
2694	8485	4
2694	9351	4
2694	12329	4
2694	18844	4
2694	18872	4
2694	19544	4
2694	20412	4
2694	20516	4
2694	21002	4
2694	22012	4
2694	22013	4
2694	22014	4
2695	13	4
2695	1409	4
2695	5044	4
2695	7626	4
2697	17	4
2697	488	4
2697	1189	4
2697	3122	4
2697	12492	4
2697	18841	4
2698	7591	4
2698	19513	4
2698	20908	4
2698	45660	4
2699	2071	4
2699	18934	4
2699	21136	4
2699	22020	4
2700	1759	4
2700	2228	4
2700	2385	4
2700	2564	4
2700	2568	4
2700	2569	4
2700	3120	4
2700	3852	4
2700	5046	4
2700	5047	4
2700	5052	4
2700	5054	4
2700	18858	4
2700	19034	4
2700	20218	4
2700	20363	4
2700	21835	4
2700	22021	4
2700	22022	4
2701	84	4
2701	2585	4
2701	12770	4
2701	19190	4
2702	1059	4
2702	5056	4
2702	9378	4
2702	19140	4
2702	22025	4
2702	22026	4
2703	2398	4
2703	22027	4
2704	189	4
2704	309	4
2704	1929	4
2704	7508	4
2704	7522	4
2704	7667	4
2704	8590	4
2704	8622	4
2704	9967	4
2704	18832	4
2704	22028	4
2706	9280	4
2707	20908	4
2708	446	4
2708	622	4
2708	1190	4
2708	2418	4
2708	2495	4
2708	5062	4
2708	10777	4
2709	65	4
2711	117	4
2711	18886	4
2712	7	4
2712	244	4
2712	499	4
2712	564	4
2712	1272	4
2712	1812	4
2712	4215	4
2712	5063	4
2712	5064	4
2712	7514	4
2712	7653	4
2712	7739	4
2712	7768	4
2712	8622	4
2712	19727	4
2712	21239	4
2712	22032	4
2713	691	4
2714	151	4
2714	183	4
2714	798	4
2714	2139	4
2714	4614	4
2714	5067	4
2714	5069	4
2714	5070	4
2714	5072	4
2714	8507	4
2714	12056	4
2714	12782	4
2714	12783	4
2714	17508	4
2714	17513	4
2714	18927	4
2714	18974	4
2714	18980	4
2714	19020	4
2714	19103	4
2714	19151	4
2714	20286	4
2714	21093	4
2714	21256	4
2714	22036	4
2714	22037	4
2714	22039	4
2715	5075	4
2716	17090	4
2716	19119	4
2718	689	4
2718	2687	4
2718	4310	4
2718	5077	4
2718	5078	4
2718	5079	4
2718	5080	4
2718	12786	4
2718	17515	4
2718	17516	4
2718	19086	4
2718	19128	4
2718	19283	4
2718	19288	4
2718	19653	4
2718	19662	4
2718	20259	4
2718	20413	4
2718	22042	4
2719	5	4
2719	202	4
2719	18884	4
2721	5085	4
2721	12787	4
2722	2930	4
2722	18872	4
2722	18950	4
2722	19080	4
2722	19140	4
2722	19622	4
2723	507	4
2723	9181	4
2724	317	4
2724	787	4
2724	3132	4
2724	5088	4
2724	8086	4
2724	11813	4
2724	12172	4
2724	12794	4
2724	12795	4
2724	12797	4
2724	19360	4
2724	19793	4
2724	22046	4
2725	573	4
2725	20487	4
2726	4059	4
2726	8017	4
2726	19291	4
2727	16	4
2728	5090	4
2729	3	4
2729	435	4
2729	466	4
2729	656	4
2729	663	4
2729	1507	4
2729	1728	4
2729	2124	4
2729	2749	4
2729	5091	4
2729	5092	4
2729	5095	4
2729	5097	4
2729	5099	4
2729	17518	4
2729	18946	4
2729	19271	4
2729	19383	4
2729	19425	4
2729	19897	4
2729	22050	4
2729	22051	4
2730	54	4
2731	17520	4
2731	22052	4
2731	45663	4
2732	8286	4
2732	20682	4
2733	7951	4
2733	10345	4
2733	17522	4
2733	20781	4
2734	72	4
2734	531	4
2734	8253	4
2734	8877	4
2735	2582	4
2736	2279	4
2736	7606	4
2736	12807	4
2736	17523	4
2736	20771	4
2737	3419	4
2738	984	4
2738	9023	4
2738	12068	4
2738	19072	4
2739	1	4
2740	519	4
2740	5105	4
2740	5106	4
2740	12809	4
2740	12810	4
2740	12811	4
2740	15694	4
2740	44737	4
2741	12812	4
2742	3425	4
2743	65	4
2743	117	4
2743	12815	4
2743	17526	4
2743	22056	4
2744	2153	4
2744	3091	4
2744	5108	4
2744	8672	4
2744	10689	4
2744	11623	4
2744	12817	4
2744	15632	4
2744	16480	4
2744	21587	4
2745	61	4
2745	318	4
2745	990	4
2745	1308	4
2745	2064	4
2745	5111	4
2745	5112	4
2745	5113	4
2745	10263	4
2745	12020	4
2745	19080	4
2745	19179	4
2745	19353	4
2745	19624	4
2745	20137	4
2745	22057	4
2746	43	4
2746	850	4
2746	1308	4
2746	2820	4
2746	3808	4
2746	3809	4
2746	5115	4
2746	7752	4
2746	8326	4
2746	9565	4
2746	15996	4
2746	17180	4
2746	17527	4
2746	18815	4
2746	18855	4
2746	18884	4
2746	19559	4
2746	20647	4
2747	186	4
2747	850	4
2747	8058	4
2747	18889	4
2747	19151	4
2748	1802	4
2748	5117	4
2748	15677	4
2748	18894	4
2748	19840	4
2748	21729	4
2748	22062	4
2749	9561	4
2750	317	4
2751	19005	4
2752	668	4
2752	7667	4
2752	8837	4
2753	5120	4
2753	12823	4
2753	22065	4
2754	17533	4
2755	272	4
2755	501	4
2755	677	4
2755	691	4
2755	7987	4
2755	8168	4
2755	10303	4
2755	12826	4
2756	82	4
2756	267	4
2756	1689	4
2756	3258	4
2756	3882	4
2756	3913	4
2756	5126	4
2756	5127	4
2756	5128	4
2756	5129	4
2756	18844	4
2756	19076	4
2756	19283	4
2756	19347	4
2756	19644	4
2756	22069	4
2757	9345	4
2758	477	4
2758	757	4
2758	4245	4
2758	5130	4
2758	10219	4
2758	12832	4
2758	12835	4
2758	17537	4
2758	19127	4
2758	22070	4
2759	18815	4
2759	18831	4
2759	19151	4
2759	20775	4
2759	21035	4
2759	21293	4
2760	185	4
2760	204	4
2760	707	4
2760	2740	4
2760	7890	4
2760	12013	4
2761	20522	4
2762	19382	4
2762	22073	4
2762	22074	4
2762	22075	4
2763	570	4
2763	5133	4
2763	12458	4
2763	18934	4
2764	12842	4
2764	18844	4
2765	841	4
2765	1185	4
2765	1558	4
2765	2910	4
2765	3443	4
2765	3855	4
2765	8990	4
2765	11061	4
2765	12845	4
2765	12848	4
2768	117	4
2768	20357	4
2770	115	4
2770	22079	4
2771	680	4
2771	19164	4
2771	20580	4
2773	0	4
2773	473	4
2773	744	4
2773	1765	4
2774	2319	4
2774	7628	4
2774	20643	4
2774	21237	4
2774	22080	4
2774	22081	4
2774	22082	4
2774	22083	4
2775	2196	4
2775	9484	4
2776	3025	4
2776	7729	4
2776	9351	4
2776	11970	4
2776	12792	4
2776	12854	4
2776	12856	4
2776	17347	4
2776	17546	4
2776	18830	4
2776	18872	4
2776	18917	4
2776	18946	4
2776	19201	4
2776	44934	4
2776	44940	4
2776	45667	4
2777	2168	4
2777	5126	4
2777	8496	4
2777	9590	4
2777	18825	4
2777	18982	4
2777	19344	4
2777	19365	4
2777	19832	4
2777	19877	4
2777	20345	4
2777	20998	4
2777	21351	4
2777	21412	4
2777	22090	4
2779	12859	4
2779	12860	4
2780	787	4
2780	1547	4
2780	1589	4
2780	3800	4
2780	9187	4
2780	22091	4
2782	522	4
2782	17549	4
2782	22093	4
2783	391	4
2783	3144	4
2783	5146	4
2783	18933	4
2784	5147	4
2784	12829	4
2784	12864	4
2784	18922	4
2784	18946	4
2784	21073	4
2786	12590	4
2787	438	4
2787	5148	4
2787	11556	4
2787	11650	4
2788	1310	4
2788	9508	4
2789	2057	4
2790	216	4
2790	17551	4
2790	45673	4
2791	5149	4
2791	15792	4
2792	2286	4
2793	12871	4
2793	12872	4
2793	12873	4
2793	12874	4
2793	12878	4
2794	782	4
2794	1948	4
2794	2283	4
2794	5152	4
2794	11420	4
2794	15677	4
2794	17557	4
2794	17562	4
2794	17565	4
2794	17566	4
2794	17567	4
2794	17568	4
2794	17569	4
2794	17570	4
2794	17571	4
2794	22099	4
2795	2252	4
2795	19749	4
2798	20382	4
2799	489	4
2799	5158	4
2799	9010	4
2799	10644	4
2799	10840	4
2799	10843	4
2799	11624	4
2799	12506	4
2799	12885	4
2799	17575	4
2800	8	4
2800	82	4
2800	148	4
2800	606	4
2800	5159	4
2800	22102	4
2801	1963	4
2801	7561	4
2801	8590	4
2801	11122	4
2801	12022	4
2801	12604	4
2801	12889	4
2802	309	4
2802	9590	4
2802	19352	4
2805	8906	4
2806	5160	4
2806	5162	4
2806	5164	4
2807	5166	4
2808	8005	4
2808	12894	4
2808	19020	4
2809	2306	4
2809	7555	4
2809	9809	4
2809	10326	4
2809	18818	4
2809	18877	4
2810	216	4
2810	2881	4
2810	9693	4
2810	20801	4
2810	22118	4
2810	22120	4
2811	250	4
2811	519	4
2811	671	4
2811	8849	4
2811	8875	4
2811	12641	4
2811	15860	4
2811	16884	4
2811	19808	4
2814	18	4
2814	8031	4
2814	9601	4
2814	9901	4
2814	12907	4
2814	12909	4
2814	16259	4
2814	16758	4
2814	18830	4
2815	17578	4
2815	18986	4
2816	18841	4
2817	19095	4
2817	19123	4
2817	19140	4
2817	19593	4
2818	11970	4
2819	691	4
2819	5177	4
2819	20069	4
2821	65	4
2821	553	4
2821	7875	4
2824	5178	4
2824	5179	4
2825	7	4
2825	423	4
2825	990	4
2825	1724	4
2825	2605	4
2825	3107	4
2825	7509	4
2825	17581	4
2825	18846	4
2825	19947	4
2825	20291	4
2826	7773	4
2827	33	4
2827	54	4
2827	2948	4
2827	3772	4
2827	7555	4
2827	7667	4
2827	8028	4
2827	10751	4
2827	12919	4
2827	18913	4
2827	19518	4
2827	19952	4
2827	22126	4
2827	44969	4
2828	7	4
2828	43	4
2828	723	4
2828	766	4
2828	786	4
2828	1183	4
2828	1429	4
2828	2525	4
2828	3101	4
2828	5187	4
2828	5188	4
2828	5195	4
2828	5197	4
2828	5198	4
2828	8563	4
2828	8932	4
2828	18845	4
2828	19070	4
2828	19232	4
2828	19327	4
2828	19929	4
2828	22109	4
2828	44818	4
2828	45681	4
2829	316	4
2829	1028	4
2829	8496	4
2829	16507	4
2829	18934	4
2829	18946	4
2829	19131	4
2829	19200	4
2829	19210	4
2829	19788	4
2829	21533	4
2829	22009	4
2830	0	4
2830	8675	4
2830	10789	4
2831	120	4
2831	277	4
2831	782	4
2831	12924	4
2832	13	4
2832	7509	4
2832	18844	4
2832	20024	4
2832	22134	4
2833	5200	4
2833	7740	4
2833	7829	4
2833	8104	4
2833	8111	4
2833	9119	4
2833	9784	4
2833	10185	4
2833	12930	4
2833	12931	4
2833	12933	4
2833	18923	4
2833	45240	4
2834	16	4
2834	18972	4
2834	19221	4
2835	22136	4
2836	5204	4
2836	19359	4
2837	7737	4
2837	8058	4
2837	12926	4
2839	1102	4
2839	1446	4
2839	2755	4
2839	7700	4
2839	12641	4
2839	12644	4
2839	45687	4
2840	877	4
2840	11730	4
2840	22139	4
2840	45688	4
2841	5206	4
2843	1401	4
2843	5208	4
2843	5209	4
2843	12939	4
2843	12940	4
2843	17592	4
2845	3882	4
2845	12941	4
2845	19146	4
2845	22141	4
2845	22142	4
2846	5213	4
2846	18818	4
2846	20401	4
2847	12943	4
2848	3815	4
2848	10168	4
2848	12945	4
2848	45063	4
2849	85	4
2849	267	4
2849	431	4
2849	1860	4
2849	2677	4
2849	2742	4
2849	4580	4
2849	5214	4
2849	5217	4
2849	5219	4
2849	5220	4
2849	9258	4
2849	12946	4
2849	12947	4
2849	12948	4
2849	12952	4
2849	17340	4
2849	17595	4
2849	18919	4
2849	19159	4
2849	19313	4
2849	22148	4
2849	22149	4
2850	82	4
2850	2747	4
2850	9819	4
2850	19105	4
2851	7548	4
2851	19119	4
2851	20717	4
2852	8534	4
2854	4463	4
2854	12957	4
2855	501	4
2856	525	4
2856	767	4
2856	2366	4
2856	10440	4
2856	12960	4
2856	19131	4
2856	19396	4
2856	22152	4
2856	45057	4
2858	7561	4
2858	7631	4
2858	10043	4
2859	1028	4
2859	11273	4
2860	74	4
2860	304	4
2860	8871	4
2862	1606	4
2862	3800	4
2862	4417	4
2862	7729	4
2862	8029	4
2862	8926	4
2862	12963	4
2862	12964	4
2862	19876	4
2863	607	4
2863	3835	4
2863	19005	4
2864	4466	4
2866	7	4
2866	72	4
2866	82	4
2866	441	4
2866	477	4
2866	519	4
2866	1312	4
2866	1824	4
2866	5228	4
2866	9396	4
2866	18818	4
2866	18866	4
2866	18949	4
2866	19034	4
2866	19078	4
2866	19358	4
2866	19559	4
2866	19631	4
2866	19947	4
2866	20137	4
2866	20441	4
2866	20469	4
2866	22016	4
2866	22155	4
2866	22159	4
2866	44753	4
2867	743	4
2867	2110	4
2867	2120	4
2867	2828	4
2867	7955	4
2867	9280	4
2867	11675	4
2867	12967	4
2867	15782	4
2867	19352	4
2869	137	4
2869	185	4
2869	411	4
2869	566	4
2869	780	4
2869	782	4
2869	1682	4
2869	1822	4
2869	3346	4
2869	3372	4
2869	3621	4
2869	3683	4
2869	3685	4
2869	4536	4
2869	4647	4
2869	5231	4
2869	5232	4
2869	5233	4
2869	5234	4
2869	5235	4
2869	5236	4
2869	5237	4
2869	5242	4
2869	5243	4
2869	5244	4
2869	5245	4
2869	10356	4
2869	15677	4
2869	17599	4
2869	18884	4
2869	18894	4
2869	19022	4
2869	19167	4
2869	19201	4
2869	20359	4
2869	22162	4
2870	4334	4
2870	12969	4
2870	22163	4
2872	190	4
2872	192	4
2872	2123	4
2872	9906	4
2872	11524	4
2872	12974	4
2872	16230	4
2872	18907	4
2872	19674	4
2872	44736	4
2872	44737	4
2873	8899	4
2874	708	4
2874	1546	4
2874	2008	4
2874	4273	4
2874	12976	4
2874	45233	4
2875	7	4
2875	18	4
2875	38	4
2875	82	4
2875	606	4
2875	631	4
2875	2088	4
2875	2832	4
2875	17492	4
2875	17602	4
2875	17603	4
2875	18967	4
2875	19131	4
2875	19820	4
2875	20190	4
2875	21236	4
2875	22166	4
2876	1	4
2876	46	4
2876	409	4
2877	205	4
2878	984	4
2878	8439	4
2878	12979	4
2878	18826	4
2879	1835	4
2879	3996	4
2879	12981	4
2879	18946	4
2880	207	4
2880	216	4
2880	521	4
2880	572	4
2880	5257	4
2880	7940	4
2880	10031	4
2880	10200	4
2881	3121	4
2882	3199	4
2882	8410	4
2882	9369	4
2882	9480	4
2882	10209	4
2882	10990	4
2882	11612	4
2882	12985	4
2882	12986	4
2882	12990	4
2882	12991	4
2882	18980	4
2882	20071	4
2882	21563	4
2882	22168	4
2883	19646	4
2884	5263	4
2884	12994	4
2885	15	4
2885	137	4
2885	385	4
2885	1065	4
2885	5265	4
2885	9287	4
2885	9402	4
2885	9748	4
2885	12550	4
2885	12996	4
2885	12997	4
2885	15783	4
2885	16906	4
2885	19274	4
2885	19346	4
2885	21539	4
2886	743	4
2887	1873	4
2889	1629	4
2890	5271	4
2890	5274	4
2890	7773	4
2890	8286	4
2890	8772	4
2890	9561	4
2890	17607	4
2890	18844	4
2890	19267	4
2890	20773	4
2891	287	4
2892	304	4
2892	5275	4
2892	19322	4
2893	1460	4
2893	2428	4
2893	5276	4
2893	5277	4
2893	7962	4
2893	13012	4
2893	22172	4
2893	45702	4
2894	1693	4
2895	684	4
2895	18899	4
2895	22173	4
2896	22175	4
2897	466	4
2897	2951	4
2897	9908	4
2898	5281	4
2898	13017	4
2898	19091	4
2898	22176	4
2899	78	4
2899	137	4
2899	7953	4
2899	8624	4
2899	44736	4
2900	5283	4
2901	9078	4
2901	9791	4
2901	10664	4
2901	12149	4
2901	18934	4
2901	22179	4
2901	45704	4
2902	5289	4
2902	5290	4
2902	21645	4
2902	22182	4
2903	31	4
2903	94	4
2903	289	4
2903	1063	4
2903	1192	4
2903	5291	4
2903	5292	4
2903	5293	4
2903	5295	4
2903	18818	4
2903	19812	4
2903	22184	4
2904	515	4
2904	581	4
2904	1251	4
2905	952	4
2905	7898	4
2905	19749	4
2905	45705	4
2906	5297	4
2906	13021	4
2906	19013	4
2909	1905	4
2909	1907	4
2909	3058	4
2909	5298	4
2909	18977	4
2910	3677	4
2911	5301	4
2911	16251	4
2911	16417	4
2913	20830	4
2914	9809	4
2914	9811	4
2914	13029	4
2914	19355	4
2914	44712	4
2914	45516	4
2915	292	4
2915	887	4
2915	3959	4
2915	13030	4
2915	13031	4
2916	125	4
2916	1428	4
2916	2435	4
2917	72	4
2917	435	4
2917	1546	4
2917	2747	4
2917	19271	4
2918	85	4
2918	424	4
2918	744	4
2918	758	4
2918	2024	4
2918	5308	4
2918	7800	4
2918	13033	4
2918	18830	4
2918	19288	4
2918	20156	4
2918	20580	4
2919	926	4
2919	19920	4
2919	20775	4
2919	22190	4
2919	22192	4
2919	22193	4
2920	2099	4
2920	5309	4
2920	5310	4
2920	22195	4
2921	1849	4
2921	13036	4
2923	7999	4
2923	22198	4
2924	5312	4
2924	17615	4
2924	18840	4
2924	45711	4
2926	5315	4
2929	1540	4
2929	13041	4
2929	22199	4
2930	7626	4
2930	15903	4
2931	475	4
2931	1047	4
2931	1902	4
2931	13044	4
2931	13048	4
2931	18811	4
2931	19723	4
2931	20903	4
2932	954	4
2932	1650	4
2932	2821	4
2932	3546	4
2932	3800	4
2932	7814	4
2932	8078	4
2932	8086	4
2932	9020	4
2932	9066	4
2932	9077	4
2932	9475	4
2932	11981	4
2932	12797	4
2932	13050	4
2932	13051	4
2932	13054	4
2932	17617	4
2932	19039	4
2932	19151	4
2932	19587	4
2932	20616	4
2932	44868	4
2933	17619	4
2934	94	4
2934	374	4
2934	423	4
2934	4223	4
2934	5323	4
2934	5324	4
2934	5326	4
2934	5327	4
2934	7584	4
2934	7809	4
2934	9136	4
2934	9470	4
2934	9590	4
2934	9911	4
2934	10704	4
2934	11171	4
2934	11702	4
2934	12640	4
2934	13055	4
2934	13060	4
2934	13061	4
2934	13062	4
2934	13063	4
2934	17620	4
2934	17621	4
2934	18845	4
2934	18932	4
2934	18982	4
2934	19200	4
2934	19675	4
2934	19991	4
2934	45227	4
2934	45230	4
2937	1037	4
2937	1717	4
2938	18923	4
2939	18840	4
2940	5145	4
2940	18951	4
2941	65	4
2941	567	4
2942	1538	4
2942	18840	4
2946	277	4
2946	436	4
2946	2283	4
2946	9976	4
2946	19290	4
2946	19632	4
2947	19041	4
2948	1014	4
2948	4521	4
2948	5339	4
2948	5342	4
2948	5343	4
2948	13072	4
2948	20352	4
2948	20815	4
2949	5344	4
2949	7659	4
2949	11243	4
2950	34	4
2950	1923	4
2950	15643	4
2950	16478	4
2950	19353	4
2950	19732	4
2951	9628	4
2952	43	4
2952	117	4
2952	7890	4
2952	18818	4
2953	4935	4
2955	8972	4
2955	13078	4
2955	18844	4
2955	18917	4
2955	44864	4
2956	11745	4
2956	20079	4
2956	22206	4
2957	22060	4
2960	148	4
2960	423	4
2960	489	4
2960	755	4
2960	7834	4
2960	7930	4
2960	8006	4
2960	11833	4
2960	12323	4
2960	18917	4
2960	18946	4
2961	411	4
2961	11313	4
2961	18963	4
2963	1724	4
2964	562	4
2964	1802	4
2964	18984	4
2964	19043	4
2964	19831	4
2965	7585	4
2965	13087	4
2966	1575	4
2968	5351	4
2968	19696	4
2968	45516	4
2970	13091	4
2970	21728	4
2970	22211	4
2971	12779	4
2972	125	4
2973	4173	4
2974	22213	4
2976	2286	4
2976	2317	4
2976	10118	4
2976	11858	4
2976	22056	4
2976	45718	4
2977	17638	4
2977	45516	4
2978	7506	4
2978	8244	4
2979	617	4
2980	3430	4
2980	9008	4
2980	13098	4
2980	13100	4
2980	13101	4
2980	13103	4
2981	5357	4
2982	148	4
2982	606	4
2982	5359	4
2982	5360	4
2982	9901	4
2982	12550	4
2982	13106	4
2982	19324	4
2982	44708	4
2982	45240	4
2985	155	4
2985	5364	4
2985	5365	4
2985	13110	4
2985	22217	4
2985	22219	4
2986	3915	4
2986	17640	4
2986	19274	4
2986	19426	4
2986	21767	4
2986	22220	4
2987	5367	4
2987	18987	4
2988	399	4
2988	1055	4
2988	19330	4
2989	1	4
2989	320	4
2989	5370	4
2989	13116	4
2989	15689	4
2989	19366	4
2989	22222	4
2990	2582	4
2991	17	4
2991	82	4
2991	216	4
2991	287	4
2991	766	4
2991	1099	4
2991	1307	4
2991	2351	4
2991	8219	4
2991	17647	4
2991	19014	4
2991	20152	4
2993	379	4
2993	5374	4
2993	5375	4
2993	7795	4
2993	7905	4
2993	8622	4
2993	9024	4
2993	9978	4
2993	11613	4
2993	12317	4
2993	13119	4
2993	13120	4
2993	13121	4
2993	13122	4
2993	18899	4
2993	19013	4
2993	19096	4
2993	19449	4
2993	19699	4
2993	21351	4
2993	22216	4
2995	17649	4
2996	46	4
2996	18830	4
2997	427	4
2997	8030	4
2997	8437	4
2997	9174	4
2997	9340	4
2997	13126	4
2997	18841	4
2997	22226	4
2997	44805	4
2997	44808	4
2997	44809	4
2998	4195	4
2999	4566	4
3000	5385	4
3000	20009	4
3000	21920	4
3000	45725	4
3001	639	4
3001	19106	4
3001	22229	4
3002	5386	4
3003	3777	4
3003	8496	4
3003	19336	4
3003	19355	4
3003	21698	4
3003	44766	4
3004	186	4
3004	10910	4
3005	28	4
3007	853	4
3007	11015	4
3009	117	4
3009	2947	4
3009	7551	4
3011	17653	4
3012	1152	4
3013	19189	4
3014	10106	4
3014	18815	4
3016	5389	4
3016	5390	4
3016	5391	4
3016	9305	4
3016	20445	4
3016	45470	4
3017	4544	4
3017	19167	4
3018	7509	4
3018	8078	4
3018	8431	4
3019	2024	4
3019	5392	4
3019	8641	4
3019	8908	4
3019	10751	4
3019	13139	4
3019	13141	4
3020	18885	4
3022	9177	4
3024	7684	4
3024	18945	4
3024	20126	4
3024	20694	4
3025	5396	4
3025	45728	4
3026	822	4
3026	1179	4
3026	7502	4
3026	9946	4
3026	17203	4
3026	19832	4
3026	22238	4
3026	45729	4
3027	54	4
3027	8949	4
3028	82	4
3028	130	4
3028	524	4
3028	1053	4
3028	1064	4
3028	17661	4
3028	45730	4
3029	8297	4
3029	13144	4
3029	20762	4
3029	21698	4
3029	22242	4
3029	22244	4
3030	5400	4
3030	22246	4
3031	13	4
3031	144	4
3032	4880	4
3032	13145	4
3032	13146	4
3035	117	4
3035	10806	4
3036	19291	4
3037	137	4
3037	250	4
3037	7643	4
3037	7762	4
3039	7555	4
3042	581	4
3042	3041	4
3042	13157	4
3042	13158	4
3042	18942	4
3042	21953	4
3042	45055	4
3042	45390	4
3042	45732	4
3042	45733	4
3042	45734	4
3043	744	4
3043	1717	4
3043	3763	4
3043	11591	4
3043	17670	4
3043	18827	4
3043	19285	4
3044	17672	4
3045	94	4
3045	3122	4
3045	45206	4
3046	1242	4
3046	2154	4
3046	2839	4
3046	21658	4
3046	45341	4
3047	418	4
3047	780	4
3047	960	4
3047	2754	4
3047	2934	4
3047	5424	4
3047	8496	4
3047	8497	4
3047	9168	4
3047	13177	4
3047	13185	4
3047	15804	4
3047	16549	4
3047	18991	4
3047	22257	4
3047	22258	4
3048	18908	4
3050	82	4
3050	184	4
3050	1101	4
3050	2752	4
3050	13193	4
3050	13198	4
3051	1671	4
3051	2017	4
3051	7917	4
3052	5368	4
3052	7675	4
3052	9995	4
3052	16683	4
3052	22192	4
3052	44855	4
3053	2204	4
3053	10301	4
3054	94	4
3054	576	4
3054	1258	4
3054	1566	4
3054	1685	4
3054	5330	4
3054	18819	4
3055	7906	4
3056	903	4
3056	12584	4
3056	21911	4
3057	2012	4
3057	5429	4
3057	7714	4
3059	5431	4
3059	7715	4
3059	15907	4
3060	5432	4
3060	5434	4
3060	5437	4
3060	5448	4
3060	5449	4
3060	5451	4
3060	5452	4
3060	5453	4
3060	5456	4
3060	13209	4
3060	17678	4
3060	17681	4
3060	17686	4
3060	22266	4
3060	22268	4
3060	22270	4
3060	22271	4
3060	22272	4
3060	22273	4
3060	22275	4
3061	426	4
3061	3122	4
3061	8457	4
3061	13213	4
3062	185	4
3062	186	4
3062	1063	4
3064	982	4
3064	17568	4
3064	18830	4
3064	18949	4
3064	19135	4
3064	19247	4
3064	19422	4
3064	19544	4
3064	20528	4
3064	21336	4
3064	21773	4
3064	22277	4
3065	175	4
3065	5459	4
3065	13216	4
3066	82	4
3066	313	4
3066	435	4
3066	18841	4
3067	3034	4
3068	609	4
3068	13218	4
3068	13219	4
3068	19131	4
3070	9420	4
3070	22283	4
3071	1482	4
3071	8173	4
3071	8932	4
3071	10408	4
3071	11984	4
3071	13221	4
3071	17431	4
3071	17693	4
3071	18885	4
3071	18967	4
3071	19986	4
3071	22286	4
3072	289	4
3072	9345	4
3072	13208	4
3073	5461	4
3074	26	4
3074	72	4
3074	127	4
3074	423	4
3074	451	4
3074	878	4
3074	1251	4
3074	1254	4
3074	1358	4
3074	5465	4
3074	5466	4
3074	5467	4
3074	7579	4
3074	7738	4
3074	8672	4
3074	8975	4
3074	9008	4
3074	11210	4
3074	12294	4
3074	13222	4
3074	13223	4
3074	16918	4
3074	18873	4
3074	19334	4
3074	20225	4
3074	44669	4
3074	45044	4
3074	45747	4
3075	5469	4
3075	13228	4
3076	7548	4
3077	11178	4
3077	13230	4
3078	867	4
3080	72	4
3080	22291	4
3081	5471	4
3081	18860	4
3081	18885	4
3082	18946	4
3083	94	4
3083	20428	4
3084	1346	4
3084	4612	4
3084	5473	4
3084	7725	4
3084	8842	4
3085	739	4
3086	72	4
3086	5474	4
3086	18815	4
3086	18924	4
3087	2091	4
3087	17698	4
3087	17699	4
3087	17700	4
3087	18844	4
3088	9687	4
3088	13238	4
3088	17701	4
3088	17702	4
3088	20517	4
3088	22297	4
3088	45753	4
3089	3420	4
3089	7586	4
3089	17705	4
3089	45166	4
3090	287	4
3090	1785	4
3090	4319	4
3090	11425	4
3090	45388	4
3091	304	4
3091	18987	4
3092	17706	4
3093	17707	4
3094	5478	4
3094	10740	4
3094	12520	4
3094	13244	4
3094	13246	4
3094	18843	4
3094	19026	4
3096	121	4
3096	16464	4
3097	72	4
3097	316	4
3097	7509	4
3097	7626	4
3097	19201	4
3098	19030	4
3100	444	4
3100	20807	4
3101	2990	4
3103	668	4
3103	707	4
3103	7667	4
3103	8958	4
3103	18860	4
3103	21101	4
3104	385	4
3104	1291	4
3104	1604	4
3104	2368	4
3104	2669	4
3104	2926	4
3104	5481	4
3104	8068	4
3104	8362	4
3104	9010	4
3104	18923	4
3104	18953	4
3104	19131	4
3104	19257	4
3104	19988	4
3104	20226	4
3104	20782	4
3104	44736	4
3104	44858	4
3106	1717	4
3106	2286	4
3106	3919	4
3106	20637	4
3107	31	4
3107	127	4
3107	5485	4
3107	7617	4
3107	7628	4
3107	9379	4
3108	18818	4
3109	12944	4
3109	17228	4
3109	18846	4
3110	94	4
3110	669	4
3110	2120	4
3110	3543	4
3110	4724	4
3110	7509	4
3110	8252	4
3110	8818	4
3110	19019	4
3110	19133	4
3110	19274	4
3110	19622	4
3110	20492	4
3111	13254	4
3112	906	4
3112	938	4
3112	5490	4
3112	5491	4
3112	19038	4
3112	20900	4
3113	540	4
3113	8014	4
3115	82	4
3115	2515	4
3115	4583	4
3115	10567	4
3115	15632	4
3115	18844	4
3117	669	4
3118	2900	4
3118	3608	4
3118	7638	4
3118	7761	4
3118	7951	4
3118	8827	4
3118	9712	4
3118	11359	4
3118	15689	4
3118	17172	4
3118	17714	4
3118	18917	4
3119	541	4
3119	691	4
3119	2152	4
3119	5496	4
3119	18825	4
3119	19104	4
3119	20170	4
3120	5498	4
3120	7697	4
3120	7875	4
3121	277	4
3121	5500	4
3121	5505	4
3122	8609	4
3122	11154	4
3122	44864	4
3123	1778	4
3123	3103	4
3123	5507	4
3123	7979	4
3123	9689	4
3123	13261	4
3123	19312	4
3124	117	4
3124	794	4
3124	1504	4
3124	1746	4
3124	3882	4
3124	13264	4
3124	18813	4
3124	18818	4
3125	31	4
3125	4293	4
3125	5511	4
3125	18987	4
3126	968	4
3126	10600	4
3126	11376	4
3126	13220	4
3126	13273	4
3126	44969	4
3127	691	4
3127	7715	4
3128	186	4
3128	13274	4
3128	22309	4
3130	3425	4
3130	5513	4
3130	17720	4
3130	17722	4
3130	19625	4
3131	216	4
3132	7	4
3132	190	4
3132	321	4
3132	333	4
3132	334	4
3132	778	4
3132	780	4
3132	1293	4
3132	10567	4
3132	16247	4
3132	19403	4
3132	22312	4
3132	45166	4
3134	505	4
3134	8519	4
3134	45552	4
3135	5518	4
3135	5520	4
3135	13284	4
3136	13286	4
3137	7	4
3137	519	4
3137	855	4
3137	3661	4
3137	5521	4
3137	5522	4
3137	7519	4
3137	7621	4
3137	7631	4
3137	7714	4
3137	8392	4
3137	8400	4
3137	8775	4
3137	9024	4
3137	9380	4
3137	9396	4
3137	10570	4
3137	13287	4
3137	13288	4
3137	17725	4
3137	18830	4
3137	18844	4
3137	21285	4
3137	44744	4
3139	668	4
3140	22313	4
3142	13295	4
3142	20413	4
3143	513	4
3143	1460	4
3143	7688	4
3143	13298	4
3143	13301	4
3145	4319	4
3146	7875	4
3146	12641	4
3148	3	4
3148	47	4
3148	1028	4
3148	2972	4
3148	3351	4
3148	5529	4
3148	16507	4
3148	17726	4
3148	20487	4
3149	1447	4
3149	13307	4
3149	17727	4
3150	3797	4
3151	622	4
3151	743	4
3151	7725	4
3152	583	4
3152	20629	4
3154	11235	4
3155	553	4
3155	677	4
3155	4086	4
3155	7925	4
3155	9349	4
3155	10079	4
3155	13090	4
3155	21732	4
3156	9420	4
3156	13311	4
3158	518	4
3158	576	4
3158	1460	4
3158	3344	4
3158	18815	4
3158	18841	4
3158	19205	4
3158	19374	4
3159	155	4
3160	2518	4
3160	5534	4
3160	18825	4
3160	18844	4
3160	18860	4
3160	18987	4
3160	19749	4
3160	44670	4
3160	45763	4
3161	45232	4
3162	204	4
3162	3919	4
3162	18894	4
3162	19189	4
3162	22322	4
3164	5539	4
3165	8286	4
3166	5540	4
3166	7834	4
3166	8847	4
3166	13320	4
3166	13321	4
3166	18922	4
3166	18942	4
3166	18945	4
3166	19352	4
3166	19425	4
3167	815	4
3168	5542	4
3169	2818	4
3169	8979	4
3170	65	4
3170	7826	4
3170	20744	4
3171	82	4
3171	154	4
3171	7649	4
3172	1934	4
3172	5543	4
3172	5544	4
3172	5546	4
3172	17733	4
3172	18849	4
3172	19864	4
3172	21039	4
3172	21294	4
3172	22329	4
3174	186	4
3174	507	4
3174	1783	4
3174	2254	4
3174	4831	4
3174	44913	4
3175	46	4
3175	1546	4
3175	11702	4
3176	17736	4
3178	357	4
3179	202	4
3180	123	4
3181	88	4
3181	1243	4
3181	1264	4
3181	1377	4
3181	1734	4
3181	2488	4
3181	2539	4
3181	3046	4
3181	8200	4
3181	19131	4
3182	2542	4
3182	19061	4
3183	592	4
3183	19332	4
3183	19336	4
3183	19771	4
3183	20017	4
3183	22330	4
3183	22331	4
3183	22332	4
3188	332	4
3188	7516	4
3188	7626	4
3188	7761	4
3188	7957	4
3188	8645	4
3188	11071	4
3188	13250	4
3188	13335	4
3188	13336	4
3188	18826	4
3188	19724	4
3188	19727	4
3188	45769	4
3189	5552	4
3189	8224	4
3191	435	4
3191	599	4
3191	7834	4
3191	8193	4
3192	210	4
3192	1305	4
3192	2355	4
3192	5555	4
3192	10334	4
3192	11194	4
3192	11652	4
3192	12587	4
3192	13344	4
3192	13345	4
3192	13351	4
3192	13352	4
3192	19624	4
3192	19684	4
3193	65	4
3193	204	4
3194	175	4
3194	299	4
3194	5556	4
3194	13353	4
3194	13354	4
3194	19631	4
3195	71	4
3195	1455	4
3195	5557	4
3195	17742	4
3195	17744	4
3195	20448	4
3195	21895	4
3195	22336	4
3197	3631	4
3197	18819	4
3198	162	4
3198	254	4
3198	370	4
3198	5559	4
3198	16551	4
3199	9609	4
3199	11237	4
3199	13357	4
3199	19075	4
3199	19146	4
3199	21544	4
3199	22166	4
3200	1785	4
3201	221	4
3201	7544	4
3203	22340	4
3204	371	4
3204	915	4
3204	16853	4
3204	18922	4
3204	18942	4
3205	13	4
3205	18900	4
3206	65	4
3206	11432	4
3207	2342	4
3207	10529	4
3208	287	4
3209	7516	4
3209	13361	4
3209	18922	4
3210	271	4
3210	1837	4
3210	2531	4
3210	2701	4
3210	3210	4
3210	3650	4
3210	3996	4
3210	4609	4
3210	5562	4
3210	5563	4
3210	5564	4
3210	5568	4
3210	5569	4
3210	5570	4
3210	5571	4
3210	5573	4
3210	9339	4
3210	19105	4
3210	19147	4
3210	19360	4
3210	19424	4
3210	20015	4
3211	72	4
3211	503	4
3211	1678	4
3211	7643	4
3211	19201	4
3212	54	4
3212	5028	4
3212	8286	4
3212	18818	4
3212	18894	4
3213	2193	4
3213	5577	4
3214	65	4
3215	18942	4
3215	22348	4
3217	473	4
3217	18917	4
3217	19106	4
3217	19132	4
3218	12770	4
3218	17747	4
3218	21417	4
3219	19748	4
3219	20835	4
3219	22351	4
3219	22352	4
3220	3882	4
3220	13357	4
3220	13367	4
3220	20862	4
3220	22353	4
3220	22356	4
3222	18923	4
3222	22359	4
3223	540	4
3224	18825	4
3224	18827	4
3224	19098	4
3224	19274	4
3225	9008	4
3227	258	4
3227	357	4
3227	399	4
3227	557	4
3227	586	4
3227	670	4
3227	778	4
3227	1037	4
3227	1063	4
3227	2850	4
3227	2995	4
3227	3008	4
3227	3210	4
3227	3826	4
3227	4133	4
3227	5586	4
3227	5587	4
3227	5588	4
3227	5589	4
3227	5590	4
3227	5591	4
3227	5593	4
3227	18840	4
3227	18841	4
3227	18866	4
3227	18894	4
3227	18908	4
3227	18967	4
3227	18975	4
3227	19035	4
3227	19146	4
3227	19199	4
3227	19609	4
3227	19879	4
3227	19986	4
3227	21206	4
3227	21228	4
3227	22362	4
3227	22363	4
3227	22365	4
3227	22366	4
3227	22367	4
3227	22371	4
3227	22372	4
3228	45290	4
3229	385	4
3229	435	4
3229	13373	4
3230	602	4
3230	855	4
3230	990	4
3230	7522	4
3230	10415	4
3230	15815	4
3230	18875	4
3230	18967	4
3231	31	4
3231	4293	4
3231	8869	4
3231	9574	4
3231	10119	4
3231	13376	4
3231	22373	4
3232	2125	4
3232	18840	4
3234	317	4
3234	1010	4
3234	13382	4
3235	5598	4
3235	5599	4
3235	7875	4
3235	8028	4
3235	8458	4
3235	15933	4
3235	18972	4
3235	18998	4
3235	19098	4
3235	19342	4
3235	19709	4
3235	19952	4
3235	22376	4
3236	5602	4
3236	5603	4
3236	45778	4
3237	43	4
3237	292	4
3237	5604	4
3237	7638	4
3237	9649	4
3237	12557	4
3237	19663	4
3238	385	4
3238	477	4
3238	2956	4
3238	3822	4
3238	3825	4
3238	5267	4
3238	17316	4
3238	19399	4
3238	19622	4
3239	709	4
3240	5115	4
3241	3431	4
3241	18830	4
3242	793	4
3242	7686	4
3242	8300	4
3243	7	4
3243	21467	4
3244	1591	4
3245	8219	4
3245	8322	4
3245	9136	4
3245	10282	4
3245	10847	4
3245	11702	4
3245	18830	4
3245	18923	4
3245	19355	4
3246	8958	4
3246	19257	4
3247	16734	4
3247	16798	4
3247	18838	4
3248	7996	4
3248	44897	4
3249	4198	4
3249	21019	4
3250	8300	4
3251	30	4
3252	2413	4
3252	5617	4
3253	17765	4
3254	17767	4
3254	17768	4
3254	17769	4
3254	19483	4
3254	20323	4
3254	20679	4
3254	22383	4
3254	22384	4
3254	22385	4
3254	22386	4
3254	22387	4
3254	22388	4
3255	8656	4
3255	9182	4
3255	9576	4
3255	9890	4
3255	10909	4
3255	13405	4
3255	19041	4
3255	20825	4
3255	21044	4
3256	2	4
3256	221	4
3256	2782	4
3256	8307	4
3256	9252	4
3256	22002	4
3256	45106	4
3256	45787	4
3257	696	4
3259	1785	4
3259	3539	4
3259	7503	4
3259	7916	4
3259	8044	4
3259	8862	4
3259	8871	4
3259	11866	4
3259	13010	4
3259	18885	4
3260	13409	4
3261	5628	4
3262	462	4
3262	13341	4
3263	252	4
3263	1395	4
3263	22294	4
3264	617	4
3264	5633	4
3264	11287	4
3265	520	4
3265	521	4
3265	767	4
3265	5634	4
3265	19448	4
3266	968	4
3266	8044	4
3266	18885	4
3266	19257	4
3267	839	4
3267	3425	4
3267	5636	4
3267	44909	4
3269	7763	4
3269	13416	4
3269	19131	4
3269	19712	4
3270	11	4
3271	521	4
3271	1028	4
3272	5644	4
3272	5645	4
3272	5646	4
3272	45791	4
3274	12976	4
3274	17777	4
3274	20978	4
3274	22396	4
3276	5647	4
3277	5649	4
3278	190	4
3278	3784	4
3279	13	4
3279	92	4
3279	317	4
3279	599	4
3279	853	4
3279	954	4
3279	1010	4
3279	1604	4
3279	1608	4
3279	1611	4
3279	1618	4
3279	1658	4
3279	3666	4
3279	3703	4
3279	4517	4
3279	4880	4
3279	5652	4
3279	5653	4
3279	5655	4
3279	5656	4
3279	5659	4
3279	5661	4
3279	7522	4
3279	7658	4
3279	7773	4
3279	7777	4
3279	7972	4
3279	8234	4
3279	8690	4
3279	8820	4
3279	9033	4
3279	9069	4
3279	9081	4
3279	9291	4
3279	9475	4
3279	11372	4
3279	12169	4
3279	13423	4
3279	13424	4
3279	13426	4
3279	13427	4
3279	13428	4
3279	13429	4
3279	13430	4
3279	17251	4
3279	17779	4
3279	17780	4
3279	17782	4
3279	17785	4
3279	17786	4
3279	18844	4
3279	18900	4
3279	18922	4
3279	19039	4
3279	19135	4
3279	19151	4
3279	19763	4
3279	19876	4
3279	19991	4
3279	20002	4
3279	20436	4
3279	20566	4
3279	21320	4
3279	21936	4
3279	22045	4
3279	22399	4
3279	22400	4
3279	45560	4
3279	45792	4
3279	45793	4
3281	8	4
3281	647	4
3281	5045	4
3281	18815	4
3282	211	4
3282	466	4
3282	5069	4
3282	11805	4
3282	13231	4
3282	13434	4
3282	22402	4
3284	143	4
3284	190	4
3284	850	4
3284	855	4
3284	2210	4
3284	7516	4
3284	7522	4
3284	7771	4
3284	7773	4
3284	8332	4
3284	8439	4
3284	9023	4
3284	9877	4
3284	11071	4
3284	17788	4
3284	18823	4
3284	18991	4
3284	19651	4
3284	22404	4
3284	45797	4
3287	1287	4
3287	21610	4
3288	2745	4
3288	5668	4
3288	13440	4
3288	13441	4
3288	22409	4
3288	44738	4
3291	5394	4
3292	259	4
3292	278	4
3292	385	4
3292	555	4
3292	637	4
3292	1055	4
3292	1063	4
3292	1796	4
3292	2405	4
3292	3698	4
3292	5675	4
3292	8544	4
3292	9143	4
3292	9689	4
3292	9972	4
3292	17793	4
3292	18866	4
3292	19030	4
3292	20860	4
3292	22411	4
3292	22412	4
3292	22415	4
3293	646	4
3293	7874	4
3293	8362	4
3294	250	4
3294	488	4
3294	1271	4
3294	8941	4
3295	186	4
3296	19522	4
3297	2227	4
3297	4062	4
3297	5680	4
3297	5681	4
3297	17794	4
3297	17795	4
3298	2740	4
3299	7	4
3299	8	4
3299	4085	4
3299	7561	4
3299	8371	4
3299	20450	4
3300	45798	4
3301	3831	4
3301	10602	4
3301	11944	4
3301	13459	4
3301	20678	4
3303	41	4
3303	1249	4
3303	10148	4
3303	11822	4
3306	1392	4
3306	1493	4
3306	5685	4
3306	5686	4
3306	19030	4
3306	21641	4
3306	44923	4
3307	5688	4
3308	599	4
3308	16819	4
3308	18962	4
3308	22422	4
3308	44897	4
3309	1392	4
3309	8900	4
3309	13470	4
3309	13471	4
3309	19532	4
3309	19967	4
3309	22424	4
3309	22425	4
3310	21453	4
3311	10204	4
3311	10704	4
3311	12640	4
3313	13473	4
3315	292	4
3315	4639	4
3315	7551	4
3315	7984	4
3315	8244	4
3315	8964	4
3315	10910	4
3315	19090	4
3316	631	4
3316	19076	4
3317	894	4
3318	115	4
3318	22429	4
3319	8035	4
3319	10084	4
3319	11305	4
3319	13478	4
3319	45770	4
3320	117	4
3320	567	4
3320	1822	4
3320	3971	4
3320	13480	4
3320	17799	4
3320	18834	4
3320	19505	4
3320	22433	4
3321	11324	4
3321	19121	4
3324	3798	4
3324	22434	4
3325	1504	4
3325	4512	4
3326	9344	4
3327	277	4
3327	4587	4
3327	10492	4
3327	11712	4
3329	403	4
3329	708	4
3329	12055	4
3329	16209	4
3329	18894	4
3329	22436	4
3330	5703	4
3330	13489	4
3330	13491	4
3330	13493	4
3330	17802	4
3330	17803	4
3330	17804	4
3330	17805	4
3330	17806	4
3330	21182	4
3330	45805	4
3330	45807	4
3331	16	4
3331	117	4
3331	8305	4
3331	9609	4
3332	72	4
3332	1548	4
3332	5705	4
3332	11438	4
3332	13495	4
3332	13497	4
3332	18830	4
3332	19469	4
3334	1802	4
3334	9834	4
3334	10751	4
3334	10807	4
3334	17748	4
3334	17808	4
3334	19625	4
3334	22443	4
3336	8641	4
3336	11417	4
3336	18974	4
3336	19757	4
3337	5707	4
3337	18894	4
3338	957	4
3338	4986	4
3338	7515	4
3338	8030	4
3338	15632	4
3338	19110	4
3338	19281	4
3338	19681	4
3338	20990	4
3339	1036	4
3339	4094	4
3339	13502	4
3339	17810	4
3339	18875	4
3339	19106	4
3339	19215	4
3339	21373	4
3340	287	4
3340	7503	4
3340	8795	4
3340	9699	4
3340	11277	4
3340	11612	4
3340	13504	4
3340	15636	4
3340	18812	4
3340	19257	4
3340	45505	4
3340	45810	4
3341	45728	4
3342	100	4
3342	601	4
3342	9782	4
3344	2556	4
3344	8259	4
3344	16818	4
3345	0	4
3345	73	4
3345	363	4
3345	364	4
3345	671	4
3345	850	4
3345	855	4
3345	1660	4
3345	2111	4
3345	4665	4
3345	7626	4
3345	8830	4
3345	10606	4
3345	11607	4
3345	15741	4
3345	19106	4
3345	20009	4
3345	45272	4
3346	8048	4
3346	19939	4
3348	65	4
3348	2016	4
3349	5712	4
3349	5713	4
3349	11820	4
3349	12749	4
3349	13510	4
3349	13511	4
3349	13512	4
3349	17813	4
3349	17814	4
3349	18841	4
3349	19660	4
3349	19693	4
3349	20762	4
3349	21437	4
3349	21940	4
3349	22444	4
3349	44866	4
3349	44956	4
3349	45812	4
3350	18936	4
3350	45813	4
3351	10221	4
3351	17819	4
3353	1678	4
3353	4235	4
3353	8683	4
3353	15689	4
3353	20118	4
3354	7662	4
3354	17254	4
3354	18917	4
3354	18922	4
3354	18942	4
3354	18946	4
3354	18949	4
3354	19098	4
3354	19106	4
3354	19140	4
3354	45818	4
3355	7	4
3355	17	4
3355	29	4
3355	38	4
3355	219	4
3355	278	4
3355	488	4
3355	576	4
3355	612	4
3355	816	4
3355	877	4
3355	1084	4
3355	1847	4
3355	2493	4
3355	2724	4
3355	3985	4
3355	5722	4
3355	7723	4
3355	13517	4
3355	13518	4
3355	13519	4
3355	15775	4
3355	15779	4
3355	15918	4
3355	16145	4
3355	17827	4
3355	17828	4
3355	17829	4
3355	18827	4
3355	19290	4
3355	19948	4
3355	20552	4
3355	21076	4
3355	21664	4
3355	21769	4
3355	22156	4
3355	22451	4
3355	22452	4
3355	22454	4
3355	22457	4
3355	22458	4
3355	22459	4
3355	22461	4
3355	22462	4
3356	278	4
3356	530	4
3356	651	4
3356	690	4
3356	2764	4
3356	19135	4
3356	19465	4
3356	19755	4
3356	45453	4
3357	10106	4
3358	126	4
3358	292	4
3358	1822	4
3358	11133	4
3360	13527	4
3360	13528	4
3360	22463	4
3360	22465	4
3361	984	4
3362	17	4
3362	423	4
3362	9008	4
3362	9396	4
3362	13529	4
3362	18860	4
3362	19637	4
3363	13532	4
3363	13533	4
3363	18818	4
3363	45820	4
3364	4192	4
3364	5730	4
3364	5731	4
3364	22470	4
3365	540	4
3367	489	4
3367	17725	4
3367	21745	4
3367	22473	4
3368	189	4
3368	8635	4
3368	9400	4
3368	13287	4
3368	13537	4
3368	18946	4
3368	19080	4
3368	19347	4
3368	22475	4
3369	854	4
3369	871	4
3369	2184	4
3369	9420	4
3369	9609	4
3369	17836	4
3369	19597	4
3369	22476	4
3370	5743	4
3370	13122	4
3372	185	4
3373	782	4
3373	22477	4
3375	5747	4
3376	12318	4
3376	13547	4
3377	5748	4
3377	7626	4
3377	13550	4
3377	20047	4
3377	22479	4
3377	22481	4
3379	9562	4
3379	18819	4
3379	19179	4
3380	72	4
3380	4717	4
3381	5753	4
3381	5754	4
3381	5756	4
3381	5758	4
3381	5762	4
3381	10900	4
3381	13552	4
3381	13555	4
3381	17843	4
3381	17844	4
3381	21170	4
3381	22165	4
3381	22170	4
3381	22485	4
3381	44964	4
3381	45743	4
3382	7714	4
3383	429	4
3383	2768	4
3383	9554	4
3384	691	4
3384	5767	4
3384	7567	4
3384	21543	4
3385	2060	4
3385	8029	4
3385	8801	4
3385	13557	4
3385	19195	4
3385	20213	4
3385	21201	4
3385	21368	4
3385	22487	4
3385	22490	4
3386	5768	4
3386	5769	4
3386	5770	4
3386	13558	4
3386	17848	4
3386	22491	4
3387	385	4
3387	5757	4
3388	2205	4
3389	3822	4
3389	16910	4
3390	1132	4
3390	19201	4
3390	19281	4
3390	22494	4
3391	94	4
3391	13569	4
3392	18	4
3392	19	4
3392	1272	4
3392	1528	4
3392	5774	4
3392	13573	4
3392	19587	4
3392	21573	4
3392	22302	4
3392	22497	4
3392	44728	4
3392	45831	4
3393	713	4
3393	1432	4
3393	4923	4
3393	13575	4
3393	13576	4
3393	17851	4
3393	18872	4
3393	18942	4
3393	19020	4
3393	19220	4
3393	19285	4
3393	19413	4
3393	21446	4
3393	22498	4
3394	945	4
3394	2141	4
3394	8751	4
3394	18844	4
3394	19292	4
3395	10764	4
3395	18841	4
3395	22501	4
3396	19841	4
3397	488	4
3397	1824	4
3397	10569	4
3397	18927	4
3398	1409	4
3398	9423	4
3398	11294	4
3398	19301	4
3399	65	4
3399	5780	4
3399	5781	4
3399	8625	4
3399	9576	4
3399	13580	4
3399	13581	4
3399	15754	4
3399	21959	4
3400	1151	4
3400	3197	4
3400	5783	4
3400	5784	4
3400	5785	4
3400	9305	4
3400	17167	4
3400	18844	4
3400	18946	4
3400	20218	4
3400	20333	4
3400	21529	4
3401	2623	4
3402	202	4
3402	913	4
3402	8958	4
3402	10492	4
3404	8286	4
3405	7756	4
3405	19080	4
3405	19359	4
3405	20770	4
3406	7752	4
3406	7890	4
3408	1039	4
3408	18841	4
3408	19091	4
3409	822	4
3409	3873	4
3409	13589	4
3409	17858	4
3409	19200	4
3409	44843	4
3410	155	4
3410	3188	4
3410	17225	4
3410	18866	4
3410	19127	4
3411	5792	4
3411	18922	4
3411	19070	4
3411	19100	4
3411	19639	4
3412	1247	4
3412	7567	4
3414	17866	4
3416	19271	4
3416	19593	4
3416	22508	4
3417	5800	4
3418	424	4
3418	3957	4
3419	5803	4
3419	5807	4
3419	5808	4
3419	19495	4
3420	795	4
3420	1662	4
3420	7984	4
3420	13598	4
3420	13599	4
3420	13600	4
3420	15907	4
3420	17871	4
3420	18967	4
3420	19129	4
3421	2022	4
3421	3919	4
3421	4153	4
3421	7698	4
3421	9264	4
3421	9696	4
3421	10368	4
3421	18815	4
3421	22513	4
3424	7552	4
3424	8640	4
3424	9567	4
3424	9728	4
3425	422	4
3425	3677	4
3426	7809	4
3427	13602	4
3428	1741	4
3428	22514	4
3429	1850	4
3429	2083	4
3429	3189	4
3429	7715	4
3430	137	4
3430	212	4
3430	468	4
3430	1051	4
3430	1101	4
3430	1321	4
3430	3143	4
3430	3201	4
3430	3309	4
3430	3739	4
3430	4705	4
3430	5217	4
3430	5815	4
3430	5816	4
3430	5817	4
3430	7860	4
3430	11149	4
3430	13608	4
3430	13612	4
3430	13615	4
3430	19078	4
3430	19135	4
3430	22516	4
3430	22517	4
3431	277	4
3431	1053	4
3431	1706	4
3431	1791	4
3431	1860	4
3431	2256	4
3431	2624	4
3431	5822	4
3431	9752	4
3431	10444	4
3431	15659	4
3431	16836	4
3431	20275	4
3431	45842	4
3431	45843	4
3432	94	4
3432	217	4
3432	760	4
3432	2848	4
3432	5824	4
3432	7576	4
3432	7586	4
3432	8237	4
3432	8451	4
3432	8496	4
3432	11631	4
3432	13620	4
3432	18927	4
3432	18949	4
3432	21017	4
3433	2927	4
3433	8674	4
3433	8899	4
3433	13623	4
3435	5825	4
3435	5827	4
3435	5828	4
3436	1211	4
3436	1717	4
3437	286	4
3437	11236	4
3439	514	4
3439	7552	4
3439	7605	4
3439	7687	4
3439	7697	4
3439	8534	4
3439	8853	4
3439	8958	4
3439	9609	4
3439	10958	4
3442	2657	4
3442	4810	4
3443	754	4
3443	2243	4
3443	5795	4
3443	7611	4
3443	9528	4
3443	18946	4
3443	19026	4
3443	19028	4
3443	19294	4
3443	20099	4
3445	3034	4
3445	4153	4
3445	7579	4
3446	137	4
3446	599	4
3446	3017	4
3446	5832	4
3446	7937	4
3446	12424	4
3446	13628	4
3446	16000	4
3446	16266	4
3446	19729	4
3446	21698	4
3446	22521	4
3447	423	4
3447	786	4
3447	855	4
3447	10790	4
3447	13632	4
3447	19138	4
3447	21945	4
3448	9424	4
3449	7	4
3449	1158	4
3450	78	4
3450	2056	4
3450	4086	4
3450	4286	4
3450	5834	4
3450	8204	4
3450	8624	4
3450	9222	4
3450	19039	4
3450	19311	4
3450	22045	4
3450	45352	4
3451	17	4
3451	162	4
3451	385	4
3451	423	4
3451	519	4
3451	535	4
3451	803	4
3451	1016	4
3451	1047	4
3451	1063	4
3451	1245	4
3451	2816	4
3451	4334	4
3451	5836	4
3451	5842	4
3451	7669	4
3451	7931	4
3451	8098	4
3451	9065	4
3451	9926	4
3451	10291	4
3451	13635	4
3451	13636	4
3451	13637	4
3451	13640	4
3451	13643	4
3451	15804	4
3451	17883	4
3451	17884	4
3451	18818	4
3451	18840	4
3451	18946	4
3451	18996	4
3451	19013	4
3451	19034	4
3452	4432	4
3452	5843	4
3452	9141	4
3452	10256	4
3452	22522	4
3453	5846	4
3454	1420	4
3454	7813	4
3454	10329	4
3454	11163	4
3454	18893	4
3455	7667	4
3455	7952	4
3455	8252	4
3455	10264	4
3456	5849	4
3456	19488	4
3456	21678	4
3456	22525	4
3457	127	4
3457	1859	4
3457	2123	4
3457	9103	4
3457	13033	4
3457	13650	4
3457	16252	4
3457	19353	4
3457	22526	4
3458	499	4
3458	599	4
3458	7522	4
3458	8590	4
3458	11524	4
3458	19358	4
3459	42	4
3459	73	4
3459	22328	4
3460	7502	4
3461	18841	4
3461	19980	4
3462	43	4
3462	8753	4
3462	10386	4
3463	5855	4
3465	16	4
3465	8298	4
3465	8658	4
3465	10033	4
3465	15676	4
3466	8690	4
3466	9289	4
3467	44711	4
3467	45121	4
3468	17159	4
3468	17888	4
3468	17889	4
3468	19359	4
3469	303	4
3469	485	4
3469	854	4
3469	2364	4
3469	5854	4
3469	5859	4
3469	13664	4
3469	17891	4
3469	17893	4
3469	19169	4
3469	22531	4
3470	367	4
3470	729	4
3471	186	4
3471	253	4
3471	514	4
3471	685	4
3471	7549	4
3471	7598	4
3471	8014	4
3471	8028	4
3471	11201	4
3471	13257	4
3471	17897	4
3471	18895	4
3472	773	4
3472	5861	4
3472	19384	4
3473	250	4
3473	5863	4
3473	18917	4
3473	18974	4
3475	357	4
3475	359	4
3476	4743	4
3476	4744	4
3476	5330	4
3476	5868	4
3476	5870	4
3476	5871	4
3476	5872	4
3476	8199	4
3476	17878	4
3476	19137	4
3476	22535	4
3476	45572	4
3476	45574	4
3476	45849	4
3477	94	4
3477	441	4
3477	15632	4
3477	19281	4
3478	599	4
3479	4075	4
3479	8766	4
3479	11603	4
3479	13666	4
3479	22536	4
3480	5873	4
3481	292	4
3482	1663	4
3482	18924	4
3483	1037	4
3483	13669	4
3483	13670	4
3483	17901	4
3483	17902	4
3483	22540	4
3483	22542	4
3486	367	4
3486	937	4
3486	8377	4
3486	9921	4
3486	17903	4
3486	19366	4
3486	19437	4
3486	20863	4
3486	21170	4
3486	22543	4
3486	44830	4
3487	13643	4
3487	13672	4
3487	19012	4
3487	22049	4
3488	7551	4
3488	11329	4
3488	20006	4
3490	289	4
3490	11417	4
3490	18812	4
3490	19340	4
3490	20246	4
3490	21728	4
3491	1758	4
3491	8439	4
3491	10079	4
3491	12372	4
3491	13381	4
3491	13676	4
3493	2998	4
3493	9011	4
3493	11103	4
3493	13678	4
3493	20770	4
3494	7	4
3494	435	4
3494	744	4
3494	1202	4
3494	5882	4
3494	8877	4
3494	9561	4
3494	12247	4
3494	15811	4
3494	15860	4
3494	19012	4
3494	19038	4
3494	19151	4
3494	19201	4
3494	19532	4
3494	20285	4
3494	21294	4
3494	22546	4
3494	22548	4
3494	44736	4
3494	44858	4
3494	45857	4
3495	65	4
3496	186	4
3496	252	4
3496	1395	4
3496	1873	4
3496	2184	4
3496	2266	4
3496	2543	4
3496	2978	4
3496	3337	4
3496	5003	4
3496	5513	4
3496	8433	4
3496	9287	4
3496	9402	4
3496	13684	4
3496	17916	4
3496	18841	4
3496	20718	4
3496	22549	4
3496	45858	4
3497	5667	4
3498	155	4
3498	4198	4
3498	4201	4
3498	4244	4
3498	4247	4
3498	4790	4
3498	5885	4
3498	13691	4
3498	13692	4
3498	17917	4
3498	22551	4
3499	267	4
3499	5889	4
3500	21	4
3500	192	4
3500	606	4
3500	1086	4
3500	11329	4
3501	1007	4
3502	2233	4
3502	2560	4
3502	5894	4
3502	5895	4
3502	5896	4
3502	5904	4
3502	5907	4
3502	5908	4
3502	17919	4
3502	17920	4
3502	17928	4
3502	17929	4
3502	18818	4
3502	18853	4
3502	18920	4
3502	19081	4
3502	19989	4
3502	22554	4
3502	22558	4
3502	22563	4
3502	45859	4
3503	595	4
3503	2070	4
3503	22569	4
3504	436	4
3504	2918	4
3505	657	4
3505	3245	4
3505	15774	4
3505	18942	4
3506	5912	4
3506	13704	4
3506	22570	4
3507	185	4
3507	4257	4
3507	19939	4
3507	44804	4
3507	44861	4
3508	5918	4
3508	8302	4
3508	8534	4
3508	10751	4
3508	17133	4
3508	22573	4
3510	2436	4
3510	3682	4
3510	17937	4
3510	19183	4
3510	20790	4
3510	22574	4
3511	1059	4
3511	1791	4
3511	9689	4
3511	9790	4
3514	5924	4
3514	7684	4
3514	13708	4
3514	13709	4
3514	18942	4
3514	20211	4
3514	21017	4
3514	22516	4
3516	477	4
3516	767	4
3516	916	4
3516	7658	4
3516	19106	4
3516	20108	4
3517	19792	4
3517	20162	4
3519	7699	4
3519	8829	4
3519	10958	4
3519	11719	4
3519	13135	4
3519	13712	4
3519	18841	4
3519	20892	4
3520	2518	4
3520	4030	4
3520	5931	4
3520	12422	4
3520	15906	4
3520	17941	4
3521	13715	4
3521	13716	4
3521	13717	4
3521	17942	4
3522	1346	4
3524	359	4
3524	10371	4
3526	444	4
3526	13724	4
3526	22261	4
3527	600	4
3527	1487	4
3527	3489	4
3527	5526	4
3527	5939	4
3527	8286	4
3527	11613	4
3527	17945	4
3527	22579	4
3528	2902	4
3528	4950	4
3528	19091	4
3528	21111	4
3529	189	4
3529	7522	4
3529	7640	4
3529	7863	4
3529	7996	4
3529	8770	4
3529	13726	4
3529	45140	4
3530	1370	4
3530	1451	4
3530	13728	4
3531	5944	4
3531	17946	4
3531	19026	4
3532	278	4
3532	1171	4
3532	3146	4
3532	8125	4
3532	10263	4
3532	13734	4
3532	17948	4
3532	19694	4
3532	20072	4
3532	22583	4
3533	1384	4
3533	5850	4
3533	5946	4
3533	13739	4
3533	17950	4
3533	18992	4
3533	19055	4
3533	45872	4
3534	35	4
3534	429	4
3534	1656	4
3534	7637	4
3534	8439	4
3534	8878	4
3534	10168	4
3534	12259	4
3534	18830	4
3534	20006	4
3534	44876	4
3535	5949	4
3535	7615	4
3537	5950	4
3539	744	4
3539	16253	4
3539	19460	4
3541	1393	4
3541	5952	4
3543	436	4
3543	1158	4
3543	12562	4
3543	19394	4
3544	741	4
3544	8899	4
3544	9096	4
3544	17953	4
3544	19485	4
3544	21731	4
3544	44730	4
3545	7752	4
3546	5953	4
3547	4477	4
3547	13747	4
3547	22585	4
3547	22586	4
3548	54	4
3549	7838	4
3549	8742	4
3549	44969	4
3551	4837	4
3552	1207	4
3552	7905	4
3552	13753	4
3552	19290	4
3552	45126	4
3552	45168	4
3553	616	4
3553	2816	4
3553	8509	4
3553	13758	4
3553	20671	4
3553	20903	4
3554	632	4
3554	7611	4
3554	10653	4
3554	12363	4
3555	8742	4
3555	19339	4
3556	257	4
3556	370	4
3556	422	4
3556	423	4
3556	459	4
3556	612	4
3556	1079	4
3556	1322	4
3556	2024	4
3556	3742	4
3556	4283	4
3556	5960	4
3556	7506	4
3556	9769	4
3556	13760	4
3556	13761	4
3556	16377	4
3556	17960	4
3556	18983	4
3556	19131	4
3556	21819	4
3556	21840	4
3556	45573	4
3556	45869	4
3557	11149	4
3558	7536	4
3558	7827	4
3558	10496	4
3558	12971	4
3559	8	4
3559	7639	4
3561	489	4
3561	2319	4
3562	2095	4
3563	498	4
3564	15	4
3564	7951	4
3564	8082	4
3564	8842	4
3564	9710	4
3564	10555	4
3564	11220	4
3564	20417	4
3564	45202	4
3565	13455	4
3565	45240	4
3566	7962	4
3567	13774	4
3567	18917	4
3568	100	4
3568	313	4
3569	5462	4
3569	13775	4
3571	5967	4
3571	5969	4
3571	10852	4
3571	11411	4
3571	12939	4
3571	13776	4
3571	13777	4
3571	13778	4
3571	13779	4
3571	13780	4
3571	13783	4
3571	19182	4
3571	20662	4
3571	22595	4
3571	22596	4
3571	45877	4
3572	8877	4
3572	12068	4
3572	13436	4
3573	602	4
3573	7898	4
3574	246	4
3576	8	4
3576	35	4
3576	132	4
3576	599	4
3576	5834	4
3576	5972	4
3576	15626	4
3577	5973	4
3578	787	4
3578	5975	4
3578	19844	4
3579	16	4
3580	5976	4
3581	65	4
3582	9778	4
3583	1073	4
3584	151	4
3584	3041	4
3584	4046	4
3584	18844	4
3584	18932	4
3584	19026	4
3584	19122	4
3584	19218	4
3584	19220	4
3584	19278	4
3584	19300	4
3584	20333	4
3584	22600	4
3587	19151	4
3587	22356	4
3588	3086	4
3588	5978	4
3588	7507	4
3588	10465	4
3588	13793	4
3588	18899	4
3588	19129	4
3588	21510	4
3589	10607	4
3589	10740	4
3589	21184	4
3590	2848	4
3590	5506	4
3590	19346	4
3592	8031	4
3592	9610	4
3592	9687	4
3592	9703	4
3592	13797	4
3592	17970	4
3592	19250	4
3592	19919	4
3593	1355	4
3593	3193	4
3593	5983	4
3593	10144	4
3593	13798	4
3593	13799	4
3593	18934	4
3593	19989	4
3593	20727	4
3594	641	4
3594	19205	4
3594	19353	4
3595	1623	4
3596	691	4
3596	9687	4
3597	16	4
3597	125	4
3597	707	4
3597	5987	4
3597	5988	4
3597	9722	4
3597	11899	4
3597	13801	4
3597	13802	4
3597	20473	4
3597	20915	4
3597	44673	4
3598	7876	4
3598	21122	4
3599	2574	4
3599	3300	4
3599	4230	4
3599	9774	4
3599	11278	4
3599	13804	4
3599	13805	4
3599	13806	4
3599	19859	4
3599	22611	4
3599	22612	4
3600	278	4
3600	542	4
3600	891	4
3600	2047	4
3600	5991	4
3600	7963	4
3600	15746	4
3600	19624	4
3600	20335	4
3601	571	4
3601	1483	4
3601	7519	4
3601	13810	4
3601	13812	4
3601	19839	4
3601	19876	4
3601	19989	4
3601	22481	4
3601	22614	4
3602	267	4
3602	278	4
3602	1037	4
3602	2073	4
3602	2840	4
3602	7562	4
3602	10712	4
3602	13639	4
3602	13814	4
3602	13815	4
3602	15804	4
3602	18919	4
3602	19322	4
3602	21873	4
3602	22617	4
3602	44919	4
3602	45233	4
3603	17660	4
3604	2	4
3604	58	4
3604	236	4
3604	333	4
3604	1063	4
3604	2490	4
3604	4274	4
3604	5995	4
3604	19034	4
3604	22619	4
3604	22620	4
3605	19290	4
3607	3510	4
3607	10932	4
3607	13818	4
3607	13821	4
3607	17974	4
3607	17976	4
3607	17978	4
3607	17979	4
3607	18825	4
3607	18830	4
3607	18932	4
3607	18949	4
3607	19019	4
3607	19091	4
3607	19098	4
3607	19106	4
3607	19108	4
3607	19140	4
3607	19151	4
3607	19247	4
3607	19278	4
3607	19282	4
3607	19283	4
3607	19295	4
3607	19347	4
3607	19710	4
3607	19729	4
3607	20020	4
3607	20126	4
3607	20470	4
3607	21038	4
3607	21055	4
3607	21819	4
3607	22625	4
3608	12035	4
3609	2640	4
3609	6007	4
3609	8528	4
3609	13261	4
3609	19291	4
3609	22629	4
3611	19723	4
3612	594	4
3612	595	4
3612	13828	4
3612	13829	4
3612	18917	4
3612	22631	4
3612	44720	4
3612	45880	4
3613	85	4
3613	259	4
3613	459	4
3613	475	4
3613	19020	4
3613	44810	4
3614	1141	4
3614	13831	4
3614	17981	4
3614	22632	4
3615	3844	4
3616	435	4
3616	13834	4
3616	18825	4
3616	18974	4
3618	2575	4
3619	19020	4
3619	19122	4
3621	18884	4
3622	847	4
3622	8306	4
3622	11324	4
3622	21701	4
3622	45315	4
3624	278	4
3624	11112	4
3625	252	4
3626	7	4
3626	1608	4
3626	18819	4
3626	18946	4
3626	19096	4
3626	19347	4
3626	22021	4
3628	560	4
3628	767	4
3628	1159	4
3628	4334	4
3628	8107	4
3628	9781	4
3628	10458	4
3628	17984	4
3628	18844	4
3628	19798	4
3629	12011	4
3632	5026	4
3633	436	4
3633	476	4
3633	1121	4
3633	1180	4
3633	2153	4
3633	6012	4
3633	13848	4
3633	17537	4
3633	19041	4
3634	435	4
3634	18825	4
3634	45227	4
3636	18838	4
3636	19513	4
3637	557	4
3637	13852	4
3637	19205	4
3637	19250	4
3637	20574	4
3638	13854	4
3638	18819	4
3638	18841	4
3638	18887	4
3638	19058	4
3638	19663	4
3638	19962	4
3638	21962	4
3639	4351	4
3641	262	4
3641	1370	4
3641	12184	4
3641	13860	4
3641	13861	4
3641	17017	4
3641	22648	4
3642	45101	4
3643	214	4
3643	262	4
3643	435	4
3643	733	4
3643	1171	4
3643	4822	4
3643	4825	4
3643	6016	4
3643	8347	4
3643	19637	4
3643	20291	4
3643	21839	4
3643	44750	4
3643	45406	4
3643	45598	4
3644	541	4
3646	1966	4
3646	6021	4
3646	8610	4
3646	9192	4
3646	17987	4
3646	18818	4
3646	19035	4
3646	19292	4
3647	6022	4
3648	540	4
3648	21904	4
3649	673	4
3649	22129	4
3650	7577	4
3650	8767	4
3650	9968	4
3650	19675	4
3650	19925	4
3650	20285	4
3650	22159	4
3651	85	4
3651	696	4
3651	2843	4
3651	15720	4
3651	18975	4
3651	19006	4
3651	20020	4
3651	20211	4
3652	3954	4
3652	12971	4
3653	13	4
3653	669	4
3653	850	4
3653	4637	4
3653	9562	4
3653	18867	4
3653	18987	4
3653	19020	4
3654	267	4
3654	6027	4
3654	8156	4
3654	18948	4
3654	18977	4
3654	19406	4
3654	19593	4
3654	21838	4
3655	8	4
3655	838	4
3655	1308	4
3655	4812	4
3655	6029	4
3655	19850	4
3656	1073	4
3656	1360	4
3656	12582	4
3656	18949	4
3656	20320	4
3656	20616	4
3657	766	4
3657	1159	4
3657	13879	4
3659	1506	4
3659	2730	4
3659	3347	4
3659	6033	4
3659	7684	4
3659	7863	4
3659	8667	4
3659	9597	4
3659	10193	4
3659	11305	4
3659	11701	4
3659	13886	4
3659	13887	4
3659	17991	4
3659	18923	4
3659	19271	4
3659	22663	4
3660	1483	4
3660	15955	4
3660	18934	4
3660	22164	4
3661	72	4
3661	8058	4
3661	16266	4
3661	17992	4
3661	19106	4
3661	19108	4
3661	20020	4
3662	10	4
3663	1451	4
3663	7515	4
3665	46	4
3665	1548	4
3665	13892	4
3665	13893	4
3665	18840	4
3665	18917	4
3665	19200	4
3665	19311	4
3665	20385	4
3665	20428	4
3666	8330	4
3666	19181	4
3667	3975	4
3668	118	4
3668	168	4
3668	5373	4
3668	6037	4
3668	6038	4
3668	6041	4
3668	6042	4
3668	7844	4
3668	10712	4
3668	13897	4
3668	17996	4
3668	18839	4
3668	18932	4
3668	18980	4
3668	19019	4
3668	19020	4
3668	19049	4
3668	19247	4
3668	19283	4
3668	20929	4
3668	21358	4
3669	117	4
3669	287	4
3669	484	4
3669	592	4
3669	597	4
3669	10158	4
3669	11420	4
3669	11582	4
3669	13899	4
3669	13900	4
3669	17999	4
3669	18818	4
3669	18838	4
3669	18884	4
3669	18894	4
3669	20518	4
3670	94	4
3670	2330	4
3671	136	4
3671	2677	4
3671	4739	4
3671	6046	4
3671	45891	4
3672	1055	4
3672	1071	4
3672	19106	4
3672	22672	4
3673	385	4
3673	2550	4
3674	2374	4
3674	5814	4
3674	18975	4
3674	20947	4
3674	21283	4
3674	22675	4
3674	22677	4
3675	1121	4
3675	6049	4
3675	6051	4
3675	21354	4
3676	698	4
3676	2143	4
3676	19448	4
3677	1385	4
3677	2748	4
3677	22679	4
3678	1016	4
3678	4352	4
3678	5718	4
3678	20180	4
3679	8	4
3679	148	4
3679	690	4
3679	990	4
3679	1387	4
3679	2866	4
3679	3219	4
3679	7514	4
3679	7516	4
3679	8670	4
3679	10044	4
3679	11805	4
3679	11907	4
3679	13910	4
3679	22681	4
3679	22682	4
3680	567	4
3680	1462	4
3680	5813	4
3681	2954	4
3681	4152	4
3681	18942	4
3681	18949	4
3681	19295	4
3681	21773	4
3681	22344	4
3681	22683	4
3682	460	4
3682	20177	4
3683	360	4
3683	957	4
3683	3300	4
3683	6059	4
3683	6065	4
3683	6066	4
3683	6067	4
3683	13912	4
3683	19076	4
3683	20043	4
3683	22482	4
3685	52	4
3685	7875	4
3686	5	4
3686	123	4
3686	313	4
3686	2812	4
3686	6069	4
3686	6070	4
3689	43	4
3689	2927	4
3689	7598	4
3689	18813	4
3690	2961	4
3690	13915	4
3691	1256	4
3691	13921	4
3691	16614	4
3691	18015	4
3692	31	4
3692	13925	4
3693	45896	4
3694	739	4
3694	1274	4
3694	2086	4
3694	3337	4
3694	6072	4
3694	7503	4
3694	7555	4
3694	7987	4
3694	8028	4
3694	9568	4
3694	9573	4
3694	11719	4
3694	13927	4
3694	15677	4
3694	18020	4
3694	18855	4
3694	44677	4
3695	521	4
3696	117	4
3696	615	4
3696	6076	4
3696	18812	4
3696	18875	4
3696	18917	4
3696	18920	4
3696	22693	4
3697	1620	4
3697	8050	4
3697	13930	4
3697	19026	4
3697	20093	4
3698	6017	4
3700	1470	4
3701	100	4
3701	6079	4
3701	7546	4
3701	10626	4
3701	15677	4
3703	2726	4
3703	4797	4
3703	8146	4
3703	18841	4
3703	19340	4
3703	22695	4
3704	13937	4
3704	18974	4
3704	22697	4
3704	45139	4
3704	45516	4
3704	45668	4
3704	45810	4
3704	45899	4
3705	6087	4
3705	11656	4
3705	20585	4
3705	21627	4
3706	6088	4
3706	7643	4
3706	7923	4
3706	13940	4
3706	20226	4
3707	144	4
3707	8606	4
3707	18827	4
3707	44690	4
3708	1283	4
3708	5407	4
3708	8646	4
3708	10211	4
3711	1256	4
3711	7954	4
3711	9222	4
3711	18995	4
3712	691	4
3712	7688	4
3712	7984	4
3712	8433	4
3712	18884	4
3714	12	4
3714	402	4
3714	767	4
3714	780	4
3714	1328	4
3714	2351	4
3714	3844	4
3714	6092	4
3714	8107	4
3714	10320	4
3714	13950	4
3714	16306	4
3714	17330	4
3714	19014	4
3714	19200	4
3714	44859	4
3715	202	4
3715	871	4
3715	8300	4
3716	8465	4
3717	80	4
3717	8451	4
3717	13952	4
3718	13954	4
3718	13955	4
3719	3213	4
3719	18826	4
3719	18919	4
3720	249	4
3720	472	4
3720	6093	4
3720	9775	4
3720	13957	4
3720	19070	4
3720	19563	4
3720	19621	4
3720	19792	4
3720	21396	4
3720	22702	4
3721	6094	4
3721	6096	4
3721	6097	4
3721	13962	4
3721	19140	4
3721	45903	4
3723	2032	4
3725	4952	4
3726	20013	4
3727	261	4
3727	18827	4
3727	19108	4
3727	19283	4
3727	19413	4
3727	22705	4
3728	15636	4
3730	1281	4
3730	1719	4
3730	9050	4
3730	10250	4
3730	16984	4
3730	18902	4
3730	19991	4
3731	20251	4
3732	21221	4
3733	18036	4
3733	18967	4
3733	20093	4
3734	8	4
3734	4947	4
3734	15982	4
3734	18946	4
3734	19041	4
3735	6103	4
3735	13977	4
3735	13978	4
3735	13981	4
3735	18039	4
3735	18040	4
3735	22710	4
3736	854	4
3736	1360	4
3736	3613	4
3736	6105	4
3736	6106	4
3736	6107	4
3736	6108	4
3736	9277	4
3736	13983	4
3736	19602	4
3736	19625	4
3737	2742	4
3737	18041	4
3737	18043	4
3737	18044	4
3737	20481	4
3737	22713	4
3738	1084	4
3738	3739	4
3738	4027	4
3738	6109	4
3738	8377	4
3738	9555	4
3738	13987	4
3738	16317	4
3738	19817	4
3738	22077	4
3738	45909	4
3739	94	4
3739	18980	4
3740	11541	4
3740	13990	4
3741	2530	4
3741	8377	4
3741	8553	4
3741	13992	4
3741	15883	4
3741	16374	4
3741	22714	4
3742	6120	4
3744	673	4
3744	4257	4
3744	6121	4
3745	399	4
3745	506	4
3745	1029	4
3745	6123	4
3745	6124	4
3745	7685	4
3745	12520	4
3745	16760	4
3745	19200	4
3746	0	4
3746	21	4
3746	219	4
3746	424	4
3746	606	4
3746	630	4
3746	632	4
3746	1341	4
3746	7626	4
3746	8764	4
3746	10636	4
3746	13999	4
3746	15696	4
3746	15881	4
3746	18046	4
3746	18048	4
3746	18923	4
3746	19774	4
3746	20208	4
3746	21350	4
3746	44744	4
3746	45177	4
3747	855	4
3747	2745	4
3747	4288	4
3747	7509	4
3747	16819	4
3747	18840	4
3747	18849	4
3748	98	4
3748	8104	4
3748	18050	4
3750	8300	4
3750	9131	4
3751	45225	4
3753	3346	4
3754	44	4
3754	293	4
3754	1905	4
3754	3300	4
3754	4229	4
3754	4240	4
3754	6143	4
3754	6147	4
3754	14005	4
3754	14006	4
3754	19240	4
3754	44732	4
3755	762	4
3755	5768	4
3755	6150	4
3755	7904	4
3755	19084	4
3755	19371	4
3755	19535	4
3755	22722	4
3755	22723	4
3755	22724	4
3755	22726	4
3756	6152	4
3756	12134	4
3756	19107	4
3756	22730	4
3756	22731	4
3756	22732	4
3757	3206	4
3758	8739	4
3758	10888	4
3759	6156	4
3759	6157	4
3759	22733	4
3760	2694	4
3760	6158	4
3763	11846	4
3763	14013	4
3763	20400	4
3763	22736	4
3764	1180	4
3765	93	4
3765	836	4
3765	7509	4
3765	12930	4
3765	14014	4
3765	17707	4
3765	18923	4
3765	20425	4
3766	13	4
3766	7626	4
3766	7770	4
3766	8439	4
3766	14019	4
3766	14021	4
3766	14022	4
3766	14023	4
3766	18893	4
3766	20547	4
3766	22740	4
3766	45920	4
3767	677	4
3768	19073	4
3769	521	4
3769	592	4
3769	801	4
3769	1033	4
3769	1477	4
3769	6163	4
3769	7725	4
3769	10982	4
3769	15804	4
3769	18917	4
3769	18949	4
3769	19034	4
3769	19347	4
3769	19360	4
3769	21281	4
3769	21706	4
3770	6164	4
3771	14	4
3771	627	4
3771	729	4
3771	3212	4
3771	5193	4
3771	10432	4
3771	18823	4
3772	8014	4
3773	16	4
3773	1902	4
3773	10795	4
3773	17437	4
3773	18884	4
3773	19485	4
3774	2064	4
3774	19133	4
3776	6167	4
3776	11016	4
3776	18946	4
3776	21893	4
3777	7	4
3777	49	4
3777	55	4
3777	6168	4
3777	6170	4
3777	6171	4
3777	14031	4
3777	16192	4
3777	19056	4
3777	19565	4
3777	22211	4
3777	22746	4
3777	22748	4
3778	6103	4
3780	6173	4
3781	287	4
3781	299	4
3781	871	4
3781	1493	4
3781	7555	4
3781	7725	4
3781	7903	4
3781	8534	4
3781	10025	4
3781	12061	4
3781	14034	4
3781	22320	4
3781	22750	4
3783	6175	4
3783	6176	4
3783	18063	4
3784	14040	4
3784	18067	4
3786	691	4
3787	10	4
3787	46	4
3787	6181	4
3787	7765	4
3787	14041	4
3787	14043	4
3787	14044	4
3789	519	4
3789	3420	4
3789	7714	4
3789	8309	4
3789	8439	4
3789	9796	4
3789	9877	4
3789	13629	4
3789	14050	4
3789	15852	4
3789	18917	4
3789	18998	4
3789	19019	4
3789	19020	4
3789	19096	4
3789	19425	4
3789	45213	4
3790	850	4
3790	3003	4
3790	4444	4
3790	6185	4
3790	6186	4
3790	10118	4
3790	10279	4
3790	19014	4
3790	19359	4
3790	20024	4
3790	21728	4
3790	22754	4
3792	313	4
3794	7715	4
3794	14051	4
3795	542	4
3795	1062	4
3795	1151	4
3795	1712	4
3795	1778	4
3795	2256	4
3795	5399	4
3795	6190	4
3795	6191	4
3795	16480	4
3795	19026	4
3795	21383	4
3795	22756	4
3795	22758	4
3795	22760	4
3796	304	4
3796	648	4
3796	864	4
3796	1629	4
3796	1683	4
3796	6192	4
3796	10673	4
3796	14052	4
3796	21368	4
3797	6194	4
3798	6195	4
3798	18071	4
3798	45926	4
3800	435	4
3800	10747	4
3800	18843	4
3800	20108	4
3801	19020	4
3802	18073	4
3802	18818	4
3802	20482	4
3804	18076	4
3804	44996	4
3805	6199	4
3805	6201	4
3805	14057	4
3805	14059	4
3805	18077	4
3805	19166	4
3805	19237	4
3805	19627	4
3805	20892	4
3805	22766	4
3805	22768	4
3805	22769	4
3805	22771	4
3806	576	4
3806	1586	4
3806	1656	4
3806	1967	4
3806	6203	4
3806	7813	4
3806	7814	4
3806	9475	4
3806	11372	4
3806	11432	4
3806	19039	4
3806	19166	4
3806	19290	4
3806	20320	4
3808	18080	4
3809	90	4
3810	18917	4
3811	2125	4
3812	9047	4
3813	9150	4
3814	6205	4
3814	10712	4
3814	19110	4
3816	5223	4
3816	6212	4
3817	11	4
3817	340	4
3817	680	4
3817	2153	4
3817	2244	4
3817	5409	4
3817	6214	4
3817	7522	4
3817	7602	4
3817	8496	4
3817	8498	4
3817	8751	4
3817	8859	4
3817	10070	4
3817	11361	4
3817	13130	4
3817	13225	4
3817	14073	4
3817	14075	4
3817	18082	4
3817	18894	4
3817	18932	4
3817	19074	4
3817	19989	4
3817	20290	4
3818	6218	4
3818	7509	4
3818	7564	4
3818	8590	4
3818	11171	4
3818	11281	4
3818	18083	4
3818	18899	4
3818	18974	4
3818	19019	4
3818	20410	4
3818	22782	4
3819	2721	4
3819	12510	4
3819	14079	4
3820	13837	4
3821	14082	4
3822	1039	4
3823	838	4
3823	2585	4
3823	7509	4
3823	9528	4
3823	20637	4
3824	2537	4
3825	7506	4
3825	10368	4
3825	14087	4
3825	14089	4
3825	14090	4
3825	15665	4
3825	17564	4
3825	18084	4
3825	22785	4
3825	22786	4
3825	22789	4
3827	3	4
3827	9521	4
3828	1506	4
3828	18812	4
3828	19898	4
3830	8792	4
3830	14092	4
3831	7715	4
3832	5577	4
3832	7509	4
3832	19756	4
3835	56	4
3835	521	4
3835	2849	4
3835	18899	4
3836	14095	4
3837	514	4
3839	65	4
3839	4587	4
3839	7871	4
3839	8198	4
3840	21	4
3840	80	4
3840	425	4
3840	630	4
3840	2240	4
3840	3126	4
3840	3356	4
3840	3840	4
3840	5138	4
3840	6236	4
3840	7518	4
3840	7586	4
3840	7621	4
3840	7628	4
3840	7725	4
3840	8204	4
3840	8670	4
3840	8759	4
3840	9352	4
3840	11294	4
3840	14096	4
3840	14097	4
3840	18921	4
3840	19353	4
3840	19832	4
3840	20533	4
3840	22010	4
3841	44947	4
3841	45485	4
3842	11	4
3842	1085	4
3842	19631	4
3842	19737	4
3842	20218	4
3842	22402	4
3842	22795	4
3844	2785	4
3844	7908	4
3844	11634	4
3844	18885	4
3844	20706	4
3844	45934	4
3845	6238	4
3845	16223	4
3845	18094	4
3845	19141	4
3845	19166	4
3845	19684	4
3845	19865	4
3845	20519	4
3845	20524	4
3845	20997	4
3845	21031	4
3845	22257	4
3845	22794	4
3845	22799	4
3845	22800	4
3845	22807	4
3845	22808	4
3845	22811	4
3845	22812	4
3845	22813	4
3845	22814	4
3845	22816	4
3845	22822	4
3846	333	4
3846	1717	4
3846	4445	4
3848	6239	4
3848	11294	4
3848	14106	4
3849	1543	4
3850	567	4
3850	19091	4
3850	19678	4
3851	6241	4
3852	1380	4
3852	3745	4
3852	6242	4
3852	13386	4
3852	13586	4
3852	14111	4
3852	16827	4
3852	20238	4
3853	186	4
3854	9358	4
3854	10052	4
3854	13436	4
3854	19020	4
3854	19622	4
3856	3183	4
3856	18945	4
3856	19294	4
3856	19529	4
3856	22824	4
3856	22826	4
3857	165	4
3857	1217	4
3857	1223	4
3857	3720	4
3857	6248	4
3857	6250	4
3857	10642	4
3857	14118	4
3857	14119	4
3857	14122	4
3857	14123	4
3857	19214	4
3857	19964	4
3857	20066	4
3857	22827	4
3858	18893	4
3859	7900	4
3860	1717	4
3861	562	4
3861	6253	4
3862	11944	4
3862	22828	4
3863	7829	4
3863	8309	4
3863	17201	4
3864	2522	4
3864	6256	4
3864	6257	4
3864	16372	4
3864	44882	4
3865	6259	4
3865	9276	4
3865	18946	4
3865	19003	4
3865	20495	4
3866	932	4
3866	3467	4
3866	6260	4
3866	8622	4
3866	9476	4
3866	13422	4
3866	15821	4
3866	18101	4
3866	22832	4
3866	22833	4
3867	601	4
3867	7509	4
3867	8057	4
3868	851	4
3868	8290	4
3868	8900	4
3868	14130	4
3869	191	4
3869	2657	4
3869	6264	4
3869	7720	4
3869	7773	4
3869	8332	4
3869	10418	4
3869	14133	4
3870	1006	4
3870	6266	4
3870	6267	4
3870	14136	4
3870	14139	4
3870	14141	4
3870	18104	4
3870	18105	4
3870	19301	4
3872	18107	4
3872	19625	4
3874	89	4
3874	7626	4
3874	8001	4
3874	18826	4
3874	19076	4
3875	17	4
3875	671	4
3875	7615	4
3875	7884	4
3875	8078	4
3875	9026	4
3875	9663	4
3875	9906	4
3875	15855	4
3875	19096	4
3875	19700	4
3877	2587	4
3877	8776	4
3879	1151	4
3879	11598	4
3879	45947	4
3880	335	4
3880	877	4
3880	7509	4
3880	18945	4
3881	1538	4
3881	7752	4
3881	7754	4
3881	19271	4
3881	19711	4
3883	519	4
3884	3494	4
3884	3610	4
3884	3611	4
3884	6272	4
3884	14149	4
3885	85	4
3885	169	4
3885	190	4
3885	248	4
3885	426	4
3885	451	4
3885	519	4
3885	836	4
3885	1008	4
3885	1101	4
3885	1734	4
3885	4583	4
3885	10337	4
3885	11725	4
3885	18841	4
3885	18844	4
3885	18917	4
3885	18924	4
3885	44819	4
3888	5471	4
3889	5452	4
3889	6273	4
3889	6277	4
3889	6283	4
3889	6285	4
3889	13210	4
3889	14153	4
3889	20954	4
3889	20958	4
3889	22369	4
3889	22814	4
3889	22842	4
3889	22844	4
3889	22846	4
3889	22853	4
3890	6288	4
3890	7903	4
3890	10424	4
3891	541	4
3891	542	4
3891	1241	4
3891	1677	4
3891	3031	4
3891	6292	4
3891	6294	4
3891	10886	4
3892	7522	4
3892	8060	4
3892	8066	4
3892	16081	4
3892	19140	4
3893	1442	4
3893	9416	4
3893	18113	4
3893	19019	4
3893	22855	4
3893	22856	4
3894	7810	4
3894	7963	4
3894	20359	4
3894	20512	4
3895	256	4
3895	535	4
3895	2154	4
3895	2826	4
3895	3416	4
3895	3814	4
3895	6299	4
3895	6303	4
3895	7700	4
3895	8005	4
3895	8036	4
3895	8339	4
3895	12574	4
3895	14162	4
3895	22078	4
3896	18115	4
3897	94	4
3897	659	4
3897	660	4
3898	317	4
3898	18946	4
3899	71	4
3899	891	4
3899	3416	4
3899	3821	4
3899	18874	4
3899	21602	4
3900	94	4
3900	19808	4
3903	20286	4
3904	18991	4
3906	7	4
3906	14168	4
3906	19019	4
3906	19020	4
3907	1461	4
3907	2490	4
3907	3239	4
3907	6308	4
3907	7554	4
3907	7901	4
3907	8900	4
3907	13027	4
3907	14171	4
3907	14172	4
3907	19260	4
3907	19503	4
3907	21296	4
3907	22861	4
3908	6310	4
3908	22862	4
3911	94	4
3911	120	4
3911	228	4
3911	399	4
3911	876	4
3911	1236	4
3911	3621	4
3911	6311	4
3911	6312	4
3911	6314	4
3911	6325	4
3911	6326	4
3911	6327	4
3911	6328	4
3911	14179	4
3911	16660	4
3911	18844	4
3911	18917	4
3911	22866	4
3911	22868	4
3912	6329	4
3913	125	4
3914	65	4
3914	101	4
3914	117	4
3914	132	4
3914	277	4
3914	370	4
3914	418	4
3914	459	4
3914	460	4
3914	497	4
3914	614	4
3914	982	4
3914	1426	4
3914	2490	4
3914	2587	4
3914	5604	4
3914	6028	4
3914	6035	4
3914	6332	4
3914	6333	4
3914	7890	4
3914	8035	4
3914	8525	4
3914	18812	4
3914	18884	4
3914	18886	4
3914	18917	4
3914	19748	4
3914	20096	4
3914	20149	4
3914	20662	4
3914	21652	4
3914	22018	4
3914	22872	4
3914	22874	4
3916	621	4
3916	11864	4
3916	13954	4
3916	14186	4
3916	14187	4
3916	15754	4
3916	18815	4
3916	18841	4
3916	18884	4
3917	117	4
3917	1802	4
3917	13000	4
3917	16028	4
3917	22878	4
3919	17	4
3919	3210	4
3919	22880	4
3920	2096	4
3920	7506	4
3921	3122	4
3921	3124	4
3921	8645	4
3921	11781	4
3921	14192	4
3921	19096	4
3921	19486	4
3921	20006	4
3921	20060	4
3921	22572	4
3923	1891	4
3923	9100	4
3925	6346	4
3925	11746	4
3926	189	4
3926	19347	4
3927	7829	4
3928	427	4
3928	6352	4
3928	6354	4
3928	6355	4
3928	6356	4
3928	14196	4
3928	14198	4
3928	18127	4
3928	19201	4
3928	19334	4
3928	19701	4
3928	20357	4
3928	20741	4
3928	21002	4
3928	22882	4
3928	22883	4
3928	22884	4
3930	1302	4
3931	3264	4
3931	6358	4
3931	9194	4
3931	14200	4
3931	14201	4
3931	14203	4
3931	14204	4
3933	150	4
3933	1081	4
3933	17401	4
3933	19049	4
3934	18819	4
3934	18945	4
3934	19301	4
3934	19352	4
3934	19360	4
3934	20290	4
3934	21285	4
3934	22887	4
3934	22888	4
3936	211	4
3936	351	4
3936	361	4
3936	1024	4
3936	1025	4
3936	1101	4
3936	2012	4
3936	2682	4
3936	6363	4
3936	6365	4
3936	6367	4
3936	6368	4
3936	6370	4
3936	10779	4
3936	12920	4
3936	14207	4
3936	14208	4
3936	14210	4
3936	18131	4
3936	18982	4
3936	22890	4
3936	22891	4
3937	12	4
3937	296	4
3937	392	4
3937	524	4
3937	1477	4
3937	1725	4
3937	2820	4
3937	4774	4
3937	4811	4
3937	8193	4
3937	10847	4
3937	14215	4
3937	16209	4
3937	19166	4
3937	19271	4
3937	19478	4
3937	20275	4
3937	20320	4
3937	21344	4
3937	45781	4
3937	45951	4
3938	6374	4
3938	14216	4
3938	22600	4
3938	45216	4
3938	45953	4
3939	45954	4
3940	6376	4
3940	6378	4
3940	14218	4
3940	19485	4
3943	17	4
3943	836	4
3944	18135	4
3945	7890	4
3945	8891	4
3945	8922	4
3945	14225	4
3945	18889	4
3945	19070	4
3945	22897	4
3945	44896	4
3946	2547	4
3946	9533	4
3946	18894	4
3946	19091	4
3948	202	4
3948	707	4
3948	18895	4
3949	313	4
3950	6381	4
3950	21529	4
3950	22898	4
3951	7	4
3951	8104	4
3951	11020	4
3954	6383	4
3955	7697	4
3957	93	4
3957	3420	4
3957	9550	4
3957	9905	4
3959	139	4
3959	7652	4
3959	7915	4
3959	18827	4
3960	7829	4
3960	10286	4
3960	44738	4
3961	3383	4
3962	1629	4
3962	8287	4
3962	12041	4
3962	18940	4
3962	22901	4
3965	2183	4
3965	12726	4
3966	442	4
3969	9334	4
3970	834	4
3970	1093	4
3970	8080	4
3970	9108	4
3970	9423	4
3970	19171	4
3972	7597	4
3973	2	4
3974	6391	4
3974	19247	4
3974	20580	4
3975	6081	4
3975	8225	4
3975	8306	4
3975	11330	4
3976	2260	4
3976	18142	4
3977	2260	4
3977	7915	4
3978	6393	4
3978	11718	4
3978	14243	4
3978	14245	4
3978	21487	4
3980	4047	4
3981	317	4
3981	6397	4
3981	12501	4
3981	14246	4
3982	190	4
3982	990	4
3982	6398	4
3982	7631	4
3982	8575	4
3982	8826	4
3982	9414	4
3982	10094	4
3982	11020	4
3982	11819	4
3982	16431	4
3982	18899	4
3982	19073	4
3982	19358	4
3982	21281	4
3982	22906	4
3982	44898	4
3982	45272	4
3983	155	4
3983	359	4
3983	475	4
3983	2517	4
3983	11973	4
3983	19548	4
3983	20516	4
3983	22908	4
3984	2948	4
3984	8885	4
3984	14250	4
3985	78	4
3985	85	4
3985	411	4
3985	1860	4
3985	6093	4
3985	6401	4
3985	7684	4
3985	9869	4
3985	15814	4
3985	19028	4
3988	117	4
3988	8394	4
3988	8458	4
3988	8683	4
3988	10433	4
3988	14254	4
3988	14255	4
3988	19217	4
3988	22763	4
3989	563	4
3989	1008	4
3989	1183	4
3989	8969	4
3989	19334	4
3989	19395	4
3989	19939	4
3989	22913	4
3990	17	4
3990	137	4
3990	2063	4
3990	10858	4
3990	11229	4
3990	14256	4
3990	15632	4
3990	44821	4
3990	45101	4
3992	6406	4
3994	20346	4
3994	22919	4
3995	14260	4
3997	2839	4
3998	6408	4
3998	11242	4
3999	5802	4
4000	876	4
4000	9364	4
4000	14261	4
4000	21336	4
4001	3830	4
4001	13076	4
4002	3681	4
4002	18151	4
4004	16	4
4004	3137	4
4004	7535	4
4005	82	4
4005	8034	4
4006	7691	4
4007	6414	4
4008	6415	4
4009	7	4
4009	35	4
4009	120	4
4009	190	4
4009	194	4
4009	228	4
4009	519	4
4009	592	4
4009	2027	4
4009	2488	4
4009	14266	4
4009	15632	4
4009	18818	4
4009	18919	4
4009	19075	4
4009	19131	4
4009	20013	4
4009	20237	4
4009	20285	4
4009	22286	4
4009	22403	4
4010	1254	4
4010	7527	4
4011	351	4
4011	613	4
4011	2137	4
4011	2154	4
4011	7537	4
4011	8107	4
4011	12981	4
4011	19476	4
4011	45028	4
4013	7626	4
4013	44864	4
4015	974	4
4016	3716	4
4016	14273	4
4016	14274	4
4018	7	4
4018	291	4
4018	514	4
4018	1504	4
4018	3772	4
4018	7752	4
4018	8028	4
4019	4066	4
4019	14278	4
4019	18812	4
4019	18884	4
4020	10006	4
4020	18927	4
4021	202	4
4022	601	4
4022	2785	4
4022	3772	4
4023	573	4
4023	2011	4
4023	6426	4
4023	8193	4
4023	8348	4
4023	9893	4
4023	13347	4
4023	14282	4
4023	20838	4
4023	45040	4
4024	1452	4
4024	4196	4
4024	17991	4
4024	18942	4
4025	7509	4
4025	11479	4
4025	16230	4
4025	19646	4
4025	22932	4
4026	54	4
4026	117	4
4026	125	4
4026	277	4
4026	357	4
4026	359	4
4026	411	4
4026	502	4
4026	2146	4
4026	6428	4
4026	7688	4
4026	7984	4
4026	9834	4
4026	11815	4
4026	12391	4
4026	14290	4
4026	14293	4
4026	14295	4
4026	17353	4
4026	17802	4
4026	18160	4
4026	18162	4
4026	18818	4
4026	18884	4
4026	18894	4
4026	20590	4
4026	22933	4
4026	22936	4
4026	22940	4
4027	43	4
4027	65	4
4027	7987	4
4027	14290	4
4027	18815	4
4027	18967	4
4027	18984	4
4027	20971	4
4028	5956	4
4028	14299	4
4028	14301	4
4028	20619	4
4029	94	4
4029	913	4
4029	8317	4
4029	16188	4
4029	18991	4
4029	19096	4
4029	19176	4
4029	19411	4
4029	19437	4
4031	1092	4
4032	5897	4
4032	6432	4
4032	14304	4
4032	17537	4
4032	19128	4
4032	21627	4
4032	22949	4
4034	321	4
4034	14309	4
4035	65	4
4035	786	4
4035	2430	4
4035	5867	4
4035	7990	4
4035	10158	4
4035	11009	4
4035	14310	4
4035	14311	4
4036	85	4
4036	3427	4
4036	18899	4
4036	18932	4
4037	507	4
4037	3256	4
4037	11628	4
4037	12420	4
4037	14313	4
4037	19574	4
4037	19771	4
4037	21141	4
4038	696	4
4038	6437	4
4038	8234	4
4038	11218	4
4038	14314	4
4038	14315	4
4038	17067	4
4038	18172	4
4038	18175	4
4038	18949	4
4038	19230	4
4038	19849	4
4038	20835	4
4038	21101	4
4039	3016	4
4039	4034	4
4039	4035	4
4039	6438	4
4039	12305	4
4039	16554	4
4039	18176	4
4039	19214	4
4039	19521	4
4039	19522	4
4039	21260	4
4041	1531	4
4041	2232	4
4041	4474	4
4041	6439	4
4041	18946	4
4042	14321	4
4043	459	4
4043	597	4
4043	990	4
4043	1969	4
4043	2768	4
4043	6446	4
4043	7526	4
4043	8892	4
4043	9733	4
4043	11130	4
4043	11177	4
4043	12630	4
4043	14324	4
4043	14326	4
4043	18876	4
4043	18974	4
4043	18998	4
4043	19222	4
4043	19646	4
4043	20224	4
4043	21539	4
4043	21845	4
4043	45966	4
4045	43	4
4045	49	4
4045	10830	4
4045	13530	4
4045	14329	4
4045	17423	4
4045	19034	4
4045	19752	4
4045	19962	4
4045	22954	4
4047	44738	4
4047	44879	4
4048	3810	4
4049	19020	4
4050	2420	4
4051	6449	4
4051	6450	4
4051	22675	4
4051	22957	4
4052	139	4
4054	3571	4
4055	1006	4
4055	4167	4
4057	6451	4
4057	21164	4
4057	22959	4
4057	22960	4
4058	93	4
4058	472	4
4058	8840	4
4058	22961	4
4058	44897	4
4058	45050	4
4060	2577	4
4060	4519	4
4060	6452	4
4060	6454	4
4060	6455	4
4060	19485	4
4060	20437	4
4060	21336	4
4062	169	4
4062	435	4
4062	847	4
4062	854	4
4062	1081	4
4062	7835	4
4062	9337	4
4062	11701	4
4062	13538	4
4062	18830	4
4062	19127	4
4062	19129	4
4062	19637	4
4062	45973	4
4063	7628	4
4064	1028	4
4064	1258	4
4064	18927	4
4064	45974	4
4066	8077	4
4066	9278	4
4066	19512	4
4066	45644	4
4067	65	4
4067	18815	4
4068	253	4
4068	14342	4
4068	18898	4
4070	418	4
4070	19028	4
4071	658	4
4071	1033	4
4072	4204	4
4072	13341	4
4072	20757	4
4073	559	4
4073	1709	4
4073	1796	4
4073	2427	4
4073	3243	4
4073	3406	4
4073	13143	4
4074	5292	4
4074	6465	4
4074	14346	4
4074	22465	4
4075	11735	4
4075	45434	4
4075	45975	4
4076	653	4
4076	1629	4
4076	8077	4
4076	8290	4
4076	15731	4
4077	474	4
4078	1254	4
4079	203	4
4080	6468	4
4080	7756	4
4081	1035	4
4084	19840	4
4085	0	4
4085	278	4
4085	423	4
4085	18840	4
4085	19621	4
4085	19674	4
4085	19851	4
4085	19947	4
4086	185	4
4086	1891	4
4086	6471	4
4086	6474	4
4086	19091	4
4086	19831	4
4086	19972	4
4086	20713	4
4087	7848	4
4087	15771	4
4087	45978	4
4088	9520	4
4089	54	4
4089	435	4
4090	14359	4
4090	19090	4
4091	73	4
4091	94	4
4091	228	4
4091	385	4
4091	488	4
4091	614	4
4091	2496	4
4091	2881	4
4091	3122	4
4091	5265	4
4091	5823	4
4091	7643	4
4091	7722	4
4091	8645	4
4091	8648	4
4091	8805	4
4091	15632	4
4091	18199	4
4091	18830	4
4091	18893	4
4091	18946	4
4091	19112	4
4091	19201	4
4091	19755	4
4091	22889	4
4091	22975	4
4092	250	4
4092	744	4
4092	2123	4
4092	8590	4
4092	19096	4
4093	11294	4
4093	18844	4
4093	19247	4
4093	19296	4
4094	2522	4
4094	6482	4
4094	13044	4
4094	14361	4
4094	14362	4
4094	14363	4
4094	14365	4
4094	19660	4
4095	1629	4
4098	9597	4
4099	155	4
4099	1006	4
4099	1576	4
4099	1824	4
4099	4247	4
4099	4260	4
4099	6488	4
4099	11735	4
4099	13324	4
4099	14372	4
4099	14374	4
4099	18830	4
4099	18917	4
4099	18922	4
4099	18946	4
4099	18949	4
4099	18980	4
4099	19026	4
4099	19604	4
4099	22551	4
4099	22978	4
4100	370	4
4100	853	4
4100	7890	4
4100	9348	4
4100	14375	4
4100	18942	4
4100	18945	4
4101	592	4
4103	6494	4
4105	576	4
4105	580	4
4105	18844	4
4105	18917	4
4105	19106	4
4106	1592	4
4106	3017	4
4106	4584	4
4106	9621	4
4106	18840	4
4107	9577	4
4108	1028	4
4110	7556	4
4110	7871	4
4110	14381	4
4110	18946	4
4110	19093	4
4110	19627	4
4111	199	4
4111	899	4
4111	2025	4
4111	2752	4
4111	3113	4
4111	10282	4
4111	14382	4
4111	17518	4
4111	18944	4
4111	19151	4
4112	7723	4
4112	7752	4
4112	7964	4
4112	18884	4
4112	20473	4
4112	22444	4
4113	745	4
4113	1774	4
4113	9456	4
4113	11329	4
4113	22889	4
4114	17	4
4114	606	4
4114	1272	4
4114	1285	4
4114	16031	4
4114	45177	4
4115	202	4
4115	1850	4
4116	6500	4
4117	6501	4
4118	4528	4
4118	7898	4
4118	11899	4
4118	12022	4
4118	18917	4
4118	19026	4
4119	11	4
4119	117	4
4119	473	4
4119	1231	4
4119	1728	4
4119	2067	4
4119	6504	4
4119	6505	4
4119	7509	4
4119	7850	4
4119	7956	4
4119	8675	4
4119	9156	4
4119	9305	4
4119	11675	4
4119	16042	4
4119	18209	4
4119	18974	4
4119	22985	4
4120	8751	4
4122	5495	4
4122	6379	4
4122	6510	4
4122	9331	4
4122	10087	4
4122	18991	4
4123	3862	4
4124	8	4
4124	786	4
4124	838	4
4124	887	4
4124	2767	4
4124	3466	4
4124	10152	4
4124	18213	4
4125	94	4
4125	422	4
4125	19131	4
4126	190	4
4126	744	4
4126	1934	4
4126	6512	4
4126	6514	4
4126	6515	4
4126	7618	4
4126	18876	4
4126	19088	4
4128	216	4
4128	7940	4
4128	8155	4
4128	12255	4
4128	19404	4
4129	452	4
4130	369	4
4131	117	4
4131	120	4
4131	12141	4
4131	45814	4
4132	15782	4
4133	19619	4
4134	8081	4
4134	8878	4
4134	9951	4
4134	10419	4
4134	12665	4
4134	15855	4
4134	15996	4
4134	45166	4
4135	0	4
4135	2221	4
4135	7522	4
4135	8590	4
4135	18217	4
4135	18899	4
4135	18917	4
4135	22990	4
4135	44708	4
4136	203	4
4137	27	4
4137	19459	4
4138	4293	4
4138	18099	4
4138	21101	4
4139	6526	4
4140	6527	4
4142	521	4
4142	817	4
4142	4741	4
4142	8614	4
4142	9352	4
4142	14401	4
4142	14403	4
4142	18945	4
4142	19012	4
4142	19535	4
4142	20777	4
4143	6533	4
4143	6535	4
4143	14405	4
4143	14408	4
4143	18221	4
4143	18222	4
4143	18223	4
4143	18225	4
4143	18226	4
4143	19290	4
4143	22991	4
4143	22992	4
4143	45992	4
4143	45993	4
4145	6537	4
4145	21313	4
4148	4810	4
4149	6541	4
4149	19038	4
4150	6542	4
4151	4	4
4151	207	4
4151	581	4
4151	1258	4
4151	2718	4
4151	5075	4
4151	6545	4
4151	6547	4
4151	8977	4
4151	13579	4
4151	14415	4
4151	14418	4
4151	14419	4
4151	14425	4
4151	18231	4
4151	18234	4
4151	19176	4
4151	19220	4
4151	19476	4
4151	20446	4
4151	22834	4
4151	22995	4
4151	45274	4
4151	45915	4
4151	45996	4
4151	45998	4
4151	46002	4
4151	46003	4
4152	15621	4
4153	13504	4
4153	14428	4
4153	18841	4
4153	18914	4
4153	18967	4
4153	19034	4
4153	19422	4
4153	19663	4
4153	22998	4
4153	23000	4
4154	3800	4
4154	5032	4
4154	6558	4
4154	9292	4
4154	18851	4
4154	19290	4
4154	19540	4
4155	7532	4
4156	18917	4
4157	399	4
4157	658	4
4157	891	4
4157	20170	4
4158	18243	4
4158	19014	4
4158	19963	4
4159	304	4
4160	263	4
4160	278	4
4160	19271	4
4161	7684	4
4162	485	4
4162	3910	4
4162	4504	4
4162	4993	4
4162	6107	4
4162	6562	4
4162	7889	4
4162	8935	4
4162	10891	4
4162	18830	4
4162	18846	4
4162	18974	4
4162	46006	4
4162	46008	4
4163	1307	4
4163	16448	4
4163	19005	4
4164	6566	4
4164	8465	4
4165	4154	4
4165	12275	4
4166	8843	4
4166	23010	4
4166	46009	4
4167	184	4
4167	720	4
4167	1158	4
4167	15804	4
4167	16635	4
4167	18927	4
4167	18973	4
4167	19247	4
4167	19897	4
4168	6568	4
4168	14439	4
4168	23011	4
4170	228	4
4173	14441	4
4173	23014	4
4174	6575	4
4174	6576	4
4175	15677	4
4176	28	4
4176	6578	4
4176	8805	4
4176	9470	4
4176	19135	4
4176	19383	4
4176	21825	4
4177	189	4
4177	472	4
4177	531	4
4177	2240	4
4177	4799	4
4177	6579	4
4177	10712	4
4177	23017	4
4179	4175	4
4179	18830	4
4180	14446	4
4180	14447	4
4181	8568	4
4183	696	4
4183	1079	4
4183	7875	4
4183	19232	4
4183	19485	4
4183	19972	4
4184	278	4
4184	576	4
4184	1802	4
4184	1931	4
4184	7536	4
4184	14450	4
4185	1360	4
4185	2672	4
4186	6582	4
4186	14451	4
4187	4977	4
4187	14453	4
4187	14455	4
4188	256	4
4188	2841	4
4188	8035	4
4188	9687	4
4188	14456	4
4188	22467	4
4188	45341	4
4188	46012	4
4190	6586	4
4190	8861	4
4190	8905	4
4190	23020	4
4191	1629	4
4191	8539	4
4191	8862	4
4191	8900	4
4191	13648	4
4191	14173	4
4191	14460	4
4192	1951	4
4192	10524	4
4193	236	4
4193	473	4
4193	850	4
4193	3661	4
4193	7564	4
4193	8045	4
4193	8880	4
4193	9511	4
4193	9836	4
4193	11020	4
4193	18844	4
4193	19414	4
4194	14465	4
4194	22563	4
4195	1287	4
4196	313	4
4196	11201	4
4196	19574	4
4197	772	4
4197	801	4
4197	13888	4
4197	14470	4
4197	14471	4
4197	18830	4
4197	18872	4
4197	18917	4
4197	19020	4
4199	4466	4
4199	14473	4
4199	18255	4
4199	18256	4
4200	15792	4
4200	19020	4
4201	1203	4
4201	3781	4
4201	15895	4
4201	20287	4
4202	566	4
4202	7503	4
4203	7	4
4203	82	4
4203	441	4
4203	817	4
4203	1171	4
4203	1717	4
4203	3025	4
4203	6503	4
4203	6594	4
4203	14474	4
4203	18884	4
4203	18917	4
4203	18923	4
4203	19137	4
4203	19141	4
4203	19176	4
4203	19202	4
4203	19283	4
4203	21600	4
4203	21819	4
4203	22320	4
4203	46015	4
4204	31	4
4204	19502	4
4205	155	4
4205	304	4
4205	2518	4
4205	9574	4
4205	9983	4
4205	14349	4
4205	14480	4
4205	18818	4
4205	22784	4
4205	45867	4
4206	43	4
4206	8286	4
4206	9577	4
4207	1260	4
4207	3049	4
4207	14481	4
4207	17632	4
4208	89	4
4208	6600	4
4210	216	4
4210	3913	4
4210	4452	4
4210	5600	4
4210	7922	4
4210	13044	4
4210	14486	4
4210	19151	4
4210	19210	4
4211	4633	4
4211	6603	4
4211	8820	4
4211	19272	4
4213	55	4
4213	126	4
4213	8113	4
4213	8465	4
4213	8641	4
4213	11268	4
4214	14489	4
4215	782	4
4215	18884	4
4215	22499	4
4216	287	4
4216	19485	4
4216	23031	4
4217	65	4
4220	7756	4
4220	14490	4
4220	14491	4
4220	14492	4
4221	10552	4
4222	2755	4
4222	6607	4
4222	7834	4
4222	7928	4
4222	13728	4
4222	14495	4
4222	14496	4
4223	313	4
4223	3237	4
4223	17430	4
4225	3241	4
4226	19189	4
4228	369	4
4229	498	4
4229	6610	4
4229	7993	4
4229	9609	4
4229	19217	4
4229	23034	4
4229	23036	4
4230	553	4
4232	19365	4
4232	46017	4
4233	4754	4
4233	14509	4
4233	15729	4
4234	56	4
4234	888	4
4234	3695	4
4234	4012	4
4234	4564	4
4234	4675	4
4234	5310	4
4234	6614	4
4234	6615	4
4234	10607	4
4234	21093	4
4234	23038	4
4234	23041	4
4236	18890	4
4237	2756	4
4237	6379	4
4237	10823	4
4237	13676	4
4237	14511	4
4237	14512	4
4237	14514	4
4237	14515	4
4237	18272	4
4237	20494	4
4238	18824	4
4240	12214	4
4240	14516	4
4240	14517	4
4240	45139	4
4240	46019	4
4241	6618	4
4241	18273	4
4242	2849	4
4242	11701	4
4242	19427	4
4243	216	4
4243	766	4
4243	19105	4
4244	4442	4
4244	19189	4
4247	1677	4
4248	242	4
4248	313	4
4248	5509	4
4248	8496	4
4248	19703	4
4248	19705	4
4248	22661	4
4248	23049	4
4250	6622	4
4251	1013	4
4252	186	4
4252	7907	4
4252	8433	4
4252	8640	4
4253	7	4
4253	1086	4
4253	8197	4
4253	14524	4
4253	19593	4
4254	126	4
4254	357	4
4254	411	4
4254	1493	4
4254	3012	4
4254	18834	4
4255	14527	4
4256	267	4
4256	6623	4
4256	9168	4
4257	14503	4
4258	1312	4
4258	8987	4
4258	18280	4
4258	23052	4
4259	3	4
4259	435	4
4260	435	4
4260	10007	4
4260	10712	4
4261	72	4
4261	370	4
4261	5478	4
4261	6626	4
4261	14532	4
4261	20879	4
4261	21511	4
4261	23054	4
4262	3113	4
4262	3593	4
4262	11413	4
4262	20382	4
4263	313	4
4264	6628	4
4264	8590	4
4265	14534	4
4265	18917	4
4265	19098	4
4265	21111	4
4265	21336	4
4265	21659	4
4267	7677	4
4267	9153	4
4267	9577	4
4267	9896	4
4267	13354	4
4267	14537	4
4267	14539	4
4267	14541	4
4267	21952	4
4268	278	4
4268	1685	4
4268	9762	4
4268	19078	4
4268	20562	4
4268	45910	4
4269	14556	4
4270	6643	4
4271	25	4
4271	29	4
4271	319	4
4271	1942	4
4271	2071	4
4271	4330	4
4271	6502	4
4271	6644	4
4271	6645	4
4271	6646	4
4271	8645	4
4271	10712	4
4271	12010	4
4271	13291	4
4271	18813	4
4271	18844	4
4271	18873	4
4271	18924	4
4271	18946	4
4271	18997	4
4271	19029	4
4271	19080	4
4271	19142	4
4271	19283	4
4271	19491	4
4271	19991	4
4271	20060	4
4271	20245	4
4271	23057	4
4271	23058	4
4273	18901	4
4273	20949	4
4273	23059	4
4274	12587	4
4274	14558	4
4275	854	4
4275	4152	4
4275	5243	4
4275	10672	4
4275	10795	4
4275	14560	4
4275	18293	4
4275	19151	4
4275	19366	4
4275	20394	4
4275	21336	4
4275	21602	4
4276	33	4
4276	2153	4
4276	6652	4
4277	335	4
4277	1464	4
4277	6655	4
4277	7576	4
4277	14562	4
4277	19076	4
4278	743	4
4278	2917	4
4278	14564	4
4278	16085	4
4278	18862	4
4279	1655	4
4279	1791	4
4279	6656	4
4279	6657	4
4279	13977	4
4281	4814	4
4281	7679	4
4283	1649	4
4283	6660	4
4283	10947	4
4283	14573	4
4283	18297	4
4283	19122	4
4283	19622	4
4283	22776	4
4284	275	4
4284	8286	4
4284	18300	4
4285	18942	4
4286	1746	4
4286	6661	4
4286	16861	4
4286	19090	4
4286	19167	4
4286	19533	4
4286	19779	4
4286	23062	4
4287	639	4
4287	7577	4
4288	189	4
4288	385	4
4288	398	4
4288	500	4
4288	5738	4
4288	5834	4
4288	6665	4
4288	7768	4
4288	8204	4
4288	8590	4
4288	9785	4
4288	9877	4
4288	11005	4
4288	11729	4
4288	18945	4
4289	82	4
4289	2537	4
4289	6094	4
4289	6666	4
4289	6667	4
4289	8798	4
4289	14578	4
4289	17997	4
4289	18303	4
4289	19122	4
4289	23018	4
4289	46027	4
4290	385	4
4290	1033	4
4290	1286	4
4290	9107	4
4290	18830	4
4291	2069	4
4291	9035	4
4291	20156	4
4291	21219	4
4291	23070	4
4291	23071	4
4291	45010	4
4291	45086	4
4291	46029	4
4292	1063	4
4292	1073	4
4292	7531	4
4292	10535	4
4292	14583	4
4293	7544	4
4293	8882	4
4294	11171	4
4294	14584	4
4294	14585	4
4294	46034	4
4295	5638	4
4297	8433	4
4298	82	4
4298	216	4
4298	228	4
4298	351	4
4298	492	4
4298	2907	4
4298	5114	4
4298	7836	4
4298	9974	4
4298	11419	4
4298	17985	4
4298	17986	4
4298	18866	4
4298	18884	4
4298	19012	4
4298	19610	4
4298	19737	4
4298	19832	4
4298	19837	4
4298	46036	4
4299	216	4
4299	250	4
4299	6677	4
4299	12825	4
4299	14592	4
4299	19100	4
4299	19110	4
4299	21716	4
4299	46002	4
4301	691	4
4301	7925	4
4302	954	4
4302	1020	4
4302	9020	4
4302	9053	4
4302	9076	4
4302	9188	4
4302	10744	4
4302	10883	4
4302	14594	4
4302	18318	4
4302	44990	4
4303	662	4
4303	1063	4
4303	1073	4
4303	1151	4
4303	2252	4
4303	2257	4
4303	2405	4
4303	2612	4
4303	6679	4
4303	6682	4
4303	9651	4
4303	9688	4
4303	14595	4
4303	14596	4
4303	18320	4
4303	20416	4
4305	43	4
4305	2029	4
4305	2955	4
4305	3189	4
4305	21930	4
4306	440	4
4306	3083	4
4306	3492	4
4306	4620	4
4306	5824	4
4306	7930	4
4306	14598	4
4306	14602	4
4306	14603	4
4306	14604	4
4306	15804	4
4306	18825	4
4306	18927	4
4306	18948	4
4306	22824	4
4307	3714	4
4308	3784	4
4308	6686	4
4309	7677	4
4309	12036	4
4310	6688	4
4310	14606	4
4310	19723	4
4310	23079	4
4310	23080	4
4311	10	4
4311	133	4
4311	191	4
4311	673	4
4311	744	4
4311	849	4
4311	1099	4
4311	1309	4
4311	1483	4
4311	1766	4
4311	1889	4
4311	2490	4
4311	3442	4
4311	3738	4
4311	3740	4
4311	4491	4
4311	4649	4
4311	5938	4
4311	6692	4
4311	6693	4
4311	8825	4
4311	11367	4
4311	12224	4
4311	19019	4
4311	19080	4
4311	19103	4
4311	19756	4
4311	20099	4
4311	20741	4
4311	21976	4
4311	22562	4
4311	23081	4
4311	23082	4
4312	8609	4
4313	18324	4
4315	54	4
4316	56	4
4316	73	4
4316	423	4
4316	1073	4
4317	2397	4
4317	6696	4
4317	8086	4
4318	459	4
4318	7587	4
4318	7937	4
4318	19366	4
4318	20136	4
4319	241	4
4319	6697	4
4319	6698	4
4320	191	4
4321	1477	4
4321	3663	4
4321	9953	4
4321	18972	4
4322	6699	4
4322	19140	4
4323	1073	4
4324	43	4
4324	120	4
4324	228	4
4324	277	4
4324	333	4
4324	592	4
4324	595	4
4324	1019	4
4324	1534	4
4324	2816	4
4324	4991	4
4324	8234	4
4324	9323	4
4324	9519	4
4324	14619	4
4324	14620	4
4324	14623	4
4324	14625	4
4324	14626	4
4324	19827	4
4324	19988	4
4324	21208	4
4324	23087	4
4324	23089	4
4324	23090	4
4324	44925	4
4324	45795	4
4324	45862	4
4325	216	4
4325	333	4
4325	459	4
4325	2428	4
4325	3060	4
4325	8464	4
4325	18830	4
4325	18884	4
4325	18949	4
4325	19526	4
4325	19619	4
4325	20787	4
4327	436	4
4327	671	4
4327	7628	4
4327	17649	4
4327	23092	4
4328	313	4
4328	1077	4
4328	1661	4
4328	19288	4
4329	65	4
4329	505	4
4329	12347	4
4329	13684	4
4329	14628	4
4329	17353	4
4329	21714	4
4329	23095	4
4331	278	4
4331	595	4
4331	1493	4
4331	1824	4
4331	5686	4
4331	6057	4
4331	6503	4
4331	14629	4
4331	14631	4
4331	14634	4
4331	18844	4
4331	18945	4
4331	18946	4
4331	18963	4
4331	19022	4
4331	19106	4
4331	19712	4
4331	19758	4
4331	21141	4
4331	21821	4
4331	23097	4
4331	23098	4
4331	23100	4
4331	23103	4
4332	1039	4
4334	4724	4
4334	6717	4
4334	14040	4
4334	16069	4
4334	19028	4
4335	7502	4
4335	7925	4
4335	8113	4
4335	23107	4
4335	23108	4
4336	475	4
4336	1907	4
4336	3417	4
4336	9364	4
4336	10158	4
4336	14637	4
4336	16554	4
4336	18334	4
4339	14133	4
4339	14642	4
4339	18336	4
4339	18875	4
4340	7	4
4340	190	4
4340	278	4
4340	466	4
4340	1247	4
4340	3022	4
4340	10712	4
4340	14530	4
4340	14643	4
4340	18338	4
4340	18913	4
4340	20079	4
4340	21827	4
4340	23114	4
4340	23115	4
4341	10	4
4341	436	4
4341	1824	4
4341	8050	4
4341	18830	4
4341	18923	4
4343	3968	4
4343	45129	4
4344	3954	4
4344	9208	4
4344	9699	4
4344	9815	4
4345	913	4
4345	7663	4
4346	1325	4
4347	6725	4
4347	6727	4
4347	6728	4
4347	6729	4
4347	6730	4
4347	6735	4
4347	23046	4
4347	23118	4
4348	452	4
4348	530	4
4348	746	4
4348	14326	4
4348	18830	4
4348	19020	4
4348	19096	4
4348	19100	4
4348	19291	4
4348	21596	4
4349	14650	4
4351	209	4
4351	19283	4
4352	250	4
4352	1503	4
4352	5521	4
4352	6736	4
4352	8102	4
4352	10526	4
4352	19310	4
4352	20450	4
4352	46055	4
4353	3784	4
4353	15903	4
4355	4217	4
4356	0	4
4356	14	4
4356	242	4
4356	1409	4
4356	2550	4
4356	3420	4
4356	6740	4
4356	6741	4
4356	7721	4
4356	8451	4
4356	8880	4
4356	9397	4
4356	9803	4
4356	11020	4
4356	11122	4
4356	18140	4
4356	19421	4
4356	20166	4
4356	21065	4
4356	23120	4
4360	6742	4
4360	6743	4
4360	18968	4
4361	1099	4
4362	43	4
4362	18885	4
4363	1055	4
4363	2645	4
4363	3103	4
4363	3194	4
4363	6744	4
4363	10838	4
4363	18218	4
4363	18345	4
4363	18347	4
4363	20238	4
4363	23130	4
4363	44826	4
4363	46060	4
4364	18122	4
4365	1461	4
4365	1783	4
4365	44852	4
4366	379	4
4366	488	4
4366	597	4
4366	622	4
4366	2881	4
4366	6121	4
4366	14670	4
4366	18830	4
4366	18844	4
4366	19192	4
4366	19288	4
4366	20142	4
4366	20552	4
4368	4607	4
4369	155	4
4369	333	4
4369	4172	4
4369	4790	4
4369	6749	4
4369	6753	4
4369	18860	4
4369	19631	4
4369	23133	4
4370	1693	4
4370	16668	4
4371	2253	4
4371	6146	4
4371	10672	4
4371	11012	4
4371	18358	4
4371	18359	4
4374	1504	4
4374	1717	4
4374	6758	4
4374	6759	4
4374	11674	4
4374	18360	4
4374	18967	4
4376	22245	4
4377	125	4
4377	126	4
4377	186	4
4377	291	4
4377	1873	4
4377	2978	4
4377	14679	4
4377	15677	4
4377	18361	4
4377	23136	4
4378	7	4
4379	691	4
4379	2785	4
4380	6762	4
4380	12224	4
4382	1464	4
4383	7560	4
4383	21104	4
4385	2325	4
4385	3425	4
4385	6107	4
4385	6562	4
4385	6768	4
4385	6769	4
4385	22967	4
4386	44932	4
4387	915	4
4388	572	4
4389	1739	4
4389	11970	4
4389	19291	4
4389	19619	4
4389	20355	4
4389	20772	4
4390	14686	4
4393	65	4
4393	117	4
4393	5000	4
4393	5604	4
4393	23141	4
4394	468	4
4394	5962	4
4394	8199	4
4395	16819	4
4396	65	4
4397	333	4
4397	576	4
4397	1538	4
4397	8092	4
4397	8311	4
4397	8403	4
4397	9338	4
4397	10427	4
4397	45445	4
4399	21	4
4399	436	4
4399	4804	4
4399	18366	4
4399	18819	4
4399	19257	4
4400	553	4
4400	691	4
4400	1072	4
4400	8306	4
4400	8458	4
4400	13619	4
4400	13711	4
4400	18367	4
4401	1341	4
4401	1933	4
4401	3648	4
4401	4000	4
4401	19218	4
4402	6776	4
4402	6777	4
4402	6779	4
4402	6782	4
4402	14691	4
4402	18369	4
4402	18370	4
4402	23148	4
4402	23152	4
4402	46066	4
4404	456	4
4404	592	4
4404	12216	4
4404	19832	4
4404	46067	4
4405	204	4
4405	7907	4
4407	23156	4
4408	6697	4
4408	14694	4
4408	14696	4
4408	18834	4
4408	18974	4
4408	19091	4
4408	46069	4
4410	305	4
4410	6787	4
4410	6788	4
4410	14346	4
4410	19107	4
4410	22047	4
4410	46070	4
4412	3629	4
4412	7517	4
4412	7628	4
4412	7915	4
4412	7954	4
4412	8104	4
4412	8159	4
4412	8765	4
4412	10155	4
4412	10812	4
4412	12010	4
4412	12338	4
4412	14702	4
4412	18844	4
4412	18876	4
4412	18945	4
4412	18946	4
4412	18949	4
4412	19347	4
4412	20454	4
4412	22489	4
4413	14705	4
4413	18812	4
4413	19070	4
4413	21965	4
4414	72	4
4415	541	4
4415	5561	4
4416	313	4
4417	6793	4
4417	6794	4
4417	12707	4
4417	13295	4
4417	46072	4
4418	6795	4
4418	6796	4
4418	19653	4
4418	20041	4
4419	441	4
4419	477	4
4419	6797	4
4419	7626	4
4419	8622	4
4419	9610	4
4419	10043	4
4419	10319	4
4419	18826	4
4419	18946	4
4419	19272	4
4419	20406	4
4419	21870	4
4421	8541	4
4421	18879	4
4422	1086	4
4422	3044	4
4422	4096	4
4422	4388	4
4422	6800	4
4422	6801	4
4422	14714	4
4422	18927	4
4422	20682	4
4423	317	4
4423	46075	4
4424	6802	4
4425	597	4
4425	20931	4
4425	23164	4
4425	46076	4
4426	3456	4
4426	4805	4
4426	6805	4
4426	20460	4
4426	46077	4
4427	18818	4
4427	19340	4
4428	7828	4
4428	7891	4
4428	8899	4
4428	11012	4
4428	11808	4
4428	14716	4
4428	46078	4
4428	46079	4
4429	186	4
4429	3266	4
4429	20168	4
4430	4171	4
4430	7979	4
4430	14728	4
4430	19290	4
4431	7586	4
4431	44802	4
4435	416	4
4437	71	4
4437	14736	4
4438	424	4
4439	6808	4
4439	8768	4
4439	10677	4
4439	19043	4
4439	19201	4
4440	7899	4
4440	9484	4
4440	18818	4
4441	913	4
4441	1590	4
4441	6811	4
4441	8187	4
4441	19004	4
4443	14741	4
4444	7	4
4444	850	4
4444	1905	4
4444	4608	4
4444	6121	4
4444	6813	4
4444	7509	4
4444	7626	4
4444	7884	4
4444	7946	4
4444	7955	4
4444	8057	4
4444	8068	4
4444	8078	4
4444	8112	4
4444	8330	4
4444	8624	4
4444	8768	4
4444	9616	4
4444	11881	4
4444	12424	4
4444	15793	4
4444	17537	4
4444	19622	4
4444	20551	4
4445	520	4
4445	8496	4
4445	13340	4
4445	13589	4
4445	14747	4
4445	18382	4
4445	18384	4
4445	18385	4
4445	18386	4
4445	19530	4
4445	44804	4
4445	45224	4
4445	45849	4
4445	45869	4
4445	45904	4
4445	45909	4
4445	46085	4
4445	46087	4
4446	5596	4
4447	158	4
4447	733	4
4447	4195	4
4447	6815	4
4447	19218	4
4447	19476	4
4447	19822	4
4448	1629	4
4448	6348	4
4448	6818	4
4448	13354	4
4448	23174	4
4448	44956	4
4449	16	4
4449	6819	4
4450	555	4
4452	4048	4
4452	11541	4
4454	7911	4
4454	9085	4
4454	9133	4
4456	3781	4
4456	7771	4
4456	7996	4
4456	11524	4
4456	16818	4
4457	1380	4
4457	2211	4
4457	2405	4
4457	6821	4
4457	9891	4
4457	14754	4
4457	14755	4
4457	18844	4
4457	18949	4
4457	19018	4
4457	19312	4
4457	19621	4
4457	19975	4
4458	54	4
4458	18895	4
4459	1286	4
4459	45310	4
4460	14507	4
4460	15994	4
4460	18391	4
4460	18830	4
4460	20380	4
4461	767	4
4461	23178	4
4462	5401	4
4462	7829	4
4462	18972	4
4463	12290	4
4464	855	4
4464	1036	4
4464	7522	4
4464	15701	4
4464	18826	4
4465	439	4
4465	6826	4
4465	8050	4
4465	10334	4
4465	13643	4
4465	15632	4
4465	18845	4
4465	19644	4
4465	21706	4
4466	6828	4
4466	14762	4
4466	18392	4
4467	250	4
4467	696	4
4467	2408	4
4467	4086	4
4467	7522	4
4467	7638	4
4467	8156	4
4467	8403	4
4467	8496	4
4467	10052	4
4467	10168	4
4467	10606	4
4467	11601	4
4467	11889	4
4467	12022	4
4467	17228	4
4467	18394	4
4467	23185	4
4468	6834	4
4468	14460	4
4468	19823	4
4469	871	4
4469	1320	4
4469	14767	4
4471	627	4
4471	7621	4
4471	7714	4
4471	9012	4
4471	18830	4
4472	576	4
4472	8016	4
4472	8234	4
4473	278	4
4473	611	4
4473	1029	4
4473	1238	4
4473	3334	4
4473	6838	4
4473	6839	4
4473	7771	4
4473	10147	4
4473	14769	4
4473	14771	4
4473	16554	4
4473	18397	4
4473	18400	4
4473	18401	4
4473	18402	4
4473	18404	4
4473	19522	4
4473	20538	4
4474	6841	4
4474	8728	4
4475	23188	4
4476	542	4
4476	46091	4
4477	1532	4
4477	6842	4
4477	6844	4
4477	6845	4
4477	6847	4
4477	14775	4
4478	18917	4
4478	46093	4
4480	425	4
4480	803	4
4480	5254	4
4480	5268	4
4480	6854	4
4480	6856	4
4480	8156	4
4480	10433	4
4480	16722	4
4480	18408	4
4480	18814	4
4480	18841	4
4480	19074	4
4481	1236	4
4481	6860	4
4481	6861	4
4481	6862	4
4481	6864	4
4481	6868	4
4481	6869	4
4481	14777	4
4481	14779	4
4481	18409	4
4481	18410	4
4481	18411	4
4481	19426	4
4481	23191	4
4483	2785	4
4484	1151	4
4485	14782	4
4485	19019	4
4486	7	4
4486	11	4
4486	14	4
4486	15	4
4486	94	4
4486	137	4
4486	216	4
4486	358	4
4486	385	4
4486	436	4
4486	850	4
4486	1085	4
4486	4416	4
4486	7626	4
4486	8050	4
4486	8609	4
4486	11744	4
4486	18819	4
4486	18827	4
4486	18845	4
4486	18923	4
4486	18949	4
4486	19019	4
4486	19028	4
4486	19029	4
4486	19074	4
4486	19096	4
4486	19140	4
4486	19201	4
4486	19274	4
4486	19442	4
4486	19637	4
4486	19947	4
4488	1513	4
4489	1759	4
4490	65	4
4491	6873	4
4491	7518	4
4491	7626	4
4491	8590	4
4491	8622	4
4491	23195	4
4492	9346	4
4493	6874	4
4493	14784	4
4493	14785	4
4494	6875	4
4495	100	4
4495	8680	4
4495	18875	4
4495	19322	4
4495	23197	4
4495	23198	4
4496	1108	4
4496	18946	4
4497	7509	4
4497	7522	4
4497	7923	4
4497	9712	4
4497	9908	4
4497	15996	4
4497	18413	4
4497	44726	4
4500	7	4
4500	541	4
4500	1175	4
4500	2065	4
4500	5067	4
4500	7725	4
4500	18946	4
4500	18950	4
4500	18973	4
4500	19026	4
4500	19070	4
4500	20354	4
4500	21728	4
4500	22697	4
4500	46054	4
4501	45401	4
4502	189	4
4502	250	4
4502	473	4
4502	7615	4
4502	7771	4
4502	8053	4
4502	8204	4
4502	8609	4
4502	8830	4
4502	9396	4
4502	16476	4
4502	19593	4
4502	23207	4
4503	1724	4
4503	6878	4
4503	18845	4
4504	7631	4
4505	2649	4
4506	14796	4
4506	19123	4
4507	8885	4
4507	9567	4
4507	18946	4
4508	913	4
4508	4048	4
4509	2310	4
4511	435	4
4511	23209	4
4511	23210	4
4511	23213	4
4512	250	4
4512	519	4
4512	675	4
4512	1292	4
4512	18866	4
4512	19005	4
4514	3352	4
4515	2115	4
4515	11324	4
4515	18923	4
4516	6881	4
4517	94	4
4518	436	4
4518	1545	4
4518	8045	4
4518	19018	4
4519	21874	4
4521	202	4
4521	1007	4
4521	5940	4
4521	7667	4
4521	8519	4
4521	8577	4
4521	14810	4
4521	18967	4
4521	22969	4
4522	3815	4
4523	6886	4
4525	8326	4
4525	44712	4
4526	186	4
4527	1394	4
4527	20403	4
4527	23221	4
4527	23222	4
4528	4964	4
4529	278	4
4530	1779	4
4531	14817	4
4532	1042	4
4532	2342	4
4532	3337	4
4532	20718	4
4532	21440	4
4533	728	4
4533	14818	4
4533	14824	4
4533	19292	4
4533	19347	4
4533	19615	4
4534	853	4
4537	185	4
4537	313	4
4538	7697	4
4538	18812	4
4538	18815	4
4538	19217	4
4538	20854	4
4539	162	4
4539	3929	4
4539	5835	4
4539	6890	4
4539	8450	4
4539	10084	4
4539	10334	4
4539	12375	4
4539	14831	4
4539	14832	4
4539	18814	4
4539	18922	4
4539	23226	4
4541	82	4
4541	117	4
4541	1371	4
4541	2012	4
4541	5256	4
4541	6891	4
4541	12375	4
4541	14836	4
4541	14837	4
4541	14842	4
4541	14843	4
4541	14844	4
4541	14845	4
4541	14846	4
4541	15622	4
4541	18424	4
4541	18425	4
4541	18428	4
4541	19832	4
4541	20727	4
4541	22517	4
4541	23228	4
4541	46104	4
4542	6893	4
4542	12972	4
4543	669	4
4543	990	4
4543	1923	4
4543	7771	4
4543	8590	4
4543	8891	4
4543	11222	4
4543	18020	4
4543	18923	4
4543	21264	4
4544	9157	4
4544	14847	4
4544	14848	4
4545	317	4
4545	19039	4
4545	19146	4
4545	21038	4
4545	44792	4
4545	45657	4
4546	7	4
4546	55	4
4546	92	4
4546	2286	4
4546	2345	4
4546	4215	4
4546	4299	4
4546	6895	4
4546	18826	4
4546	18967	4
4546	19465	4
4547	7514	4
4547	23231	4
4548	228	4
4548	614	4
4548	2881	4
4548	6896	4
4548	14853	4
4548	19030	4
4548	19062	4
4548	19106	4
4548	19240	4
4548	20089	4
4549	11823	4
4549	18435	4
4549	45498	4
4550	960	4
4550	7611	4
4552	23234	4
4553	6902	4
4553	14859	4
4555	14862	4
4556	18975	4
4557	1578	4
4557	7907	4
4557	14864	4
4557	14865	4
4557	19273	4
4558	1151	4
4558	1791	4
4558	3702	4
4558	9689	4
4558	14866	4
4558	18890	4
4559	695	4
4559	6903	4
4559	19026	4
4559	19106	4
4559	45572	4
4560	305	4
4560	18438	4
4561	3363	4
4561	14869	4
4561	45576	4
4561	46111	4
4562	94	4
4562	370	4
4562	1506	4
4562	4818	4
4562	7714	4
4562	18932	4
4562	18942	4
4562	18943	4
4562	19026	4
4562	19098	4
4562	19391	4
4563	435	4
4563	477	4
4563	847	4
4563	8496	4
4563	19135	4
4564	72	4
4564	137	4
4564	1617	4
4564	6908	4
4564	6909	4
4564	8610	4
4564	9816	4
4564	45559	4
4565	1470	4
4566	597	4
4566	6910	4
4566	6911	4
4566	6913	4
4566	6914	4
4566	6916	4
4566	6918	4
4566	14871	4
4566	14873	4
4566	14874	4
4566	19989	4
4566	23245	4
4566	23246	4
4566	23247	4
4567	766	4
4569	7585	4
4569	7637	4
4569	7685	4
4569	8847	4
4569	8950	4
4569	10812	4
4569	11638	4
4569	14879	4
4569	19773	4
4569	21342	4
4569	23250	4
4569	23253	4
4569	23255	4
4571	117	4
4571	45652	4
4572	823	4
4572	1099	4
4572	1159	4
4572	7499	4
4572	8193	4
4572	9958	4
4572	11661	4
4572	14789	4
4572	15804	4
4572	17203	4
4572	19135	4
4572	20289	4
4574	6193	4
4576	28	4
4576	184	4
4576	242	4
4576	399	4
4576	592	4
4576	817	4
4576	6927	4
4576	7725	4
4576	8507	4
4576	17731	4
4576	17991	4
4576	18447	4
4576	18826	4
4576	18844	4
4576	18875	4
4576	18944	4
4576	18982	4
4576	18991	4
4576	19196	4
4576	19222	4
4576	19334	4
4576	20153	4
4576	20465	4
4576	20781	4
4576	23260	4
4576	23264	4
4577	214	4
4577	399	4
4577	432	4
4577	435	4
4577	564	4
4577	1024	4
4577	1028	4
4577	1175	4
4577	1367	4
4577	3996	4
4577	5555	4
4577	6938	4
4577	9597	4
4577	18951	4
4577	19274	4
4577	20484	4
4577	23267	4
4577	45274	4
4579	5779	4
4579	14892	4
4579	15846	4
4579	20526	4
4581	409	4
4581	1101	4
4581	23271	4
4582	576	4
4582	1531	4
4582	6941	4
4582	14896	4
4582	21219	4
4582	23272	4
4582	23274	4
4582	23275	4
4583	4273	4
4584	3129	4
4585	144	4
4585	877	4
4585	8801	4
4585	13683	4
4585	19621	4
4586	1272	4
4586	8805	4
4586	19098	4
4586	23278	4
4587	221	4
4589	2699	4
4589	8407	4
4589	18982	4
4589	19347	4
4589	19607	4
4589	19615	4
4591	18949	4
4591	19301	4
4591	20464	4
4591	23280	4
4592	10	4
4592	13	4
4592	1286	4
4592	8111	4
4592	22092	4
4593	6946	4
4594	6947	4
4594	7867	4
4594	12010	4
4594	23281	4
4595	35	4
4595	74	4
4595	94	4
4595	216	4
4595	855	4
4595	934	4
4595	1268	4
4595	1272	4
4595	1774	4
4595	4528	4
4595	8259	4
4595	8670	4
4595	8849	4
4595	15804	4
4595	19676	4
4595	19851	4
4597	4260	4
4597	8468	4
4597	18949	4
4597	19037	4
4597	20329	4
4597	23283	4
4597	23285	4
4598	3526	4
4598	14907	4
4599	822	4
4599	2768	4
4599	6950	4
4599	8791	4
4599	14613	4
4599	19276	4
4599	23286	4
4601	14910	4
4601	19024	4
4601	20649	4
4602	20224	4
4603	1969	4
4603	3801	4
4603	10070	4
4604	860	4
4606	120	4
4606	14797	4
4606	18927	4
4606	19026	4
4607	150	4
4607	854	4
4607	1142	4
4607	1257	4
4607	1682	4
4607	2286	4
4607	2929	4
4607	3424	4
4607	3882	4
4607	5483	4
4607	6100	4
4607	6670	4
4607	6955	4
4607	6956	4
4607	8932	4
4607	18884	4
4607	18927	4
4607	19073	4
4607	19107	4
4607	19129	4
4607	19559	4
4607	21756	4
4607	21774	4
4607	23288	4
4607	23291	4
4608	2772	4
4608	9481	4
4608	16562	4
4608	45338	4
4608	45795	4
4609	1363	4
4609	1717	4
4609	4210	4
4609	13221	4
4609	18462	4
4609	18838	4
4609	19513	4
4610	7873	4
4610	11929	4
4610	18463	4
4611	11	4
4611	139	4
4611	673	4
4611	2060	4
4611	3917	4
4611	7752	4
4611	9686	4
4611	18924	4
4611	18968	4
4611	18991	4
4611	19129	4
4611	19428	4
4613	300	4
4613	609	4
4613	690	4
4613	1717	4
4613	4224	4
4613	6960	4
4613	6962	4
4613	12458	4
4613	14918	4
4613	16651	4
4613	17078	4
4613	18464	4
4613	18818	4
4613	19049	4
4613	19948	4
4613	19952	4
4613	45001	4
4613	45635	4
4613	46122	4
4614	4810	4
4614	6963	4
4614	8464	4
4616	557	4
4617	7	4
4617	74	4
4617	952	4
4617	1846	4
4617	9364	4
4617	18946	4
4617	19096	4
4617	19151	4
4617	21685	4
4618	6967	4
4618	20431	4
4619	5575	4
4619	6969	4
4620	15	4
4620	190	4
4620	4779	4
4620	6970	4
4620	7773	4
4620	18466	4
4620	23292	4
4622	8863	4
4623	659	4
4623	7963	4
4623	14920	4
4624	3130	4
4624	6974	4
4624	6975	4
4624	9192	4
4624	11970	4
4624	15820	4
4624	21293	4
4624	44791	4
4625	6977	4
4625	6978	4
4625	16582	4
4625	19221	4
4625	19250	4
4625	19359	4
4625	23297	4
4626	65	4
4626	6979	4
4626	16668	4
4628	870	4
4628	1873	4
4628	14924	4
4629	4353	4
4629	6986	4
4629	6987	4
4629	6989	4
4629	6990	4
4629	6992	4
4629	6994	4
4629	6997	4
4629	14925	4
4629	18468	4
4629	18469	4
4629	18471	4
4629	23301	4
4630	18894	4
4631	1300	4
4631	10941	4
4632	462	4
4632	4747	4
4632	8443	4
4632	9872	4
4632	23303	4
4633	4316	4
4633	23304	4
4634	250	4
4634	2585	4
4634	19491	4
4635	2141	4
4636	54	4
4637	2056	4
4637	7001	4
4637	45516	4
4638	7002	4
4638	20335	4
4639	7997	4
4639	10052	4
4639	11222	4
4640	189	4
4640	7522	4
4640	7628	4
4640	7638	4
4640	8812	4
4640	12259	4
4641	16	4
4641	228	4
4641	287	4
4641	592	4
4641	691	4
4641	1905	4
4641	7752	4
4644	137	4
4644	7006	4
4644	7643	4
4644	8774	4
4644	18473	4
4644	18474	4
4644	23308	4
4645	226	4
4645	304	4
4645	6766	4
4645	18942	4
4645	18951	4
4645	19247	4
4645	19290	4
4645	23309	4
4646	2113	4
4646	14578	4
4650	78	4
4650	5090	4
4650	7509	4
4650	7714	4
4650	10607	4
4650	11525	4
4650	14931	4
4650	15793	4
4650	18875	4
4650	19274	4
4650	19962	4
4650	21918	4
4651	7628	4
4651	7915	4
4651	7957	4
4651	10644	4
4651	10713	4
4651	18924	4
4651	19570	4
4652	3450	4
4652	17430	4
4653	3197	4
4653	11103	4
4653	13679	4
4653	18844	4
4653	18923	4
4653	18942	4
4653	18946	4
4653	18949	4
4653	18975	4
4653	19098	4
4653	19106	4
4653	19137	4
4653	19247	4
4653	19284	4
4653	21050	4
4653	21529	4
4654	411	4
4654	11973	4
4654	18917	4
4654	19167	4
4655	11899	4
4657	367	4
4657	11935	4
4657	14949	4
4657	16608	4
4657	18477	4
4657	18487	4
4657	20795	4
4657	46138	4
4660	7019	4
4661	21146	4
4662	19737	4
4662	23321	4
4663	7022	4
4663	7023	4
4663	14955	4
4664	7685	4
4665	438	4
4665	7927	4
4666	755	4
4666	1783	4
4666	3057	4
4666	3180	4
4666	3968	4
4666	4308	4
4666	4656	4
4666	8735	4
4666	14956	4
4666	14958	4
4666	21927	4
4666	23323	4
4666	23326	4
4666	23329	4
4666	45007	4
4666	45426	4
4667	420	4
4667	7025	4
4667	17420	4
4669	620	4
4669	20252	4
4669	20482	4
4670	4036	4
4670	8840	4
4670	10060	4
4671	0	4
4671	8563	4
4671	10419	4
4672	27	4
4672	8655	4
4673	696	4
4673	1272	4
4674	82	4
4674	207	4
4674	438	4
4674	767	4
4674	1028	4
4674	1591	4
4674	1951	4
4674	2848	4
4674	3185	4
4674	4048	4
4674	7029	4
4674	14967	4
4674	19822	4
4674	21099	4
4675	65	4
4675	5600	4
4675	10626	4
4675	13044	4
4675	14486	4
4675	14487	4
4675	14969	4
4675	19135	4
4676	13	4
4676	1409	4
4676	2488	4
4676	6055	4
4676	7509	4
4676	7626	4
4676	7637	4
4676	7761	4
4676	8590	4
4676	9396	4
4676	9951	4
4676	12577	4
4676	14971	4
4676	16476	4
4676	18862	4
4676	44858	4
4677	466	4
4677	20547	4
4679	4366	4
4679	8031	4
4680	89	4
4680	642	4
4680	671	4
4680	6741	4
4680	19096	4
4681	815	4
4681	14975	4
4682	31	4
4682	13538	4
4683	982	4
4683	1504	4
4683	10349	4
4684	223	4
4684	7875	4
4684	18893	4
4685	134	4
4685	7567	4
4685	14097	4
4685	18496	4
4685	18945	4
4685	23209	4
4686	772	4
4686	6371	4
4686	7035	4
4686	17986	4
4686	18844	4
4686	18982	4
4686	19004	4
4686	19384	4
4686	20017	4
4687	8058	4
4687	23337	4
4688	1099	4
4688	3913	4
4688	8230	4
4688	16671	4
4688	18341	4
4688	18497	4
4691	8899	4
4691	11816	4
4691	14711	4
4691	14977	4
4691	14978	4
4691	18498	4
4692	10906	4
4692	18872	4
4693	1203	4
4693	3835	4
4693	12294	4
4693	14965	4
4694	8250	4
4695	1083	4
4695	18500	4
4696	86	4
4697	23098	4
4698	4993	4
4699	10007	4
4699	19476	4
4700	7801	4
4700	8332	4
4700	9424	4
4700	9683	4
4700	9802	4
4700	18818	4
4700	19414	4
4700	19898	4
4700	20096	4
4701	532	4
4701	671	4
4701	2488	4
4701	19127	4
4702	5375	4
4702	7038	4
4702	7040	4
4702	21629	4
4703	520	4
4703	15833	4
4703	45961	4
4704	82	4
4704	402	4
4704	558	4
4704	823	4
4704	7691	4
4704	7834	4
4704	9683	4
4704	9783	4
4704	10612	4
4704	14984	4
4704	14985	4
4704	15664	4
4704	17254	4
4704	18815	4
4704	18923	4
4704	18946	4
4704	19098	4
4704	19140	4
4704	19232	4
4704	20259	4
4704	23342	4
4705	3510	4
4706	6267	4
4706	14136	4
4706	18510	4
4706	19128	4
4707	14992	4
4707	14995	4
4707	14996	4
4707	14997	4
4709	7047	4
4710	10229	4
4711	435	4
4711	8347	4
4711	19384	4
4713	151	4
4713	15003	4
4713	18932	4
4713	19220	4
4715	426	4
4715	8670	4
4715	10566	4
4715	11779	4
4716	4946	4
4718	8645	4
4718	15005	4
4718	15006	4
4718	15632	4
4718	45640	4
4719	7	4
4719	489	4
4719	717	4
4719	990	4
4719	17502	4
4719	20106	4
4720	16	4
4720	316	4
4720	498	4
4720	1362	4
4720	1368	4
4720	2570	4
4720	7050	4
4720	7667	4
4720	8431	4
4720	8979	4
4720	8985	4
4720	10554	4
4720	10910	4
4720	11868	4
4720	13485	4
4720	15677	4
4720	15754	4
4720	17430	4
4720	17561	4
4720	17722	4
4720	18886	4
4720	18967	4
4720	20590	4
4720	20787	4
4720	23346	4
4720	23350	4
4720	44857	4
4720	45653	4
4720	46147	4
4721	65	4
4722	1312	4
4722	7053	4
4723	65	4
4723	494	4
4723	1540	4
4723	3935	4
4723	4079	4
4723	4707	4
4723	6733	4
4723	18967	4
4723	19715	4
4723	19781	4
4724	226	4
4725	8247	4
4726	5109	4
4726	8546	4
4731	9918	4
4732	7560	4
4732	9412	4
4732	17744	4
4733	8408	4
4733	10334	4
4733	18521	4
4733	23354	4
4733	46153	4
4737	918	4
4737	7056	4
4737	7643	4
4737	8891	4
4737	9012	4
4737	15793	4
4737	16577	4
4738	341	4
4738	954	4
4739	11376	4
4739	13271	4
4739	18818	4
4739	19972	4
4740	35	4
4740	72	4
4740	78	4
4740	2220	4
4740	4608	4
4740	7626	4
4740	9349	4
4740	15013	4
4740	18977	4
4740	19302	4
4740	19358	4
4740	19615	4
4740	22780	4
4741	7875	4
4742	18527	4
4743	399	4
4743	730	4
4743	18836	4
4744	2420	4
4744	18841	4
4744	23359	4
4745	1869	4
4745	15015	4
4746	553	4
4746	8113	4
4746	9385	4
4746	17527	4
4747	8496	4
4747	15017	4
4747	15018	4
4747	16203	4
4748	3893	4
4749	576	4
4749	584	4
4749	592	4
4749	1260	4
4749	1532	4
4749	2274	4
4749	2309	4
4749	18933	4
4749	19030	4
4749	19240	4
4749	19391	4
4749	19411	4
4749	19908	4
4749	21193	4
4749	23362	4
4750	2582	4
4751	335	4
4751	1464	4
4751	3258	4
4751	4484	4
4751	19131	4
4752	45	4
4752	990	4
4752	7621	4
4752	7923	4
4752	8309	4
4752	9010	4
4754	7871	4
4754	8308	4
4754	20339	4
4755	4048	4
4755	5092	4
4755	18530	4
4755	18531	4
4756	542	4
4756	18449	4
4756	19220	4
4757	8309	4
4758	18813	4
4759	1	4
4759	94	4
4759	974	4
4759	1101	4
4759	1294	4
4759	3963	4
4759	4380	4
4759	12317	4
4760	18844	4
4760	18945	4
4760	18946	4
4760	19070	4
4760	19106	4
4760	20126	4
4761	6326	4
4761	18533	4
4761	44700	4
4762	192	4
4762	5647	4
4762	18949	4
4762	21651	4
4763	7065	4
4764	168	4
4764	2046	4
4764	12970	4
4764	19026	4
4764	19176	4
4765	9399	4
4765	18538	4
4765	18827	4
4765	19028	4
4765	46159	4
4766	1040	4
4766	1462	4
4766	7532	4
4767	7890	4
4767	15030	4
4767	18539	4
4767	18894	4
4768	3677	4
4768	4810	4
4768	7548	4
4768	10348	4
4769	1052	4
4769	19310	4
4770	4268	4
4770	18540	4
4770	18541	4
4770	20397	4
4770	23371	4
4770	45539	4
4771	15794	4
4772	494	4
4772	3687	4
4772	7891	4
4773	54	4
4774	185	4
4774	18894	4
4774	19189	4
4776	17	4
4776	9272	4
4776	18825	4
4776	45177	4
4777	18544	4
4777	18546	4
4777	18548	4
4777	23373	4
4777	23374	4
4778	18819	4
4778	19637	4
4778	23376	4
4779	267	4
4779	1373	4
4779	10390	4
4779	23377	4
4780	7	4
4780	8	4
4780	379	4
4780	2219	4
4780	7585	4
4780	15042	4
4780	45067	4
4781	7536	4
4781	20252	4
4782	4417	4
4782	18815	4
4784	7075	4
4785	132	4
4785	15045	4
4785	19283	4
4786	3346	4
4786	7555	4
4786	7898	4
4786	12685	4
4787	23378	4
4789	7080	4
4789	7081	4
4789	12475	4
4789	15050	4
4789	15051	4
4789	15052	4
4790	720	4
4790	8193	4
4791	8	4
4791	14	4
4791	1132	4
4791	2319	4
4791	3245	4
4791	19149	4
4792	202	4
4792	10816	4
4792	13008	4
4792	15059	4
4792	15676	4
4792	19112	4
4792	19939	4
4794	127	4
4794	7082	4
4794	7083	4
4795	16	4
4795	15062	4
4795	19694	4
4796	11	4
4796	15	4
4796	1678	4
4796	3142	4
4796	6233	4
4796	6499	4
4796	6903	4
4796	7085	4
4796	21339	4
4797	15065	4
4797	15067	4
4797	45071	4
4798	15068	4
4799	3429	4
4799	7626	4
4799	19347	4
4799	46170	4
4800	409	4
4800	4225	4
4800	7626	4
4800	7638	4
4800	7773	4
4800	11005	4
4800	18830	4
4800	18838	4
4800	19078	4
4800	19201	4
4800	19696	4
4800	20707	4
4801	5649	4
4801	18894	4
4802	46035	4
4805	7087	4
4806	3088	4
4806	19422	4
4806	19723	4
4807	137	4
4807	7573	4
4807	8827	4
4807	8880	4
4807	9222	4
4807	9349	4
4807	9389	4
4807	9663	4
4807	13006	4
4807	18887	4
4807	18893	4
4807	19020	4
4807	19137	4
4807	19358	4
4807	19449	4
4807	19607	4
4808	14	4
4808	27	4
4808	37	4
4808	190	4
4808	7628	4
4808	8398	4
4808	19049	4
4808	19444	4
4808	20142	4
4808	21540	4
4809	1971	4
4809	10344	4
4810	191	4
4810	300	4
4810	570	4
4810	1281	4
4810	2052	4
4810	7091	4
4810	7522	4
4810	8045	4
4810	9915	4
4810	15074	4
4810	15075	4
4810	18849	4
4810	18917	4
4810	18922	4
4810	18942	4
4810	18977	4
4810	18991	4
4810	19098	4
4810	19106	4
4810	19140	4
4810	19755	4
4810	20096	4
4810	20108	4
4810	21236	4
4810	22068	4
4811	242	4
4811	15077	4
4811	19098	4
4811	23385	4
4812	1608	4
4813	2037	4
4813	8227	4
4813	13885	4
4813	19005	4
4813	19342	4
4814	65	4
4814	186	4
4814	691	4
4814	7094	4
4816	2281	4
4816	19465	4
4817	823	4
4818	153	4
4818	317	4
4818	1293	4
4818	1841	4
4818	7095	4
4818	9033	4
4818	9041	4
4818	9071	4
4818	9351	4
4818	9437	4
4818	10883	4
4818	11981	4
4818	16528	4
4818	19290	4
4818	19544	4
4818	19619	4
4818	45795	4
4819	333	4
4819	493	4
4819	791	4
4819	4041	4
4819	4146	4
4819	5664	4
4819	7096	4
4819	11447	4
4819	18560	4
4819	19069	4
4819	20662	4
4819	20780	4
4819	21716	4
4819	23389	4
4820	435	4
4820	844	4
4820	1258	4
4820	6761	4
4820	7029	4
4820	7983	4
4820	8801	4
4820	18884	4
4820	21981	4
4820	46004	4
4821	35	4
4821	74	4
4821	148	4
4821	318	4
4821	606	4
4821	646	4
4821	675	4
4821	850	4
4821	1285	4
4821	1349	4
4821	2835	4
4821	3455	4
4821	7099	4
4821	7100	4
4821	7101	4
4821	7103	4
4821	7576	4
4821	7643	4
4821	7915	4
4821	8030	4
4821	8031	4
4821	8204	4
4821	8403	4
4821	8748	4
4821	9618	4
4821	9944	4
4821	10777	4
4821	10889	4
4821	11622	4
4821	15086	4
4821	15644	4
4821	18819	4
4821	19026	4
4821	19196	4
4821	19492	4
4821	19621	4
4821	23390	4
4822	7105	4
4822	9694	4
4822	15087	4
4822	18844	4
4822	18917	4
4822	19070	4
4822	22978	4
4822	23391	4
4822	23394	4
4823	7106	4
4823	15088	4
4823	18975	4
4823	19020	4
4823	19098	4
4823	20516	4
4823	21819	4
4823	23395	4
4824	1	4
4824	7	4
4824	2022	4
4824	21171	4
4824	23396	4
4825	35	4
4825	88	4
4825	639	4
4825	1058	4
4825	8037	4
4825	15632	4
4825	19948	4
4826	3183	4
4826	7111	4
4826	23397	4
4827	10711	4
4827	45230	4
4828	7076	4
4828	15091	4
4828	23399	4
4829	216	4
4829	4041	4
4829	19336	4
4829	23401	4
4830	1363	4
4830	4445	4
4830	7113	4
4830	18564	4
4830	18565	4
4830	18566	4
4832	15095	4
4833	502	4
4833	3687	4
4833	7715	4
4833	21748	4
4834	274	4
4834	19422	4
4834	20056	4
4835	4385	4
4835	7626	4
4835	15099	4
4835	15100	4
4835	15103	4
4835	18572	4
4835	19028	4
4835	19074	4
4835	19639	4
4835	20099	4
4835	20142	4
4835	21204	4
4835	22281	4
4835	23405	4
4835	46179	4
4836	855	4
4836	1409	4
4836	7771	4
4836	8880	4
4836	10672	4
4836	18576	4
4837	968	4
4837	10106	4
4838	3621	4
4838	4138	4
4838	12796	4
4839	353	4
4839	1101	4
4839	1849	4
4839	8347	4
4839	11785	4
4839	15108	4
4839	15110	4
4839	16448	4
4839	18949	4
4839	19271	4
4840	429	4
4840	7116	4
4840	19106	4
4840	20020	4
4841	2092	4
4842	599	4
4842	1532	4
4842	2485	4
4842	7773	4
4842	18819	4
4842	18914	4
4842	18927	4
4843	151	4
4844	423	4
4844	476	4
4844	876	4
4844	3654	4
4844	3674	4
4844	6087	4
4844	7611	4
4844	8058	4
4844	18579	4
4844	18580	4
4844	18582	4
4844	18899	4
4844	18917	4
4844	18923	4
4844	18946	4
4844	19019	4
4844	19020	4
4844	19028	4
4844	19070	4
4844	19095	4
4844	19100	4
4844	19140	4
4844	19284	4
4844	19288	4
4844	20344	4
4844	23411	4
4846	8451	4
4846	19181	4
4846	19316	4
4846	19850	4
4846	21543	4
4847	1308	4
4847	19389	4
4848	2763	4
4848	7118	4
4848	23415	4
4849	20217	4
4850	207	4
4850	767	4
4851	23417	4
4852	80	4
4852	850	4
4852	17261	4
4852	18946	4
4853	2238	4
4853	7560	4
4853	7576	4
4853	15857	4
4853	19444	4
4853	23419	4
4854	7121	4
4854	12069	4
4855	2017	4
4855	3800	4
4855	7812	4
4855	8086	4
4855	9071	4
4855	9478	4
4855	10488	4
4855	12985	4
4855	15121	4
4855	15122	4
4856	1151	4
4856	2682	4
4856	9689	4
4856	10344	4
4856	20780	4
4857	8086	4
4857	8167	4
4857	12175	4
4857	15127	4
4857	15128	4
4858	697	4
4858	1331	4
4858	1935	4
4858	7124	4
4858	7125	4
4858	7126	4
4858	8183	4
4858	16448	4
4858	18588	4
4858	18589	4
4861	117	4
4861	673	4
4861	850	4
4861	1065	4
4861	1085	4
4861	9616	4
4861	18818	4
4861	18830	4
4861	19028	4
4861	19029	4
4861	19074	4
4861	20099	4
4861	44754	4
4862	2118	4
4862	11330	4
4862	18591	4
4863	2881	4
4863	7598	4
4863	19047	4
4863	19678	4
4863	20401	4
4863	20713	4
4863	22120	4
4864	1578	4
4865	49	4
4865	187	4
4865	497	4
4865	1505	4
4865	4215	4
4865	15136	4
4865	18593	4
4865	18889	4
4865	18934	4
4865	18974	4
4865	19040	4
4865	20158	4
4865	21293	4
4865	22999	4
4865	23422	4
4866	94	4
4867	136	4
4867	8551	4
4867	9712	4
4867	12458	4
4867	15804	4
4867	20492	4
4868	5246	4
4868	7740	4
4868	8774	4
4868	8873	4
4868	11194	4
4868	15141	4
4869	8247	4
4870	5049	4
4871	853	4
4871	7805	4
4871	7917	4
4871	15144	4
4872	259	4
4872	277	4
4872	7130	4
4872	7131	4
4872	10307	4
4872	12372	4
4872	21694	4
4874	1063	4
4874	15147	4
4875	347	4
4875	6324	4
4875	7134	4
4875	7135	4
4875	23425	4
4876	9480	4
4876	13422	4
4876	15756	4
4877	7137	4
4877	9070	4
4878	1341	4
4879	7729	4
4879	8234	4
4879	8410	4
4879	8912	4
4879	9690	4
4879	10880	4
4879	15151	4
4879	15152	4
4880	539	4
4880	836	4
4880	1387	4
4880	7767	4
4880	8251	4
4880	8922	4
4880	12765	4
4880	18945	4
4880	18949	4
4880	19701	4
4880	23221	4
4881	278	4
4881	2972	4
4881	20020	4
4882	1951	4
4882	5824	4
4882	14239	4
4882	15155	4
4882	19425	4
4883	2095	4
4884	1644	4
4884	6659	4
4884	8234	4
4884	45086	4
4885	1634	4
4885	3014	4
4885	7147	4
4885	7148	4
4885	18597	4
4885	46191	4
4889	10223	4
4890	35	4
4890	327	4
4890	7151	4
4890	7152	4
4890	8830	4
4890	18917	4
4890	18927	4
4891	11117	4
4891	15157	4
4891	15158	4
4891	23431	4
4892	19131	4
4893	14126	4
4893	19749	4
4894	17	4
4894	519	4
4894	7157	4
4894	7162	4
4894	8390	4
4894	9245	4
4894	9303	4
4894	13598	4
4894	14265	4
4894	15087	4
4894	15162	4
4894	15163	4
4894	15166	4
4894	15169	4
4894	15170	4
4894	15171	4
4894	15172	4
4894	15173	4
4894	15174	4
4894	15175	4
4894	15176	4
4894	15177	4
4894	16192	4
4894	18602	4
4894	18606	4
4894	18967	4
4894	19151	4
4894	19337	4
4894	19524	4
4894	19785	4
4894	19969	4
4894	20093	4
4894	20491	4
4894	20787	4
4894	23433	4
4894	23435	4
4894	23436	4
4894	23438	4
4894	23442	4
4894	23449	4
4894	23450	4
4896	252	4
4896	411	4
4896	707	4
4896	2037	4
4896	2426	4
4896	8837	4
4896	15907	4
4896	20794	4
4897	185	4
4898	1487	4
4900	318	4
4900	436	4
4900	12379	4
4901	13115	4
4902	1812	4
4902	2221	4
4902	11966	4
4903	1010	4
4903	46194	4
4904	746	4
4904	10544	4
4906	7169	4
4906	19311	4
4906	23454	4
4907	2650	4
4907	15676	4
4908	155	4
4908	7170	4
4908	8484	4
4908	19378	4
4908	19581	4
4909	718	4
4909	2614	4
4909	2623	4
4909	7172	4
4909	7174	4
4909	8077	4
4909	8869	4
4909	9689	4
4909	13448	4
4909	14076	4
4909	15182	4
4909	15183	4
4909	18923	4
4909	19039	4
4909	19081	4
4909	45253	4
4911	901	4
4911	1987	4
4911	3446	4
4914	19026	4
4917	398	4
4917	947	4
4917	7576	4
4917	7748	4
4917	7884	4
4917	8774	4
4917	8816	4
4917	9121	4
4917	12577	4
4917	16252	4
4917	19274	4
4917	21836	4
4918	423	4
4918	19028	4
4919	2253	4
4919	3830	4
4919	8002	4
4919	14676	4
4919	15193	4
4920	15199	4
4920	19222	4
4920	20528	4
4921	16906	4
4921	19106	4
4921	20225	4
4922	1629	4
4922	7176	4
4922	18860	4
4922	19026	4
4922	19274	4
4922	22905	4
4923	599	4
4923	1728	4
4923	7720	4
4923	8982	4
4923	10265	4
4923	18917	4
4925	9605	4
4926	19764	4
4926	19841	4
4927	7	4
4927	137	4
4927	11605	4
4927	15206	4
4927	19149	4
4928	10291	4
4929	7178	4
4930	241	4
4930	10415	4
4930	15210	4
4930	15211	4
4930	15212	4
4930	19967	4
4931	7181	4
4931	15213	4
4931	15215	4
4931	15216	4
4931	15217	4
4931	18624	4
4931	18625	4
4931	18626	4
4931	18627	4
4932	19707	4
4932	22780	4
4936	2755	4
4936	19076	4
4937	304	4
4937	1287	4
4938	15224	4
4939	16	4
4939	54	4
4939	508	4
4939	15226	4
4939	17566	4
4940	16020	4
4940	19842	4
4942	16099	4
4943	12323	4
4943	14682	4
4944	7184	4
4944	10097	4
4944	15229	4
4944	18818	4
4945	125	4
4945	12526	4
4945	15230	4
4945	15231	4
4945	15232	4
4945	15233	4
4945	19485	4
4946	2141	4
4946	8332	4
4946	12063	4
4947	3420	4
4947	3784	4
4947	7626	4
4948	16	4
4948	117	4
4948	4588	4
4948	9256	4
4948	15754	4
4948	18875	4
4948	19322	4
4948	21772	4
4948	22951	4
4949	1117	4
4949	2233	4
4949	2593	4
4949	5667	4
4949	7674	4
4949	9373	4
4949	18631	4
4949	18632	4
4949	18634	4
4949	18638	4
4949	18884	4
4949	18987	4
4949	20036	4
4949	20041	4
4949	22951	4
4949	23471	4
4949	23474	4
4949	46198	4
4950	72	4
4950	611	4
4950	1254	4
4950	2763	4
4950	7187	4
4950	11483	4
4950	15235	4
4950	15743	4
4950	15978	4
4950	19027	4
4952	7962	4
4953	7189	4
4953	7190	4
4953	7191	4
4953	7193	4
4953	7194	4
4953	7195	4
4953	15237	4
4953	15238	4
4953	15239	4
4953	17848	4
4953	18639	4
4953	23477	4
4954	1047	4
4954	1297	4
4954	2211	4
4954	7530	4
4954	8894	4
4954	9689	4
4954	10017	4
4954	13261	4
4954	13977	4
4954	15241	4
4955	216	4
4955	18829	4
4956	743	4
4957	313	4
4958	436	4
4959	5526	4
4960	4223	4
4960	12435	4
4960	22078	4
4961	18641	4
4961	18934	4
4962	3	4
4962	399	4
4962	3862	4
4962	4686	4
4962	6094	4
4962	7204	4
4962	7205	4
4962	7206	4
4962	7209	4
4962	19012	4
4962	19084	4
4962	19337	4
4962	19823	4
4962	22743	4
4962	23484	4
4963	696	4
4963	8107	4
4963	15246	4
4963	16887	4
4963	19220	4
4964	8869	4
4964	11012	4
4964	15249	4
4965	7838	4
4965	18887	4
4966	204	4
4966	8325	4
4966	15677	4
4966	18645	4
4966	18974	4
4966	19166	4
4966	19414	4
4966	45516	4
4969	2498	4
4971	399	4
4971	2170	4
4971	3913	4
4971	7214	4
4971	11900	4
4971	13637	4
4971	18922	4
4971	18946	4
4971	19292	4
4971	20020	4
4971	46203	4
4971	46205	4
4972	2956	4
4973	7216	4
4973	15913	4
4974	11	4
4974	13	4
4974	90	4
4974	475	4
4974	810	4
4974	1044	4
4974	1477	4
4974	2701	4
4974	3087	4
4974	7829	4
4974	10789	4
4974	12770	4
4974	18943	4
4974	19122	4
4974	19622	4
4974	19637	4
4974	22455	4
4974	23028	4
4975	4062	4
4976	1814	4
4976	23485	4
4978	1078	4
4978	9699	4
4978	10322	4
4979	9023	4
4980	3538	4
4980	8028	4
4980	9359	4
4980	10386	4
4980	20412	4
4980	23487	4
4981	836	4
4982	2355	4
4982	7217	4
4983	3444	4
4983	7222	4
4983	15255	4
4983	17342	4
4983	18651	4
4983	18652	4
4983	18872	4
4983	18917	4
4983	18977	4
4983	19106	4
4984	637	4
4984	1050	4
4984	1151	4
4984	7223	4
4984	9651	4
4984	21041	4
4984	22672	4
4985	339	4
4986	315	4
4986	10277	4
4986	14792	4
4987	23278	4
4989	45181	4
4990	7227	4
4990	7999	4
4990	8286	4
4990	8305	4
4990	15260	4
4990	19026	4
4990	19106	4
4990	19299	4
4990	23490	4
4991	197	4
4991	11601	4
4991	19324	4
4992	304	4
4992	7691	4
4992	15266	4
4993	292	4
4994	7509	4
4994	7867	4
4994	18819	4
4995	691	4
4995	8436	4
4995	13208	4
4995	18889	4
4995	19495	4
4995	21155	4
4995	23496	4
4995	23497	4
4996	4181	4
4996	7808	4
4996	9160	4
4996	10291	4
4996	15273	4
5000	17207	4
5001	190	4
5001	984	4
5001	1308	4
5001	4637	4
5001	7228	4
5001	7230	4
5001	7231	4
5001	8204	4
5001	8854	4
5001	9950	4
5001	16778	4
5001	18876	4
5002	1785	4
5003	15274	4
5003	18991	4
5003	19200	4
5004	443	4
5006	436	4
5006	10319	4
5006	46084	4
5007	8619	4
5007	8718	4
5007	15278	4
5009	7235	4
5009	8512	4
5010	498	4
5010	10457	4
5011	8751	4
5011	11432	4
5012	3510	4
5012	7237	4
5014	2917	4
5014	8274	4
5014	12411	4
5014	19029	4
5014	19522	4
5014	20099	4
5014	21038	4
5015	14087	4
5015	18815	4
5016	832	4
5016	8139	4
5016	18657	4
5016	18974	4
5016	19095	4
5016	46211	4
5017	435	4
5017	2091	4
5017	4466	4
5017	8227	4
5017	45670	4
5017	46213	4
5017	46214	4
5018	7	4
5018	94	4
5018	171	4
5018	267	4
5018	958	4
5018	1050	4
5018	1369	4
5018	1676	4
5018	5223	4
5018	7671	4
5018	8320	4
5018	8408	4
5018	9168	4
5018	10607	4
5018	12323	4
5018	15283	4
5018	15287	4
5018	15289	4
5018	18659	4
5018	18841	4
5018	19012	4
5018	19383	4
5018	19637	4
5018	21414	4
5018	22009	4
5018	22286	4
5018	46215	4
5019	547	4
5019	11020	4
5020	5854	4
5020	8899	4
5021	2902	4
5021	7506	4
5021	7551	4
5021	7987	4
5021	11417	4
5021	15294	4
5024	7246	4
5024	17769	4
5024	46045	4
5025	6121	4
5025	7248	4
5025	10777	4
5025	15632	4
5026	7249	4
5026	7252	4
5026	7253	4
5026	18664	4
5026	23352	4
5027	7255	4
5027	15305	4
5027	21708	4
5028	370	4
5028	427	4
5028	430	4
5028	468	4
5028	1321	4
5028	2768	4
5028	3429	4
5028	5817	4
5028	15308	4
5028	17340	4
5028	18667	4
5028	19647	4
5028	44853	4
5029	4270	4
5029	5277	4
5029	7257	4
5029	7258	4
5029	7259	4
5029	7262	4
5029	7264	4
5029	7502	4
5029	15312	4
5029	15313	4
5029	15315	4
5029	15316	4
5029	17041	4
5029	18670	4
5029	18838	4
5029	18844	4
5029	18894	4
5029	19093	4
5029	19098	4
5029	19121	4
5029	19132	4
5029	19167	4
5029	19252	4
5029	19283	4
5029	19302	4
5029	19513	4
5030	23506	4
5031	1006	4
5031	1717	4
5031	4244	4
5031	4259	4
5031	7268	4
5031	7777	4
5031	8146	4
5031	8690	4
5031	10219	4
5031	10784	4
5031	11736	4
5031	11943	4
5031	11984	4
5031	15320	4
5031	18510	4
5031	18674	4
5031	18675	4
5031	18676	4
5031	18841	4
5031	19022	4
5031	20336	4
5031	20464	4
5031	20861	4
5031	22475	4
5031	23507	4
5031	23508	4
5032	4787	4
5032	8035	4
5032	15323	4
5032	19771	4
5033	1039	4
5033	7598	4
5033	19378	4
5033	46225	4
5034	411	4
5034	894	4
5034	19091	4
5034	19098	4
5034	19607	4
5035	408	4
5035	7269	4
5035	7272	4
5035	7275	4
5035	7276	4
5035	7277	4
5035	7278	4
5035	7280	4
5035	7281	4
5035	7282	4
5036	2592	4
5036	13850	4
5037	15331	4
5037	15334	4
5037	18682	4
5037	18683	4
5037	18684	4
5037	18685	4
5038	123	4
5038	562	4
5038	707	4
5038	740	4
5038	2543	4
5038	3686	4
5038	4588	4
5038	7291	4
5038	7293	4
5038	7294	4
5038	9172	4
5038	9958	4
5038	15336	4
5038	16273	4
5038	16275	4
5038	18838	4
5038	18933	4
5038	18949	4
5038	18984	4
5038	19337	4
5038	19590	4
5038	20762	4
5038	23513	4
5038	44712	4
5039	422	4
5039	7687	4
5039	7697	4
5039	7987	4
5039	11277	4
5040	915	4
5040	5255	4
5040	20580	4
5041	8244	4
5042	185	4
5046	7296	4
5046	7297	4
5046	7298	4
5046	18688	4
5047	9305	4
5047	15340	4
5047	16827	4
5047	18109	4
5047	18825	4
5047	21544	4
5048	7649	4
5048	23516	4
5049	7301	4
5049	10910	4
5050	904	4
5050	2052	4
5050	7302	4
5050	8355	4
5050	9826	4
5050	9979	4
5050	15343	4
5050	18818	4
5050	18858	4
5050	19019	4
5050	19030	4
5050	23520	4
5050	23521	4
5050	46226	4
5050	46227	4
5050	46228	4
5051	82	4
5051	1177	4
5051	1179	4
5051	2351	4
5051	6685	4
5051	8551	4
5051	15346	4
5051	15347	4
5051	15348	4
5051	17244	4
5051	18945	4
5051	18946	4
5051	18991	4
5051	19140	4
5051	19166	4
5051	19383	4
5052	7753	4
5052	19026	4
5053	7	4
5053	189	4
5053	8751	4
5053	18974	4
5053	19729	4
5053	23524	4
5053	44858	4
5054	1083	4
5054	15352	4
5054	19696	4
5054	22103	4
5055	438	4
5055	592	4
5055	4195	4
5055	19476	4
5056	542	4
5056	1241	4
5056	7626	4
5056	9121	4
5056	18693	4
5056	19136	4
5057	7506	4
5057	7898	4
5057	8757	4
5057	15354	4
5058	3912	4
5058	7795	4
5058	15355	4
5058	15358	4
5058	18695	4
5058	19132	4
5058	19274	4
5058	21246	4
5059	2067	4
5059	18696	4
5059	18698	4
5059	19366	4
5059	20323	4
5059	22156	4
5059	22425	4
5059	23531	4
5060	1905	4
5060	19026	4
5060	19078	4
5061	1428	4
5061	18699	4
5062	19033	4
5063	2612	4
5064	7312	4
5065	15366	4
5065	19074	4
5065	45760	4
5066	20167	4
5068	278	4
5068	958	4
5068	7243	4
5068	11833	4
5068	15369	4
5068	15370	4
5068	15374	4
5068	15375	4
5068	23536	4
5068	23538	4
5072	2502	4
5072	7316	4
5072	7317	4
5072	7719	4
5072	15380	4
5072	15381	4
5072	15382	4
5072	18946	4
5072	19014	4
5073	7	4
5073	8330	4
5074	1803	4
5074	18872	4
5074	19151	4
5074	19301	4
5074	19384	4
5074	22344	4
5074	23540	4
5074	45693	4
5075	576	4
5076	209	4
5076	670	4
5076	13681	4
5076	18946	4
5077	190	4
5077	6687	4
5077	8014	4
5077	46236	4
5079	23545	4
5079	23546	4
5079	23548	4
5081	397	4
5081	1103	4
5081	7940	4
5081	18991	4
5081	23097	4
5083	15389	4
5084	581	4
5085	4858	4
5085	7326	4
5085	7327	4
5085	46238	4
5086	1310	4
5086	7954	4
5088	2025	4
5088	7331	4
5088	19271	4
5089	187	4
5089	1312	4
5089	1464	4
5089	3930	4
5089	7332	4
5089	7333	4
5089	7335	4
5089	14579	4
5089	22031	4
5090	7336	4
5090	9864	4
5091	1504	4
5091	21202	4
5092	8877	4
5093	1282	4
5093	23556	4
5094	15398	4
5095	3140	4
5095	7911	4
5097	5508	4
5097	10265	4
5097	15401	4
5097	18923	4
5097	23557	4
5098	411	4
5098	8905	4
5098	15804	4
5098	22318	4
5101	497	4
5101	2593	4
5101	20401	4
5102	3590	4
5102	6092	4
5102	18991	4
5103	850	4
5103	6233	4
5105	15406	4
5107	2153	4
5108	7	4
5108	8	4
5108	14	4
5108	42	4
5108	73	4
5108	139	4
5108	192	4
5108	329	4
5108	364	4
5108	744	4
5108	850	4
5108	857	4
5108	974	4
5108	1016	4
5108	3294	4
5108	5832	4
5108	6813	4
5108	7714	4
5108	8006	4
5108	8058	4
5108	9108	4
5108	15741	4
5108	18845	4
5108	18945	4
5108	19080	4
5108	19096	4
5108	19149	4
5108	19727	4
5109	82	4
5109	1047	4
5109	1050	4
5109	1059	4
5109	1062	4
5109	1712	4
5109	3769	4
5109	5399	4
5110	743	4
5110	2123	4
5110	5472	4
5110	7067	4
5110	8747	4
5110	8773	4
5110	18466	4
5110	18867	4
5110	23561	4
5111	15418	4
5111	23392	4
5112	2592	4
5112	7925	4
5113	15423	4
5113	15424	4
5113	45570	4
5114	1073	4
5116	2120	4
5117	55	4
5117	2881	4
5117	7354	4
5117	15427	4
5118	3431	4
5118	14751	4
5118	18945	4
5118	18998	4
5118	19019	4
5119	2221	4
5119	3687	4
5119	6131	4
5120	1409	4
5120	7577	4
5120	8675	4
5120	9596	4
5120	11257	4
5120	11325	4
5120	13228	4
5120	15119	4
5120	18844	4
5121	2	4
5121	125	4
5121	185	4
5121	2412	4
5121	2782	4
5121	3404	4
5121	5813	4
5121	7357	4
5121	9385	4
5121	10807	4
5121	11235	4
5121	11324	4
5121	15435	4
5121	18884	4
5121	18886	4
5121	18967	4
5121	23565	4
5123	1405	4
5123	7771	4
5123	8805	4
5123	12779	4
5124	514	4
5124	668	4
5124	794	4
5125	3882	4
5125	8405	4
5125	10334	4
5125	15440	4
5125	15441	4
5127	7360	4
5127	10928	4
5127	13662	4
5127	22535	4
5129	145	4
5129	12235	4
5129	18818	4
5129	18991	4
5130	829	4
5130	3993	4
5130	4205	4
5130	5814	4
5130	7363	4
5130	15693	4
5130	18721	4
5131	5	4
5131	46	4
5131	2784	4
5131	8742	4
5131	19952	4
5132	691	4
5132	7555	4
5132	8958	4
5132	9642	4
5132	10386	4
5132	15447	4
5132	19105	4
5133	7	4
5134	304	4
5134	3474	4
5134	8287	4
5134	8899	4
5134	8936	4
5134	23575	4
5136	7371	4
5137	8814	4
5139	7374	4
5140	15625	4
5140	18884	4
5140	19189	4
5140	20947	4
5140	21010	4
5141	3446	4
5142	8436	4
5142	15453	4
5143	82	4
5143	178	4
5143	435	4
5143	720	4
5143	7376	4
5143	7377	4
5143	10465	4
5143	19198	4
5144	8891	4
5144	20013	4
5145	505	4
5145	7173	4
5145	15456	4
5145	15458	4
5146	2229	4
5146	15459	4
5146	21680	4
5147	18858	4
5147	21994	4
5147	23580	4
5147	23582	4
5148	1158	4
5148	7684	4
5148	9550	4
5148	10932	4
5148	18729	4
5148	19122	4
5148	19153	4
5148	19792	4
5148	23584	4
5149	19012	4
5150	292	4
5150	707	4
5150	2204	4
5150	7922	4
5150	8300	4
5150	10348	4
5150	19040	4
5150	19265	4
5151	7380	4
5151	11690	4
5151	19780	4
5152	19176	4
5152	19284	4
5152	19607	4
5152	19621	4
5152	23587	4
5153	379	4
5155	1149	4
5155	15467	4
5155	18735	4
5155	18812	4
5155	19559	4
5155	20233	4
5155	22280	4
5156	74	4
5156	334	4
5156	581	4
5156	990	4
5156	19301	4
5157	1399	4
5158	624	4
5158	852	4
5159	434	4
5159	438	4
5159	1727	4
5159	3996	4
5159	5788	4
5159	7388	4
5159	19352	4
5161	16	4
5161	117	4
5161	204	4
5161	9177	4
5161	9256	4
5161	10273	4
5161	10607	4
5161	16009	4
5161	18853	4
5162	8	4
5162	72	4
5162	117	4
5162	169	4
5162	532	4
5162	611	4
5162	798	4
5162	826	4
5162	1101	4
5162	7390	4
5162	7391	4
5162	7394	4
5162	18884	4
5162	19199	4
5162	19447	4
5163	16593	4
5163	19100	4
5164	185	4
5164	202	4
5164	8433	4
5164	15471	4
5164	19948	4
5164	21089	4
5164	44969	4
5165	411	4
5165	620	4
5165	3111	4
5165	3205	4
5165	3325	4
5166	216	4
5166	7396	4
5170	18945	4
5171	7	4
5171	12	4
5171	134	4
5171	500	4
5171	534	4
5171	720	4
5171	844	4
5171	1719	4
5171	2585	4
5171	2701	4
5171	3336	4
5171	4068	4
5171	7400	4
5171	8908	4
5171	11243	4
5171	12642	4
5171	15473	4
5171	15476	4
5171	15478	4
5171	15483	4
5171	19694	4
5171	23597	4
5173	567	4
5173	7871	4
5173	8519	4
5173	11693	4
5174	200	4
5174	1189	4
5174	1202	4
5174	1203	4
5174	2496	4
5174	9014	4
5174	15779	4
5174	18047	4
5174	19215	4
5174	21156	4
5175	137	4
5175	4379	4
5175	8005	4
5175	9683	4
5175	18833	4
5175	18844	4
5175	18890	4
5175	20358	4
5175	23599	4
5176	862	4
5176	7578	4
5176	7586	4
5177	360	4
5177	5204	4
5177	7090	4
5177	7509	4
5177	7996	4
5177	8675	4
5177	8830	4
5177	9775	4
5177	11245	4
5177	18827	4
5177	19403	4
5177	44897	4
5178	2420	4
5178	7551	4
5178	15490	4
5178	23602	4
5179	7509	4
5181	1073	4
5181	6461	4
5181	21814	4
5181	46255	4
5182	411	4
5182	8484	4
5182	9174	4
5182	10129	4
5182	15469	4
5182	18894	4
5183	26	4
5183	29	4
5183	324	4
5183	6205	4
5183	7411	4
5183	7412	4
5183	18742	4
5183	18827	4
5183	19110	4
5183	19366	4
5183	44956	4
5183	45293	4
5184	708	4
5184	1044	4
5184	1456	4
5184	1506	4
5185	435	4
5185	12395	4
5185	12437	4
5185	18830	4
5185	18922	4
5190	836	4
5190	1418	4
5190	6230	4
5190	10158	4
5190	46258	4
5190	46259	4
5191	473	4
5191	671	4
5191	8095	4
5191	8549	4
5191	9967	4
5191	9993	4
5194	18876	4
5194	19449	4
5194	23604	4
5195	916	4
5195	3210	4
5195	3515	4
5195	10927	4
5195	18747	4
5195	18945	4
5195	19026	4
5195	19106	4
5195	19288	4
5195	19337	4
5195	19597	4
5196	1	4
5196	18	4
5196	250	4
5196	2417	4
5196	4624	4
5196	13219	4
5196	19005	4
5197	185	4
5197	7416	4
5197	23606	4
5198	3694	4
5198	16332	4
5200	743	4
5200	1271	4
5200	7509	4
5201	4029	4
5201	16130	4
5201	18877	4
5201	22938	4
5202	424	4
5202	599	4
5202	8933	4
5204	7420	4
5204	20963	4
5205	5125	4
5206	2946	4
5208	935	4
5208	2067	4
5208	2371	4
5208	7423	4
5208	14127	4
5208	18753	4
5208	20795	4
5208	20796	4
5208	23611	4
5208	23612	4
5208	46264	4
5209	22522	4
5210	10	4
5210	1612	4
5210	15505	4
5210	15914	4
5210	17964	4
5210	18949	4
5210	46265	4
5211	673	4
5211	1948	4
5211	3118	4
5211	7898	4
5211	9728	4
5212	580	4
5213	1115	4
5213	18940	4
5213	46269	4
5214	43	4
5215	9047	4
5215	9480	4
5215	15509	4
5215	17873	4
5215	18461	4
5215	19220	4
5215	20760	4
5215	23616	4
5216	958	4
5216	1101	4
5216	1330	4
5216	15513	4
5216	15514	4
5216	18945	4
5218	8300	4
5218	12253	4
5218	23617	4
5218	45180	4
5219	871	4
5220	3111	4
5221	94	4
5221	918	4
5221	3815	4
5221	7428	4
5221	7519	4
5221	9023	4
5221	9877	4
5221	15518	4
5221	18818	4
5221	18854	4
5221	19076	4
5221	19492	4
5221	19701	4
5223	2517	4
5223	7429	4
5224	2784	4
5225	13231	4
5226	334	4
5226	335	4
5226	671	4
5226	984	4
5226	1407	4
5226	4637	4
5226	7509	4
5226	7810	4
5226	8068	4
5226	10526	4
5226	15522	4
5226	18875	4
5226	18991	4
5226	20137	4
5226	22814	4
5226	23622	4
5227	3111	4
5228	155	4
5229	603	4
5229	8146	4
5229	19749	4
5229	21381	4
5230	15811	4
5231	599	4
5231	3840	4
5232	163	4
5232	333	4
5232	853	4
5232	990	4
5232	1019	4
5232	1109	4
5232	3800	4
5232	7434	4
5232	7435	4
5232	7439	4
5232	9035	4
5232	9099	4
5232	9305	4
5232	9563	4
5232	10488	4
5232	11372	4
5232	11638	4
5232	13054	4
5232	14594	4
5232	15528	4
5232	15529	4
5232	15530	4
5232	15531	4
5232	15532	4
5232	15533	4
5232	16053	4
5232	18766	4
5232	18769	4
5232	18770	4
5232	18771	4
5232	18772	4
5232	18773	4
5232	18896	4
5232	18911	4
5232	19039	4
5232	19587	4
5232	19723	4
5232	19774	4
5232	20170	4
5232	20272	4
5232	20275	4
5232	20290	4
5232	21920	4
5232	22194	4
5232	23629	4
5232	23631	4
5233	985	4
5233	3492	4
5233	8300	4
5234	117	4
5234	125	4
5234	18894	4
5234	19049	4
5234	19485	4
5235	2310	4
5235	6888	4
5235	15534	4
5235	18774	4
5236	840	4
5240	1783	4
5241	7442	4
5242	1287	4
5243	8559	4
5244	4133	4
5244	7443	4
5244	7446	4
5244	16221	4
5244	19247	4
5244	46003	4
5245	399	4
5245	8262	4
5245	10334	4
5245	22975	4
5246	2114	4
5246	8899	4
5246	10941	4
5246	19247	4
5246	23634	4
5247	2546	4
5248	7416	4
5248	7541	4
5248	8167	4
5248	8234	4
5248	9309	4
5248	11014	4
5248	15544	4
5248	18169	4
5248	18775	4
5248	23636	4
5248	23637	4
5251	179	4
5251	8246	4
5252	313	4
5252	1849	4
5252	7876	4
5253	855	4
5253	1084	4
5253	3840	4
5253	8251	4
5253	18945	4
5253	19271	4
5253	44736	4
5254	8	4
5254	43	4
5254	72	4
5254	117	4
5254	120	4
5254	137	4
5254	228	4
5254	444	4
5254	519	4
5254	530	4
5254	947	4
5254	1493	4
5254	1857	4
5254	2094	4
5254	2490	4
5254	3771	4
5254	3830	4
5254	4340	4
5254	5459	4
5254	5686	4
5254	6171	4
5254	7448	4
5254	7452	4
5254	7453	4
5254	7456	4
5254	7457	4
5254	7458	4
5254	7628	4
5254	7855	4
5254	7875	4
5254	7922	4
5254	8003	4
5254	8753	4
5254	9348	4
5254	9530	4
5254	9958	4
5254	10273	4
5254	11262	4
5254	11875	4
5254	12532	4
5254	12734	4
5254	14303	4
5254	14697	4
5254	14698	4
5254	15549	4
5254	15553	4
5254	15554	4
5254	15556	4
5254	15560	4
5254	15564	4
5254	18778	4
5254	18779	4
5254	18781	4
5254	18782	4
5254	18783	4
5254	18812	4
5254	18891	4
5254	18894	4
5254	18946	4
5254	18974	4
5254	19090	4
5254	19274	4
5254	19414	4
5254	19422	4
5254	19483	4
5254	20801	4
5254	21336	4
5254	21492	4
5254	22057	4
5254	22078	4
5254	22082	4
5254	22542	4
5254	23103	4
5254	23639	4
5254	23640	4
5254	23643	4
5254	23644	4
5254	23645	4
5254	23648	4
5254	23649	4
5254	45351	4
5254	46277	4
5255	16	4
5255	842	4
5255	2563	4
5255	7923	4
5255	9386	4
5255	9663	4
5255	15642	4
5255	15814	4
5255	16247	4
5255	17193	4
5255	18859	4
5255	19005	4
5255	19358	4
5255	19389	4
5255	19391	4
5255	19559	4
5255	19837	4
5255	20236	4
5255	21745	4
5255	22054	4
5255	23196	4
5255	23207	4
5255	23652	4
5255	23658	4
5255	46280	4
5256	7771	4
5257	3685	4
5258	5310	4
5259	333	4
5259	592	4
5259	1010	4
5259	1623	4
5259	1742	4
5259	1841	4
5259	1966	4
5259	3800	4
5259	4134	4
5259	7462	4
5259	7464	4
5259	7465	4
5259	7466	4
5259	9309	4
5259	9863	4
5259	15571	4
5259	15572	4
5259	15578	4
5259	15579	4
5259	21445	4
5259	23659	4
5261	1717	4
5261	9597	4
5261	15580	4
5262	88	4
5263	7467	4
5263	23660	4
5265	804	4
5265	18791	4
5265	18923	4
5265	45422	4
5266	370	4
5266	8119	4
5266	12010	4
5266	14551	4
5266	15582	4
5268	7	4
5268	21	4
5268	117	4
5268	187	4
5268	242	4
5268	4004	4
5268	7509	4
5268	8200	4
5268	8672	4
5268	9987	4
5268	14524	4
5268	15585	4
5268	16341	4
5268	18796	4
5268	19011	4
5269	2561	4
5269	7649	4
5269	8965	4
5269	11735	4
5269	15586	4
5269	15587	4
5270	6957	4
5270	7469	4
5271	11	4
5271	379	4
5271	913	4
5271	8499	4
5271	8975	4
5271	11005	4
5271	22887	4
5272	188	4
5272	252	4
5272	18798	4
5273	1297	4
5273	2649	4
5274	71	4
5274	137	4
5274	277	4
5274	335	4
5274	1189	4
5274	2078	4
5274	2881	4
5274	3648	4
5274	10887	4
5274	10888	4
5274	18884	4
5274	19057	4
5274	19058	4
5274	19631	4
5274	20383	4
5274	23665	4
5274	45158	4
5275	94	4
5275	423	4
5275	2558	4
5275	46282	4
5276	7470	4
5277	360	4
5277	530	4
5277	11699	4
5277	19169	4
5277	20226	4
5277	20401	4
5278	333	4
5278	9425	4
5278	14428	4
5278	14870	4
5278	15569	4
5279	7754	4
5279	44897	4
5282	867	4
5282	13320	4
5282	45471	4
5283	4707	4
5284	1246	4
5284	1824	4
5284	2243	4
5284	3650	4
5284	3948	4
5284	7472	4
5284	7473	4
5284	19422	4
5284	22882	4
5285	7474	4
5285	19022	4
5285	23669	4
5285	23670	4
5286	8034	4
5286	18840	4
5286	46287	4
5287	599	4
5289	45820	4
5290	990	4
5290	7478	4
5290	11121	4
5290	18876	4
5290	20290	4
5292	13700	4
5292	22091	4
5292	23675	4
5293	1825	4
5293	3960	4
5293	19340	4
5295	7481	4
5295	23676	4
5296	5101	4
5296	7482	4
5296	15594	4
5296	23677	4
5297	22990	4
5298	17	4
5298	74	4
5298	850	4
5298	862	4
5298	1285	4
5298	1380	4
5298	3724	4
5298	7483	4
5300	318	4
5300	2643	4
5300	15140	4
5301	359	4
5302	5745	4
5302	11083	4
5302	15597	4
5302	19098	4
5302	19141	4
5302	19729	4
5302	20032	4
5302	23680	4
5304	117	4
5304	262	4
5304	399	4
5304	767	4
5304	1824	4
5304	2002	4
5304	7983	4
5304	18806	4
5304	18844	4
5304	18927	4
5305	7952	4
5305	8053	4
5305	9618	4
5307	767	4
5307	3734	4
5308	1849	4
5308	46292	4
5309	635	4
5309	834	4
5309	1312	4
5309	3365	4
5309	7486	4
5309	7626	4
5309	7628	4
5309	7638	4
5309	7954	4
5309	8215	4
5309	9785	4
5309	12022	4
5309	19151	4
5309	19251	4
5310	1152	4
5311	786	4
5311	1047	4
5311	1902	4
5311	2319	4
5311	2835	4
5311	8590	4
5312	20210	4
5313	45780	4
5314	369	4
5314	18825	4
5314	18830	4
5314	18951	4
5315	7490	4
5316	497	4
5316	614	4
5316	2286	4
5316	7492	4
5316	18933	4
5317	10263	4
5317	16145	4
5317	45126	4
5318	18818	4
5318	18894	4
5319	773	4
5319	1698	4
5319	18872	4
5319	19384	4
5320	8611	4
5321	507	4
5321	19497	4
5322	18894	4
5323	7493	4
5323	7834	4
5323	8500	4
5323	9597	4
5323	17235	4
5324	4384	4
5324	19137	4
5324	19462	4
5325	5512	4
5325	8014	4
5325	8300	4
5325	18885	4
5326	975	4
5326	990	4
5326	3186	4
5326	3216	4
5326	6379	4
5326	8038	4
5326	8439	4
5326	14076	4
5326	15612	4
5327	7530	4
5327	7531	4
5327	46882	4
5327	46885	4
5328	23690	4
5329	24090	4
5329	46971	4
5329	46972	4
5329	46974	4
5330	47107	4
5330	47108	4
5331	7503	4
5331	7542	4
5331	7544	4
5331	24266	4
5331	24268	4
5331	24271	4
5331	24272	4
5331	24274	4
5331	24276	4
5331	24277	4
5331	24278	4
5331	24279	4
5331	46901	4
5331	46944	4
5331	47109	4
5331	47110	4
5331	47113	4
5331	47114	4
5331	47115	4
5331	47118	4
5331	47119	4
5331	47120	4
5331	47121	4
5331	47122	4
5331	47123	4
5332	24027	4
5332	24338	4
5332	24339	4
5332	24341	4
5332	24342	4
5332	24343	4
5332	24353	4
5332	24354	4
5332	24361	4
5332	46329	4
5332	46603	4
5332	46859	4
5332	47197	4
5332	47229	4
5333	46996	4
5333	47400	4
5333	47401	4
5333	47406	4
5333	47407	4
5333	47408	4
5334	24037	4
5334	24684	4
5334	24685	4
5334	24686	4
5334	24689	4
5334	24690	4
5334	24692	4
5334	44677	4
5334	46455	4
5334	47682	4
5334	71437	4
5336	24997	4
5336	24999	4
5336	47884	4
5336	47887	4
5336	47888	4
5336	47889	4
5336	47890	4
5337	23926	4
5337	24323	4
5338	25127	4
5339	25142	4
5339	25144	4
5339	46499	4
5339	46568	4
5339	46809	4
5339	48186	4
5339	48188	4
5340	7667	4
5340	23759	4
5340	24056	4
5340	24286	4
5340	25202	4
5340	25203	4
5340	25204	4
5340	25205	4
5340	25207	4
5340	46940	4
5340	47283	4
5340	48271	4
5340	48273	4
5340	48274	4
5340	48275	4
5341	25263	4
5341	48359	4
5342	23698	4
5342	24503	4
5342	24691	4
5342	25305	4
5342	25308	4
5342	25309	4
5342	25311	4
5342	25313	4
5342	25314	4
5342	25317	4
5342	25318	4
5342	46325	4
5342	46467	4
5342	46904	4
5342	47206	4
5342	48422	4
5342	48426	4
5342	48428	4
5342	48429	4
5342	48430	4
5342	48431	4
5342	48436	4
5342	48441	4
5342	48445	4
5342	48447	4
5342	48450	4
5342	48452	4
5342	71612	4
5343	7697	4
5343	24291	4
5343	25458	4
5343	25507	4
5343	25516	4
5343	25518	4
5343	46311	4
5343	48356	4
5343	48668	4
5344	7704	4
5344	7705	4
5344	48754	4
5344	48755	4
5344	71646	4
5345	7495	4
5345	18971	4
5345	23808	4
5345	23893	4
5345	24009	4
5345	24378	4
5345	24557	4
5345	25007	4
5345	25144	4
5345	25190	4
5345	25489	4
5345	25626	4
5345	25631	4
5345	25634	4
5345	25638	4
5345	25640	4
5345	25642	4
5345	25645	4
5345	25648	4
5345	25649	4
5345	25651	4
5345	46515	4
5345	46520	4
5345	46737	4
5345	46808	4
5345	47013	4
5345	47064	4
5345	47494	4
5345	47618	4
5345	48043	4
5345	48230	4
5345	48483	4
5345	48723	4
5345	48837	4
5345	48841	4
5345	48844	4
5345	48848	4
5345	48851	4
5345	48853	4
5345	48854	4
5345	48857	4
5345	48858	4
5345	48859	4
5345	48865	4
5345	48867	4
5345	48873	4
5345	48874	4
5345	48875	4
5345	48876	4
5345	48877	4
5345	48879	4
5345	48880	4
5345	48882	4
5345	48884	4
5345	48886	4
5345	48890	4
5345	48892	4
5345	71667	4
5346	49113	4
5347	19017	4
5347	24330	4
5347	25974	4
5347	25976	4
5347	46637	4
5347	48635	4
5347	49518	4
5347	49519	4
5348	7535	4
5349	24427	4
5349	26130	4
5349	46940	4
5349	49799	4
5349	71824	4
5350	7755	4
5350	26155	4
5350	26156	4
5350	26158	4
5350	47496	4
5350	48162	4
5350	49837	4
5350	49844	4
5350	49849	4
5351	24510	4
5351	26369	4
5351	26371	4
5351	26372	4
5351	50211	4
5351	50214	4
5351	50216	4
5351	50217	4
5351	50219	4
5351	50221	4
5353	24927	4
5353	24943	4
5353	25304	4
5353	26406	4
5353	26407	4
5353	26411	4
5353	26413	4
5353	26416	4
5353	26417	4
5353	47255	4
5353	47425	4
5353	49926	4
5353	50276	4
5353	50277	4
5353	50278	4
5353	50280	4
5353	50282	4
5353	50283	4
5353	50284	4
5353	50285	4
5353	71830	4
5353	71943	4
5353	71944	4
5353	71945	4
5353	71946	4
5353	71947	4
5354	23981	4
5354	24028	4
5354	24057	4
5354	24326	4
5354	24361	4
5354	24634	4
5354	24763	4
5354	25451	4
5354	26073	4
5354	26243	4
5354	26451	4
5354	26452	4
5354	46378	4
5354	46604	4
5354	46616	4
5354	46685	4
5354	46719	4
5354	46925	4
5354	47289	4
5354	47660	4
5354	48551	4
5354	49090	4
5354	50366	4
5354	50369	4
5354	50371	4
5354	50377	4
5354	50378	4
5354	50379	4
5354	50380	4
5354	50381	4
5354	50383	4
5354	50384	4
5354	50385	4
5354	50386	4
5354	50389	4
5354	50390	4
5355	7812	4
5355	26832	4
5355	26834	4
5355	26835	4
5355	48127	4
5355	51145	4
5355	51146	4
5355	72074	4
5356	24580	4
5356	24587	4
5356	25052	4
5356	26683	4
5356	47293	4
5356	50885	4
5356	51389	4
5357	27109	4
5357	51494	4
5357	72157	4
5358	7771	4
5358	23883	4
5358	24610	4
5358	25484	4
5358	27113	4
5358	27114	4
5358	27117	4
5358	47481	4
5358	47551	4
5358	47967	4
5358	51168	4
5358	51508	4
5358	51509	4
5358	51511	4
5358	51512	4
5358	51517	4
5358	72160	4
5358	72161	4
5359	24292	4
5359	24840	4
5359	27118	4
5359	27119	4
5359	27120	4
5359	27124	4
5359	27125	4
5359	27127	4
5359	47135	4
5359	47171	4
5359	48552	4
5359	51521	4
5359	51523	4
5359	51526	4
5359	51528	4
5359	51529	4
5359	72164	4
5360	25205	4
5360	25366	4
5360	27132	4
5360	27133	4
5360	27134	4
5360	46429	4
5360	46617	4
5360	47186	4
5360	47246	4
5360	47411	4
5360	48818	4
5360	49753	4
5360	51538	4
5360	51539	4
5360	51542	4
5360	72166	4
5361	7866	4
5361	15720	4
5361	25948	4
5361	46756	4
5361	50997	4
5361	51862	4
5361	51863	4
5361	51865	4
5361	51866	4
5361	51870	4
5361	51871	4
5361	72239	4
5361	72240	4
5362	27353	4
5362	27355	4
5362	46713	4
5362	47186	4
5362	48150	4
5362	48533	4
5362	48962	4
5362	51770	4
5362	51807	4
5362	51901	4
5362	51906	4
5362	72244	4
5362	72245	4
5363	24027	4
5363	24325	4
5363	24466	4
5363	24775	4
5363	24955	4
5363	26491	4
5363	26496	4
5363	27356	4
5363	27357	4
5363	27360	4
5363	46331	4
5363	46332	4
5363	46367	4
5363	46839	4
5363	46859	4
5363	46873	4
5363	47256	4
5363	47683	4
5363	47933	4
5363	47939	4
5363	48559	4
5363	48824	4
5363	50039	4
5363	51911	4
5363	51912	4
5363	51914	4
5363	51916	4
5363	51918	4
5363	51921	4
5364	24325	4
5364	24881	4
5364	27375	4
5364	27376	4
5364	46479	4
5364	47338	4
5364	49859	4
5364	51941	4
5365	7883	4
5365	7884	4
5365	27401	4
5365	46342	4
5365	46451	4
5365	46638	4
5365	46988	4
5365	47289	4
5365	48582	4
5365	49808	4
5365	51991	4
5365	51992	4
5365	51993	4
5365	51994	4
5365	51995	4
5365	72288	4
5365	72293	4
5366	46986	4
5366	49513	4
5367	7903	4
5367	24105	4
5367	24730	4
5367	25621	4
5367	26088	4
5367	26125	4
5367	27519	4
5367	27521	4
5367	47203	4
5367	47659	4
5367	48604	4
5367	48765	4
5367	49085	4
5367	49248	4
5367	52195	4
5368	7925	4
5368	15739	4
5368	47350	4
5368	49861	4
5368	52324	4
5368	52326	4
5368	52329	4
5368	71621	4
5368	71821	4
5368	72438	4
5369	7933	4
5369	7934	4
5369	24083	4
5369	24504	4
5369	27610	4
5369	50029	4
5369	52349	4
5369	52350	4
5369	52352	4
5370	7964	4
5370	23909	4
5370	24481	4
5370	24484	4
5370	24638	4
5370	24672	4
5370	24739	4
5370	25384	4
5370	25601	4
5370	27715	4
5370	27719	4
5370	27720	4
5370	46468	4
5370	46842	4
5370	46856	4
5370	47425	4
5370	47653	4
5370	47838	4
5370	49191	4
5370	52253	4
5370	52667	4
5370	52668	4
5370	71428	4
5370	71480	4
5370	71486	4
5370	71717	4
5370	72515	4
5370	72518	4
5370	72521	4
5371	24466	4
5371	27891	4
5371	47838	4
5372	7986	4
5372	27932	4
5372	46599	4
5372	46838	4
5372	47660	4
5372	52960	4
5372	52964	4
5372	52965	4
5372	71495	4
5372	72631	4
5373	24054	4
5373	24791	4
5373	49767	4
5373	52982	4
5373	52985	4
5373	72633	4
5373	72635	4
5374	23914	4
5374	24058	4
5374	24301	4
5374	24350	4
5374	24915	4
5374	27942	4
5374	52988	4
5374	52990	4
5374	52992	4
5375	25563	4
5375	27944	4
5375	27946	4
5375	48630	4
5375	48942	4
5375	51471	4
5375	53000	4
5375	71703	4
5377	23822	4
5377	24541	4
5377	24546	4
5377	25145	4
5377	25471	4
5377	26506	4
5377	26536	4
5377	27115	4
5377	27524	4
5377	27978	4
5377	27980	4
5377	27982	4
5377	27984	4
5377	27985	4
5377	27989	4
5377	27990	4
5377	46497	4
5377	46520	4
5377	46544	4
5377	46568	4
5377	46570	4
5377	46794	4
5377	46812	4
5377	46972	4
5377	46980	4
5377	47461	4
5377	47511	4
5377	48869	4
5377	48873	4
5377	48883	4
5377	49861	4
5377	53052	4
5377	53053	4
5377	53054	4
5377	53055	4
5377	53056	4
5377	53059	4
5377	53065	4
5377	53067	4
5377	53070	4
5377	53076	4
5377	53078	4
5377	53079	4
5377	72442	4
5377	72645	4
5378	7999	4
5378	8001	4
5378	24110	4
5378	27307	4
5378	27312	4
5378	27998	4
5378	27999	4
5378	28000	4
5378	28005	4
5378	28008	4
5378	28012	4
5378	28014	4
5378	28016	4
5378	28017	4
5378	28020	4
5378	47017	4
5378	47373	4
5378	48153	4
5378	48158	4
5378	48248	4
5378	53087	4
5378	53089	4
5378	53091	4
5378	53093	4
5378	53094	4
5378	53099	4
5379	23955	4
5379	51714	4
5380	8012	4
5380	28069	4
5380	53187	4
5381	28417	4
5381	50356	4
5381	53858	4
5381	53859	4
5381	53860	4
5381	72993	4
5382	8088	4
5382	28420	4
5382	53876	4
5382	72995	4
5383	50377	4
5384	24516	4
5384	46572	4
5384	46797	4
5384	47908	4
5384	48462	4
5384	50843	4
5384	52565	4
5385	23698	4
5385	24074	4
5385	24788	4
5385	24811	4
5385	24906	4
5385	24916	4
5385	24976	4
5385	25071	4
5385	25078	4
5385	25459	4
5385	26130	4
5385	26400	4
5385	27133	4
5385	27570	4
5385	28473	4
5385	28480	4
5385	28486	4
5385	28487	4
5385	28488	4
5385	46345	4
5385	46615	4
5385	46693	4
5385	46944	4
5385	47210	4
5385	48820	4
5385	52604	4
5385	53945	4
5385	53946	4
5385	53948	4
5385	53949	4
5385	53952	4
5386	8113	4
5386	24863	4
5386	47337	4
5386	47612	4
5386	54057	4
5386	54059	4
5386	54061	4
5387	19318	4
5387	54077	4
5388	28664	4
5388	28666	4
5388	28667	4
5388	28668	4
5388	54173	4
5388	54174	4
5389	54210	4
5390	8169	4
5390	8170	4
5390	23936	4
5390	24399	4
5390	24661	4
5390	25391	4
5390	25874	4
5390	28759	4
5390	28761	4
5390	46610	4
5390	47287	4
5390	47289	4
5390	49740	4
5390	54298	4
5390	54299	4
5390	54300	4
5390	71828	4
5390	73106	4
5390	73108	4
5392	8201	4
5392	28924	4
5392	28925	4
5393	8203	4
5393	46301	4
5393	54520	4
5393	73180	4
5393	73181	4
5394	23871	4
5394	24023	4
5394	24714	4
5394	24893	4
5394	25366	4
5394	29121	4
5394	46930	4
5394	47222	4
5394	54789	4
5394	71488	4
5394	73216	4
5394	73218	4
5395	26115	4
5395	55144	4
5395	55145	4
5396	24362	4
5396	47627	4
5396	49089	4
5397	25941	4
5397	27902	4
5397	29053	4
5397	47434	4
5397	48230	4
5397	55239	4
5397	73455	4
5398	8284	4
5398	8285	4
5398	26901	4
5398	26922	4
5398	29453	4
5398	29454	4
5398	29457	4
5398	73456	4
5399	7989	4
5399	8286	4
5399	24067	4
5399	24375	4
5399	25126	4
5399	27123	4
5399	29462	4
5399	46308	4
5399	46334	4
5399	46411	4
5399	46904	4
5399	46922	4
5399	46925	4
5399	47208	4
5399	47726	4
5399	48616	4
5399	49777	4
5399	51058	4
5399	51238	4
5399	53282	4
5399	55250	4
5399	55254	4
5399	73459	4
5399	73460	4
5400	19106	4
5400	23813	4
5400	23818	4
5400	24164	4
5400	24480	4
5400	24763	4
5400	25469	4
5400	25494	4
5400	25744	4
5400	26693	4
5400	27528	4
5400	29542	4
5400	29543	4
5400	48057	4
5400	48651	4
5401	8312	4
5401	24774	4
5401	28548	4
5401	29619	4
5401	29621	4
5401	29624	4
5401	29626	4
5401	29627	4
5401	55451	4
5401	55453	4
5402	24407	4
5402	28267	4
5402	46521	4
5402	55571	4
5403	7925	4
5403	23911	4
5403	24364	4
5403	25437	4
5403	27929	4
5403	29943	4
5403	46301	4
5403	46617	4
5403	47666	4
5403	48804	4
5403	49788	4
5403	50045	4
5403	51199	4
5403	52485	4
5403	55048	4
5404	7812	4
5404	8411	4
5404	25959	4
5404	26637	4
5404	26659	4
5404	28942	4
5404	29493	4
5404	29999	4
5404	30000	4
5404	30002	4
5404	30004	4
5404	30012	4
5404	30014	4
5404	30016	4
5404	30017	4
5404	47218	4
5404	49490	4
5404	53843	4
5404	54309	4
5404	54375	4
5404	54540	4
5404	54596	4
5404	54844	4
5404	54901	4
5404	54910	4
5404	55316	4
5404	56027	4
5404	56077	4
5404	56078	4
5404	56080	4
5404	56083	4
5404	56085	4
5404	56086	4
5404	56090	4
5404	56093	4
5404	56094	4
5404	56100	4
5404	56101	4
5404	56108	4
5404	56109	4
5404	56116	4
5404	56118	4
5404	56123	4
5404	73271	4
5404	73721	4
5405	8431	4
5405	26270	4
5405	30117	4
5405	47117	4
5405	48787	4
5405	56298	4
5405	56300	4
5406	7621	4
5406	8439	4
5406	46510	4
5406	51030	4
5406	71243	4
5406	73758	4
5406	73760	4
5406	73761	4
5406	73762	4
5406	73763	4
5408	8443	4
5408	19495	4
5408	26303	4
5408	28732	4
5408	30188	4
5408	30191	4
5408	30193	4
5408	30199	4
5408	30201	4
5408	46470	4
5408	50222	4
5408	50238	4
5408	50261	4
5408	53815	4
5408	54280	4
5408	54296	4
5408	56404	4
5408	56407	4
5408	56408	4
5408	71291	4
5408	71933	4
5409	8449	4
5409	18844	4
5409	19466	4
5409	53745	4
5409	56437	4
5410	30239	4
5411	15632	4
5411	18830	4
5411	25427	4
5411	50069	4
5411	51630	4
5411	51643	4
5411	56969	4
5411	71912	4
5412	24286	4
5412	24291	4
5412	24306	4
5412	24778	4
5413	8509	4
5413	19543	4
5413	19544	4
5413	24108	4
5413	27371	4
5413	28605	4
5413	30482	4
5413	30568	4
5413	30569	4
5413	30570	4
5413	30572	4
5413	30576	4
5413	30577	4
5413	46365	4
5413	57052	4
5413	57053	4
5413	57059	4
5413	57060	4
5413	57064	4
5414	8515	4
5414	24298	4
5414	28626	4
5415	26165	4
5415	29377	4
5415	30618	4
5415	30620	4
5415	30624	4
5415	51493	4
5415	57112	4
5416	23787	4
5416	23923	4
5416	24721	4
5416	25207	4
5416	28809	4
5416	46329	4
5416	46345	4
5416	46380	4
5416	46630	4
5416	47131	4
5416	47187	4
5416	47462	4
5416	47636	4
5416	48424	4
5416	48799	4
5416	49414	4
5416	49548	4
5416	55461	4
5416	57116	4
5417	8530	4
5417	29794	4
5417	30702	4
5417	44829	4
5417	57212	4
5417	73986	4
5417	73990	4
5417	73993	4
5417	73994	4
5417	73995	4
5419	8009	4
5419	8566	4
5419	48573	4
5419	51116	4
5420	23800	4
5420	47117	4
5420	52207	4
5421	8576	4
5421	23792	4
5421	24111	4
5421	57566	4
5422	19587	4
5422	26394	4
5422	48119	4
5422	49486	4
5422	51982	4
5422	52910	4
5422	54092	4
5422	55158	4
5422	57669	4
5422	71975	4
5422	74099	4
5423	8598	4
5423	24108	4
5423	27554	4
5423	27557	4
5423	29021	4
5423	47378	4
5423	47879	4
5423	48271	4
5423	57772	4
5423	71683	4
5423	72416	4
5423	72439	4
5424	8599	4
5424	46574	4
5424	48112	4
5424	48770	4
5424	57776	4
5424	57777	4
5424	71817	4
5425	8602	4
5425	25007	4
5425	27343	4
5425	27588	4
5425	31053	4
5425	57780	4
5425	57781	4
5425	74133	4
5425	74134	4
5427	25433	4
5427	49411	4
5427	55163	4
5428	19627	4
5428	23754	4
5428	23901	4
5428	23911	4
5428	24035	4
5428	24719	4
5428	25312	4
5428	25975	4
5428	26479	4
5428	27816	4
5428	46478	4
5428	46629	4
5429	8625	4
5429	52481	4
5430	8629	4
5430	26734	4
5430	55659	4
5431	8635	4
5431	18844	4
5431	19020	4
5431	19141	4
5431	19247	4
5431	19444	4
5431	23688	4
5431	23740	4
5431	24074	4
5431	24110	4
5431	24511	4
5431	24621	4
5431	25302	4
5431	25323	4
5431	25427	4
5431	25495	4
5431	25859	4
5431	26180	4
5431	26515	4
5431	26531	4
5431	26661	4
5431	26692	4
5431	26785	4
5431	26838	4
5431	26919	4
5431	27342	4
5431	27642	4
5431	28131	4
5431	28933	4
5431	29994	4
5431	30004	4
5431	31015	4
5431	31030	4
5431	31031	4
5431	31222	4
5431	31223	4
5431	31224	4
5431	31229	4
5431	31231	4
5431	31233	4
5431	31242	4
5431	31245	4
5431	31246	4
5431	31250	4
5431	31253	4
5431	31256	4
5431	31259	4
5431	31260	4
5431	31262	4
5431	31271	4
5431	46758	4
5431	46990	4
5431	51077	4
5431	58019	4
5431	58021	4
5431	72999	4
5432	31278	4
5432	54720	4
5432	58059	4
5433	8641	4
5433	23937	4
5433	24370	4
5433	25053	4
5433	25203	4
5433	25209	4
5433	25441	4
5433	25458	4
5433	25609	4
5433	26768	4
5433	29148	4
5433	31283	4
5433	46605	4
5433	46861	4
5433	46944	4
5433	46985	4
5433	48441	4
5433	48769	4
5433	49716	4
5433	49800	4
5433	53688	4
5433	54496	4
5433	54501	4
5433	56531	4
5433	58067	4
5433	58073	4
5434	7830	4
5434	8642	4
5434	8643	4
5434	8645	4
5434	18827	4
5434	19639	4
5434	24137	4
5434	25425	4
5434	25531	4
5434	25635	4
5434	28085	4
5434	31289	4
5434	31290	4
5434	31293	4
5434	31295	4
5434	31298	4
5434	48568	4
5434	48570	4
5434	50138	4
5434	50317	4
5434	51631	4
5434	51668	4
5434	51671	4
5434	53445	4
5434	53464	4
5434	55201	4
5434	55602	4
5434	55807	4
5434	56885	4
5434	58077	4
5434	58079	4
5434	58083	4
5434	58088	4
5434	58089	4
5434	58090	4
5434	71868	4
5434	72169	4
5434	74201	4
5435	8653	4
5435	23690	4
5435	23787	4
5435	23801	4
5435	23802	4
5435	24334	4
5435	24452	4
5435	25312	4
5435	25623	4
5435	26094	4
5435	27801	4
5435	27961	4
5435	28764	4
5435	28915	4
5435	30176	4
5435	31306	4
5435	31307	4
5435	31310	4
5435	31312	4
5435	46305	4
5435	46329	4
5435	46367	4
5435	46380	4
5435	46472	4
5435	46988	4
5435	46990	4
5435	47173	4
5435	47207	4
5435	47259	4
5435	47448	4
5435	47675	4
5435	49174	4
5435	49227	4
5435	50382	4
5435	52981	4
5435	58099	4
5435	58100	4
5435	58101	4
5435	74205	4
5436	8655	4
5436	8656	4
5436	8659	4
5436	23698	4
5436	24058	4
5436	24427	4
5436	24506	4
5436	24997	4
5436	31327	4
5436	46439	4
5436	46637	4
5436	47878	4
5436	49497	4
5436	49720	4
5436	50488	4
5436	54344	4
5436	58163	4
5436	58164	4
5436	58165	4
5436	58167	4
5436	71416	4
5436	71494	4
5436	73106	4
5436	74223	4
5437	19648	4
5437	24571	4
5437	24578	4
5437	28514	4
5437	29106	4
5437	29948	4
5437	31333	4
5437	31334	4
5437	31336	4
5437	46813	4
5437	47515	4
5437	50806	4
5437	53593	4
5437	53883	4
5437	54649	4
5437	54784	4
5437	55089	4
5437	55091	4
5437	58183	4
5437	58185	4
5437	58186	4
5437	58189	4
5437	58190	4
5437	58191	4
5438	24503	4
5438	25471	4
5438	44858	4
5438	47864	4
5438	47897	4
5438	51747	4
5438	52589	4
5438	54036	4
5439	8676	4
5439	15966	4
5439	31372	4
5439	31373	4
5439	53643	4
5439	58265	4
5439	58266	4
5439	74237	4
5440	19658	4
5441	48622	4
5441	52142	4
5441	58601	4
5441	74356	4
5442	25484	4
5442	25502	4
5442	25828	4
5442	31676	4
5442	46950	4
5442	58849	4
5443	8280	4
5443	27147	4
5443	31683	4
5443	49577	4
5443	51335	4
5443	58854	4
5444	59093	4
5445	19692	4
5445	19693	4
5445	26224	4
5445	26519	4
5445	28271	4
5445	29394	4
5445	29509	4
5445	29517	4
5445	29528	4
5445	30721	4
5445	30725	4
5445	31777	4
5445	31779	4
5445	31780	4
5445	31781	4
5445	31784	4
5445	31787	4
5445	31788	4
5445	31789	4
5445	31790	4
5445	47802	4
5445	48782	4
5445	49920	4
5445	49933	4
5445	49945	4
5445	49949	4
5445	55264	4
5445	59096	4
5445	59098	4
5445	59099	4
5445	59100	4
5445	59103	4
5445	59106	4
5445	59107	4
5445	59108	4
5445	59109	4
5445	59111	4
5445	59115	4
5446	8759	4
5446	23694	4
5446	23807	4
5446	23860	4
5446	24509	4
5446	25471	4
5446	25499	4
5446	25646	4
5446	26047	4
5446	28081	4
5446	31823	4
5446	46520	4
5446	47467	4
5446	47909	4
5446	48876	4
5446	50168	4
5446	51663	4
5446	53486	4
5446	58083	4
5447	23816	4
5447	24094	4
5447	24506	4
5447	47010	4
5447	55118	4
5447	57389	4
5447	59231	4
5447	59234	4
5447	59235	4
5448	24748	4
5448	26013	4
5448	27390	4
5448	28969	4
5448	29313	4
5448	30291	4
5448	31916	4
5448	31917	4
5448	31918	4
5448	31919	4
5448	31920	4
5448	31921	4
5448	31926	4
5448	31928	4
5448	31930	4
5448	47413	4
5448	48390	4
5448	54303	4
5448	54311	4
5448	54351	4
5448	56281	4
5448	57068	4
5448	59374	4
5448	59376	4
5448	59378	4
5448	59381	4
5448	59384	4
5448	59391	4
5448	59393	4
5448	59394	4
5448	59395	4
5449	26262	4
5449	48573	4
5449	48828	4
5449	59396	4
5449	59398	4
5449	72292	4
5449	74529	4
5450	23712	4
5450	23919	4
5450	23931	4
5450	24057	4
5450	24067	4
5450	24075	4
5450	24686	4
5450	25305	4
5450	25383	4
5450	26563	4
5450	30352	4
5450	46457	4
5450	46609	4
5450	47189	4
5450	47259	4
5450	47655	4
5450	51164	4
5450	59464	4
5450	59465	4
5450	59467	4
5451	8797	4
5451	25837	4
5451	25936	4
5451	25952	4
5451	25958	4
5451	27905	4
5451	28319	4
5451	28866	4
5451	31147	4
5451	46803	4
5451	46986	4
5451	47003	4
5451	47111	4
5451	50456	4
5451	51017	4
5451	51444	4
5451	52483	4
5451	54975	4
5451	54983	4
5451	55017	4
5451	55217	4
5451	56772	4
5451	59271	4
5451	59601	4
5451	59602	4
5451	74547	4
5451	74548	4
5452	26681	4
5452	47516	4
5452	47533	4
5452	58472	4
5452	59770	4
5453	8451	4
5453	25046	4
5453	25848	4
5453	32162	4
5453	32163	4
5453	46444	4
5453	46485	4
5453	46588	4
5453	47341	4
5453	47347	4
5453	47377	4
5453	47479	4
5453	48354	4
5453	50070	4
5453	50571	4
5453	50723	4
5453	51326	4
5453	58017	4
5453	59130	4
5453	59825	4
5453	72957	4
5453	74628	4
5453	74630	4
5454	8484	4
5454	23718	4
5454	24364	4
5454	24906	4
5454	26428	4
5454	46375	4
5454	46598	4
5454	46854	4
5454	47119	4
5454	48624	4
5454	49651	4
5454	54803	4
5454	59831	4
5454	59832	4
5454	59833	4
5455	23734	4
5455	52262	4
5456	15996	4
5456	23781	4
5456	24629	4
5456	28296	4
5456	32253	4
5456	47455	4
5456	47461	4
5456	47536	4
5456	48660	4
5456	52556	4
5456	55114	4
5456	59823	4
5456	60000	4
5456	71740	4
5456	72154	4
5456	72536	4
5456	74672	4
5456	74674	4
5458	8300	4
5458	24342	4
5458	27285	4
5458	27477	4
5458	32342	4
5458	32343	4
5458	47151	4
5458	47186	4
5458	47657	4
5458	47668	4
5458	47671	4
5458	48541	4
5458	48797	4
5458	49646	4
5458	50377	4
5458	51048	4
5458	60106	4
5458	60107	4
5458	60108	4
5458	60109	4
5458	60111	4
5458	60112	4
5458	60113	4
5458	72068	4
5459	28800	4
5459	32449	4
5459	48537	4
5459	50236	4
5459	50857	4
5459	60291	4
5459	60292	4
5459	60294	4
5459	60296	4
5459	71627	4
5459	74768	4
5460	8934	4
5460	8936	4
5460	23983	4
5460	24325	4
5460	24491	4
5460	24927	4
5460	25273	4
5460	25299	4
5460	26413	4
5460	26416	4
5460	26513	4
5460	26803	4
5460	27411	4
5460	27422	4
5460	28315	4
5460	28327	4
5460	29802	4
5460	29843	4
5460	30772	4
5460	31226	4
5460	31467	4
5460	32684	4
5460	32688	4
5460	32689	4
5460	32690	4
5460	44909	4
5460	44911	4
5460	47255	4
5460	48362	4
5460	48397	4
5460	49937	4
5460	50283	4
5460	52031	4
5460	53591	4
5460	53643	4
5460	55459	4
5460	56888	4
5460	57068	4
5460	58425	4
5460	60117	4
5460	60727	4
5460	60728	4
5460	60729	4
5460	60734	4
5460	60735	4
5460	60737	4
5460	60738	4
5460	60740	4
5460	60742	4
5460	71844	4
5460	74888	4
5461	24376	4
5461	24920	4
5461	32071	4
5461	32697	4
5461	32698	4
5461	32699	4
5461	50371	4
5461	54803	4
5461	57245	4
5461	60699	4
5462	23880	4
5462	46617	4
5462	49657	4
5463	8963	4
5463	23952	4
5463	28430	4
5463	48700	4
5463	60898	4
5464	29084	4
5464	32244	4
5464	47929	4
5464	60939	4
5464	60942	4
5464	60946	4
5465	25665	4
5465	32884	4
5465	32886	4
5465	32887	4
5465	46999	4
5465	47980	4
5465	48984	4
5465	49008	4
5465	49013	4
5465	49275	4
5465	49998	4
5465	50981	4
5465	53931	4
5465	55474	4
5465	61188	4
5465	61189	4
5465	61193	4
5465	61197	4
5465	74967	4
5465	74968	4
5466	33065	4
5466	53929	4
5467	16057	4
5467	26708	4
5467	58364	4
5468	9015	4
5468	9017	4
5468	23908	4
5468	24305	4
5468	24365	4
5468	28466	4
5468	46828	4
5468	48370	4
5468	48550	4
5468	50305	4
5468	61578	4
5468	61579	4
5468	71633	4
5470	27496	4
5470	28940	4
5470	33105	4
5470	47281	4
5470	47626	4
5470	49178	4
5470	61627	4
5470	61628	4
5471	9032	4
5471	27907	4
5471	46597	4
5471	48710	4
5471	48901	4
5471	48936	4
5471	61609	4
5471	61670	4
5471	61672	4
5471	61673	4
5471	75204	4
5472	8326	4
5472	8719	4
5472	9085	4
5472	23698	4
5472	24325	4
5472	26923	4
5472	46308	4
5472	46314	4
5472	46342	4
5472	47432	4
5472	51781	4
5472	52350	4
5472	53404	4
5472	54661	4
5472	60857	4
5472	61825	4
5473	24605	4
5473	25647	4
5474	75320	4
5475	24913	4
5475	25124	4
5475	25380	4
5475	46353	4
5475	46358	4
5475	46381	4
5475	47238	4
5475	49819	4
5475	50371	4
5475	57664	4
5475	60099	4
5475	71754	4
5476	9118	4
5477	9137	4
5477	9138	4
5477	19891	4
5477	23858	4
5477	24027	4
5477	24108	4
5477	25506	4
5477	30801	4
5477	33540	4
5477	46859	4
5477	47289	4
5477	47838	4
5477	48225	4
5477	49760	4
5477	50044	4
5477	50516	4
5477	54944	4
5477	62289	4
5477	62290	4
5477	62291	4
5477	62293	4
5477	62294	4
5477	62295	4
5477	62296	4
5477	62298	4
5477	71473	4
5477	72372	4
5477	72517	4
5478	25387	4
5478	25397	4
5478	33855	4
5478	49339	4
5478	62788	4
5479	9233	4
5479	23766	4
5479	25435	4
5479	28488	4
5479	29148	4
5479	32640	4
5479	33934	4
5479	33935	4
5479	33936	4
5479	46301	4
5479	46396	4
5479	47195	4
5479	62954	4
5479	62956	4
5480	9238	4
5480	9239	4
5480	25889	4
5480	32138	4
5480	33956	4
5480	33957	4
5480	53359	4
5480	63003	4
5480	63005	4
5480	63006	4
5480	63008	4
5480	63009	4
5480	63010	4
5481	47287	4
5481	50302	4
5482	26851	4
5482	30786	4
5482	32539	4
5482	46813	4
5482	47377	4
5482	47526	4
5482	51858	4
5482	52076	4
5482	63155	4
5483	24300	4
5483	27298	4
5483	27312	4
5483	27330	4
5483	29471	4
5483	29510	4
5483	34031	4
5483	34110	4
5483	34115	4
5483	34116	4
5483	34117	4
5483	46929	4
5483	47128	4
5483	47590	4
5483	49760	4
5483	51311	4
5483	51823	4
5483	54810	4
5483	62654	4
5483	63345	4
5483	63348	4
5484	24291	4
5484	24663	4
5484	27488	4
5484	32760	4
5484	34140	4
5485	23775	4
5485	23806	4
5485	23855	4
5485	24430	4
5485	25630	4
5485	26406	4
5485	26536	4
5485	26549	4
5485	27010	4
5485	28118	4
5485	28259	4
5485	50129	4
5485	52041	4
5485	53068	4
5485	53619	4
5485	58014	4
5485	60625	4
5485	72154	4
5486	9296	4
5486	48341	4
5486	74260	4
5487	30557	4
5488	23701	4
5488	23765	4
5488	24661	4
5488	24899	4
5488	25393	4
5488	25400	4
5488	25828	4
5488	26077	4
5488	26109	4
5488	26235	4
5488	27524	4
5488	28325	4
5488	33988	4
5488	34324	4
5488	34325	4
5488	34326	4
5488	34327	4
5488	47159	4
5488	47162	4
5488	47192	4
5488	47282	4
5488	47428	4
5488	47620	4
5488	52773	4
5488	53436	4
5488	55801	4
5488	57061	4
5488	57350	4
5488	60856	4
5488	63826	4
5488	63828	4
5488	63835	4
5488	63836	4
5489	7723	4
5489	19972	4
5489	23690	4
5489	23914	4
5489	23918	4
5489	23937	4
5489	24044	4
5489	24105	4
5489	24641	4
5489	24655	4
5489	25312	4
5489	25380	4
5489	25885	4
5489	27612	4
5489	30426	4
5489	34331	4
5489	46435	4
5489	46439	4
5489	46603	4
5489	46605	4
5489	46838	4
5489	46934	4
5489	47162	4
5489	47211	4
5489	47412	4
5489	48436	4
5489	49098	4
5489	52231	4
5489	54496	4
5489	55597	4
5489	58687	4
5489	58941	4
5489	59388	4
5489	59728	4
5489	63187	4
5489	63843	4
5489	63846	4
5489	71957	4
5489	73387	4
5489	75394	4
5490	27514	4
5490	50563	4
5490	54601	4
5490	63946	4
5490	63947	4
5490	75996	4
5491	47899	4
5492	25721	4
5492	46700	4
5492	47659	4
5492	47838	4
5492	51543	4
5492	52866	4
5492	54221	4
5492	60302	4
5492	64046	4
5493	9339	4
5493	18841	4
5493	23697	4
5493	23753	4
5493	23858	4
5493	24031	4
5493	24325	4
5493	24361	4
5493	24425	4
5493	24503	4
5493	24718	4
5493	24840	4
5493	24963	4
5493	25309	4
5493	25610	4
5493	25615	4
5493	25885	4
5493	26113	4
5493	26115	4
5493	26627	4
5493	27285	4
5493	27565	4
5493	29284	4
5493	30249	4
5493	30337	4
5493	30410	4
5493	31625	4
5493	32071	4
5493	34471	4
5493	34472	4
5493	46301	4
5493	46309	4
5493	46381	4
5493	46413	4
5493	46454	4
5493	46597	4
5493	46620	4
5493	46635	4
5493	47112	4
5493	47246	4
5493	47267	4
5493	47272	4
5493	47432	4
5493	47450	4
5493	47626	4
5493	47794	4
5493	48596	4
5493	48622	4
5493	48807	4
5493	48817	4
5493	48832	4
5493	49562	4
5493	49768	4
5493	50785	4
5493	51542	4
5493	52129	4
5493	52271	4
5493	52282	4
5493	52618	4
5493	52619	4
5493	53949	4
5493	54805	4
5493	55163	4
5493	55170	4
5493	56513	4
5493	57662	4
5493	57922	4
5493	61212	4
5493	61956	4
5493	62263	4
5493	63110	4
5493	64124	4
5493	64126	4
5493	64128	4
5493	64130	4
5493	64131	4
5493	64132	4
5493	71369	4
5493	71633	4
5493	71636	4
5493	71647	4
5493	71827	4
5493	75944	4
5493	76059	4
5494	23759	4
5494	24718	4
5494	25975	4
5494	34513	4
5494	46637	4
5494	47157	4
5494	48366	4
5494	48618	4
5494	50498	4
5494	56634	4
5494	63088	4
5495	8980	4
5495	23763	4
5495	24179	4
5495	25886	4
5495	34569	4
5495	34570	4
5495	46301	4
5495	46616	4
5495	47841	4
5495	50270	4
5496	25011	4
5497	9386	4
5497	23927	4
5497	24028	4
5497	24082	4
5497	24801	4
5497	24914	4
5497	27483	4
5497	32436	4
5497	34616	4
5497	34617	4
5497	46301	4
5497	46335	4
5497	46355	4
5497	46363	4
5497	46367	4
5497	46393	4
5497	46627	4
5497	46629	4
5497	46638	4
5497	46705	4
5497	46922	4
5497	46926	4
5497	46927	4
5497	47122	4
5497	47139	4
5497	47411	4
5497	47657	4
5497	47722	4
5497	47880	4
5497	47888	4
5497	48799	4
5497	49217	4
5497	49563	4
5497	49659	4
5497	49766	4
5497	52015	4
5497	52263	4
5497	52350	4
5497	52669	4
5497	55166	4
5497	56869	4
5497	57017	4
5497	57985	4
5497	63775	4
5497	64415	4
5497	64416	4
5497	64422	4
5497	64423	4
5497	64424	4
5497	64426	4
5498	9392	4
5498	19123	4
5498	20007	4
5498	20009	4
5498	24651	4
5498	26117	4
5498	26623	4
5498	27368	4
5498	27804	4
5498	27894	4
5498	31275	4
5498	31416	4
5498	34632	4
5498	34633	4
5498	34634	4
5498	34635	4
5498	46309	4
5498	46590	4
5498	46610	4
5498	46701	4
5498	46830	4
5498	47124	4
5498	47850	4
5498	47992	4
5498	48211	4
5498	49288	4
5498	49387	4
5498	49625	4
5498	49702	4
5498	49859	4
5498	50040	4
5498	50492	4
5498	51750	4
5498	52768	4
5498	52829	4
5498	53024	4
5498	53182	4
5498	54011	4
5498	54222	4
5498	54253	4
5498	54263	4
5498	54651	4
5498	54840	4
5498	55166	4
5498	55237	4
5498	55337	4
5498	56877	4
5498	57927	4
5498	59002	4
5498	60189	4
5498	60382	4
5498	61315	4
5498	64449	4
5498	64452	4
5498	64453	4
5498	64454	4
5498	64455	4
5498	64456	4
5498	64458	4
5498	64459	4
5498	64460	4
5499	23861	4
5499	34636	4
5499	52573	4
5499	57794	4
5500	23690	4
5500	24269	4
5500	24330	4
5500	24364	4
5500	24422	4
5500	25014	4
5500	25382	4
5500	25616	4
5500	26124	4
5500	28333	4
5500	28344	4
5500	30176	4
5500	46328	4
5500	46368	4
5500	46429	4
5500	46516	4
5500	46589	4
5500	46617	4
5500	46678	4
5500	46867	4
5500	46901	4
5500	46910	4
5500	47208	4
5500	47273	4
5500	47341	4
5500	47919	4
5500	48390	4
5500	48605	4
5500	48707	4
5500	48769	4
5500	48836	4
5500	49778	4
5500	50044	4
5500	51060	4
5500	51943	4
5500	52263	4
5500	52322	4
5500	53131	4
5500	53625	4
5500	54042	4
5500	54496	4
5500	61005	4
5500	64495	4
5500	64496	4
5500	64497	4
5500	64498	4
5500	64500	4
5500	64502	4
5500	71636	4
5501	23843	4
5501	24533	4
5501	24547	4
5501	24554	4
5501	24895	4
5501	26036	4
5501	26154	4
5501	26797	4
5501	31348	4
5501	31421	4
5501	46654	4
5501	47593	4
5501	48318	4
5501	48706	4
5501	52590	4
5502	25310	4
5502	31172	4
5503	7834	4
5503	25759	4
5503	27599	4
5503	47040	4
5503	47567	4
5503	49004	4
5503	50842	4
5503	52926	4
5504	8016	4
5504	8958	4
5504	24046	4
5504	24271	4
5504	24721	4
5504	27784	4
5504	27788	4
5504	46301	4
5504	46616	4
5504	47640	4
5504	48548	4
5504	48553	4
5504	50253	4
5504	51371	4
5504	59689	4
5504	64653	4
5504	64654	4
5505	28436	4
5505	48059	4
5505	52550	4
5505	53599	4
5505	59762	4
5505	64655	4
5506	9414	4
5506	24552	4
5506	64656	4
5507	9037	4
5507	23762	4
5507	23880	4
5507	24029	4
5507	24048	4
5507	24333	4
5507	24361	4
5507	24464	4
5507	24655	4
5507	24886	4
5507	24949	4
5507	24955	4
5507	25253	4
5507	25653	4
5507	26128	4
5507	26242	4
5507	26250	4
5507	26261	4
5507	26266	4
5507	26573	4
5507	27488	4
5507	27536	4
5507	29564	4
5507	29675	4
5507	30177	4
5507	30913	4
5507	31608	4
5507	34744	4
5507	34747	4
5507	34748	4
5507	46342	4
5507	46410	4
5507	46429	4
5507	46607	4
5507	47350	4
5507	47878	4
5507	48821	4
5507	49857	4
5507	50379	4
5507	52211	4
5507	55341	4
5507	58161	4
5507	61620	4
5507	64685	4
5507	64688	4
5507	64692	4
5507	64693	4
5507	64694	4
5507	64699	4
5507	64701	4
5508	9424	4
5508	9425	4
5508	9426	4
5508	23698	4
5508	23766	4
5508	23921	4
5508	24352	4
5508	24655	4
5508	24852	4
5508	34752	4
5508	46367	4
5508	47289	4
5508	47785	4
5508	56508	4
5508	64708	4
5509	9433	4
5509	19631	4
5509	23903	4
5509	24032	4
5509	24736	4
5509	24839	4
5509	25074	4
5509	25446	4
5509	27347	4
5509	29552	4
5509	30176	4
5509	31204	4
5509	32895	4
5509	34801	4
5509	34802	4
5509	34804	4
5509	46381	4
5509	46600	4
5509	46602	4
5509	47289	4
5509	47405	4
5509	47900	4
5509	48838	4
5509	49174	4
5509	49217	4
5509	49331	4
5509	49777	4
5509	52170	4
5509	52259	4
5509	52978	4
5509	54502	4
5509	55359	4
5509	56971	4
5509	64774	4
5509	64776	4
5509	64778	4
5509	71466	4
5509	76245	4
5509	76247	4
5510	44747	4
5510	48487	4
5510	71676	4
5511	28882	4
5511	29030	4
5511	29398	4
5511	31142	4
5511	33664	4
5511	52096	4
5511	52386	4
5511	53740	4
5511	54403	4
5511	55498	4
5511	71671	4
5512	24293	4
5512	24364	4
5512	24715	4
5512	25375	4
5512	26483	4
5512	28472	4
5512	29284	4
5512	47281	4
5512	48541	4
5512	48592	4
5512	76283	4
5513	7915	4
5513	23806	4
5513	25045	4
5513	25880	4
5513	29751	4
5513	45019	4
5513	46531	4
5513	46809	4
5513	48318	4
5513	49782	4
5513	74570	4
5513	74575	4
5514	23896	4
5514	23903	4
5514	23914	4
5514	23919	4
5514	23921	4
5514	24301	4
5514	24642	4
5514	24709	4
5514	24735	4
5514	24854	4
5514	24905	4
5514	24945	4
5514	25098	4
5514	25602	4
5514	26098	4
5514	26103	4
5514	27889	4
5514	28478	4
5514	28915	4
5514	30252	4
5514	32466	4
5514	34878	4
5514	34880	4
5514	46308	4
5514	46429	4
5514	47186	4
5514	47276	4
5514	47376	4
5514	47747	4
5514	48812	4
5514	49243	4
5514	52174	4
5514	52608	4
5514	52985	4
5514	53941	4
5514	54297	4
5514	55337	4
5514	59809	4
5514	60003	4
5514	64700	4
5514	64962	4
5514	64963	4
5514	64964	4
5514	64966	4
5514	71624	4
5514	73804	4
5515	7686	4
5515	24719	4
5515	24739	4
5515	24817	4
5515	24923	4
5515	25260	4
5515	25437	4
5515	25452	4
5515	25731	4
5515	26767	4
5515	34881	4
5515	34883	4
5515	46467	4
5515	46624	4
5515	48538	4
5515	48584	4
5515	48618	4
5515	49862	4
5515	50618	4
5515	51224	4
5515	52198	4
5515	53398	4
5515	55048	4
5515	55158	4
5515	57076	4
5515	57662	4
5515	63531	4
5515	64971	4
5515	64972	4
5515	64973	4
5515	71214	4
5515	72576	4
5516	8014	4
5516	9467	4
5516	26241	4
5516	27587	4
5516	28005	4
5516	34908	4
5516	48153	4
5516	48560	4
5516	55306	4
5516	60055	4
5516	65009	4
5517	26393	4
5517	29491	4
5517	29969	4
5517	33186	4
5517	33210	4
5517	50232	4
5517	50245	4
5517	53122	4
5517	65054	4
5517	65055	4
5517	73834	4
5517	76342	4
5518	9484	4
5518	24074	4
5518	51253	4
5519	25393	4
5519	46613	4
5519	47209	4
5519	47881	4
5520	23690	4
5520	23923	4
5520	23927	4
5520	24293	4
5520	24342	4
5520	25455	4
5520	25587	4
5520	27578	4
5520	47089	4
5520	50217	4
5520	57119	4
5520	65151	4
5520	65152	4
5520	73517	4
5520	76365	4
5520	76368	4
5522	18917	4
5522	24735	4
5522	25317	4
5522	35123	4
5522	48275	4
5522	50270	4
5523	50754	4
5523	50764	4
5523	54762	4
5523	58183	4
5523	65786	4
5523	65789	4
5524	23800	4
5524	46947	4
5524	48804	4
5524	51543	4
5524	52607	4
5524	56308	4
5525	27373	4
5525	46468	4
5525	49700	4
5525	52214	4
5525	57833	4
5526	9570	4
5526	9571	4
5526	27577	4
5526	46837	4
5526	47630	4
5526	48710	4
5526	55169	4
5527	9579	4
5527	26856	4
5527	26922	4
5527	26977	4
5527	35460	4
5527	35461	4
5527	51171	4
5527	51213	4
5527	64463	4
5527	66184	4
5527	66185	4
5527	66186	4
5527	66191	4
5528	50008	4
5529	8368	4
5529	25477	4
5529	46560	4
5529	46799	4
5529	46990	4
5529	47613	4
5529	47921	4
5529	51165	4
5529	52562	4
5530	47479	4
5530	57285	4
5530	65794	4
5530	71419	4
5530	72922	4
5530	76735	4
5531	24573	4
5531	24594	4
5531	28694	4
5531	29339	4
5531	46813	4
5531	47526	4
5531	50849	4
5531	54145	4
5531	54316	4
5531	66411	4
5531	66412	4
5531	66413	4
5531	66414	4
5532	35588	4
5532	35589	4
5532	62339	4
5532	66416	4
5533	18884	4
5533	24105	4
5533	24465	4
5533	24756	4
5533	24860	4
5533	24905	4
5533	25550	4
5533	26266	4
5533	26280	4
5533	27477	4
5533	27612	4
5533	28112	4
5533	33268	4
5533	34299	4
5533	35700	4
5533	46452	4
5533	46465	4
5533	46626	4
5533	47113	4
5533	47211	4
5533	47859	4
5533	48559	4
5533	49412	4
5533	50377	4
5533	55252	4
5533	60959	4
5533	66664	4
5533	71225	4
5533	76877	4
5534	8082	4
5534	18899	4
5534	24402	4
5534	27642	4
5534	35723	4
5534	35725	4
5534	35726	4
5534	35728	4
5534	35730	4
5534	35731	4
5534	47289	4
5534	66711	4
5534	66712	4
5535	7987	4
5535	47794	4
5536	35882	4
5536	51116	4
5536	60068	4
5537	9708	4
5537	16211	4
5537	28142	4
5537	33815	4
5537	35954	4
5537	35956	4
5537	35958	4
5537	48751	4
5537	54758	4
5537	61132	4
5537	67045	4
5537	67049	4
5538	9713	4
5538	67060	4
5538	67062	4
5539	24110	4
5539	24426	4
5539	26115	4
5539	27500	4
5539	36021	4
5539	36022	4
5539	47203	4
5539	47812	4
5539	47821	4
5539	48362	4
5539	50653	4
5539	55163	4
5539	55800	4
5539	56717	4
5539	58386	4
5539	77089	4
5540	7555	4
5540	23871	4
5540	24031	4
5540	24095	4
5540	24330	4
5540	24427	4
5540	24745	4
5540	24792	4
5540	25305	4
5540	25391	4
5540	25457	4
5540	25613	4
5540	28629	4
5540	30212	4
5540	31176	4
5540	46604	4
5540	46607	4
5540	47681	4
5540	48433	4
5540	50299	4
5540	51145	4
5540	52759	4
5540	60863	4
5540	61344	4
5540	67155	4
5540	67156	4
5540	72737	4
5540	77090	4
5541	25220	4
5541	25527	4
5541	25656	4
5541	25706	4
5541	28830	4
5541	29065	4
5541	29919	4
5541	36033	4
5541	36034	4
5541	36035	4
5541	50000	4
5541	51427	4
5541	56939	4
5541	57102	4
5541	59598	4
5541	61191	4
5541	67169	4
5541	71210	4
5541	72884	4
5542	36042	4
5542	51791	4
5542	67172	4
5542	67173	4
5542	67178	4
5542	72021	4
5543	16297	4
5543	23959	4
5543	25385	4
5543	26399	4
5543	26845	4
5543	28258	4
5543	32396	4
5543	36043	4
5543	46769	4
5543	47365	4
5543	48869	4
5543	50093	4
5543	50212	4
5543	51157	4
5543	56559	4
5543	57720	4
5543	58013	4
5543	60250	4
5543	67180	4
5543	67186	4
5543	67187	4
5543	67188	4
5543	77093	4
5543	77095	4
5543	77096	4
5544	9085	4
5544	20206	4
5544	23789	4
5544	24713	4
5544	27530	4
5544	29151	4
5544	46410	4
5544	46589	4
5544	46838	4
5544	46903	4
5544	47350	4
5544	48163	4
5544	48589	4
5544	49762	4
5544	51184	4
5544	54811	4
5544	55158	4
5544	57244	4
5544	57535	4
5544	58162	4
5544	65008	4
5544	71216	4
5544	77106	4
5545	9730	4
5545	25588	4
5545	34474	4
5545	36082	4
5545	62599	4
5545	67233	4
5545	67235	4
5546	26765	4
5546	47874	4
5546	71935	4
5547	8820	4
5547	9759	4
5547	9763	4
5547	9766	4
5547	36117	4
5547	57567	4
5547	67157	4
5547	67346	4
5548	48810	4
5549	9782	4
5549	29283	4
5549	33685	4
5549	36187	4
5549	46637	4
5549	46955	4
5549	47162	4
5549	47411	4
5550	9783	4
5550	24201	4
5550	27469	4
5550	30927	4
5550	34476	4
5550	47066	4
5550	47399	4
5550	47403	4
5550	48248	4
5550	48501	4
5550	49007	4
5550	51065	4
5550	51420	4
5550	51421	4
5550	52368	4
5550	57484	4
5550	57486	4
5550	58096	4
5550	67456	4
5550	67458	4
5550	71723	4
5550	77239	4
5550	77240	4
5550	77241	4
5552	7757	4
5552	25101	4
5552	25933	4
5552	26389	4
5552	27776	4
5552	28394	4
5552	28741	4
5552	28826	4
5552	28948	4
5552	29471	4
5552	29920	4
5552	29969	4
5552	33161	4
5552	33183	4
5552	33862	4
5552	36237	4
5552	47218	4
5552	54537	4
5552	61438	4
5552	64034	4
5553	23921	4
5553	24857	4
5553	25375	4
5553	25394	4
5553	25417	4
5553	25458	4
5553	27893	4
5553	28760	4
5553	30586	4
5553	36341	4
5553	36343	4
5553	36344	4
5553	36348	4
5553	46830	4
5553	55329	4
5553	67692	4
5553	67693	4
5553	71809	4
5553	72264	4
5553	77309	4
5553	77310	4
5554	8234	4
5554	8606	4
5554	23883	4
5554	23899	4
5554	25190	4
5554	51340	4
5554	53647	4
5554	55928	4
5554	57843	4
5554	61610	4
5554	67927	4
5554	67928	4
5554	72429	4
5555	25531	4
5555	27235	4
5555	71254	4
5555	72752	4
5556	24414	4
5556	25046	4
5556	46579	4
5556	48003	4
5556	51168	4
5556	52591	4
5556	72174	4
5557	19070	4
5557	26039	4
5557	51637	4
5557	51660	4
5557	68214	4
5557	77445	4
5558	7771	4
5558	9733	4
5558	9881	4
5558	20285	4
5558	23822	4
5558	24221	4
5558	24556	4
5558	25018	4
5558	27318	4
5558	28816	4
5558	36557	4
5558	36558	4
5558	46672	4
5558	46845	4
5558	47388	4
5558	47575	4
5558	47588	4
5558	47901	4
5558	48037	4
5558	48644	4
5558	49587	4
5558	50178	4
5558	51030	4
5558	51286	4
5558	51643	4
5558	52071	4
5558	52074	4
5558	53303	4
5558	56320	4
5558	58724	4
5558	58820	4
5558	64169	4
5558	68225	4
5559	9391	4
5559	23701	4
5559	24497	4
5559	24675	4
5559	30256	4
5559	47660	4
5559	47822	4
5559	48366	4
5559	52129	4
5559	53417	4
5559	54496	4
5559	54655	4
5559	55801	4
5559	56721	4
5560	8005	4
5560	9893	4
5560	19200	4
5560	24461	4
5560	25335	4
5560	25337	4
5560	25462	4
5560	25764	4
5560	25936	4
5560	26776	4
5560	27059	4
5560	27067	4
5560	29750	4
5560	31301	4
5560	34687	4
5560	35492	4
5560	36630	4
5560	46297	4
5560	46853	4
5560	46975	4
5560	47018	4
5560	47077	4
5560	49513	4
5560	49827	4
5560	50005	4
5560	51396	4
5560	51678	4
5560	51740	4
5560	51752	4
5560	52373	4
5560	60103	4
5560	61252	4
5560	67613	4
5560	77507	4
5561	24271	4
5561	24712	4
5561	27811	4
5561	29151	4
5561	36649	4
5561	47188	4
5561	47672	4
5561	47841	4
5561	49559	4
5561	68386	4
5561	68387	4
5562	18914	4
5562	23787	4
5562	25380	4
5562	25455	4
5562	27537	4
5562	27942	4
5562	35945	4
5562	36650	4
5562	47284	4
5562	49646	4
5562	68390	4
5562	68391	4
5562	71222	4
5563	24452	4
5563	27375	4
5563	48163	4
5563	48541	4
5563	48599	4
5563	49716	4
5564	24566	4
5564	25537	4
5564	25864	4
5564	26174	4
5564	27700	4
5564	29701	4
5564	31339	4
5564	33233	4
5564	33913	4
5564	36709	4
5564	53739	4
5564	57012	4
5564	58604	4
5564	62122	4
5564	62635	4
5564	66757	4
5564	68213	4
5564	68512	4
5564	68513	4
5564	68516	4
5565	23903	4
5565	23908	4
5565	23914	4
5565	24286	4
5565	46334	4
5565	46479	4
5565	47189	4
5565	47197	4
5565	48618	4
5565	51639	4
5565	68554	4
5567	23835	4
5567	25479	4
5567	27184	4
5567	46522	4
5567	47581	4
5567	77651	4
5568	7681	4
5568	9420	4
5568	55250	4
5569	7509	4
5569	53299	4
5569	58966	4
5569	59127	4
5569	72920	4
5570	23927	4
5570	25443	4
5570	72245	4
5571	19091	4
5571	24061	4
5571	24293	4
5571	24813	4
5571	25410	4
5571	31285	4
5571	37013	4
5571	46941	4
5571	51942	4
5571	64724	4
5572	9255	4
5573	7883	4
5573	8556	4
5573	8565	4
5573	9997	4
5573	23711	4
5573	25439	4
5573	26097	4
5573	26448	4
5573	26884	4
5573	30582	4
5573	34369	4
5573	46439	4
5573	46685	4
5573	47159	4
5573	48809	4
5573	51177	4
5573	51191	4
5573	52215	4
5573	52495	4
5573	53942	4
5573	69184	4
5573	71821	4
5573	73505	4
5573	77826	4
5573	77827	4
5573	77828	4
5574	9256	4
5574	24057	4
5574	24076	4
5574	24300	4
5574	25878	4
5574	27998	4
5574	28344	4
5574	33236	4
5574	34078	4
5574	37128	4
5574	47157	4
5574	48618	4
5574	48828	4
5574	49267	4
5574	53090	4
5574	65654	4
5574	69351	4
5575	8155	4
5575	8496	4
5575	9893	4
5575	19078	4
5575	23719	4
5575	23721	4
5575	24138	4
5575	24145	4
5575	24163	4
5575	24192	4
5575	25471	4
5575	25527	4
5575	27083	4
5575	27087	4
5575	29742	4
5575	32576	4
5575	36170	4
5575	46298	4
5575	46853	4
5575	47005	4
5575	47053	4
5575	48284	4
5575	48493	4
5575	48740	4
5575	48850	4
5575	48989	4
5575	49157	4
5575	49500	4
5575	50669	4
5575	51466	4
5575	52218	4
5575	52363	4
5575	52468	4
5575	52565	4
5575	52894	4
5575	53584	4
5575	54366	4
5575	54830	4
5575	55220	4
5575	62968	4
5575	69467	4
5575	69469	4
5575	69471	4
5575	71723	4
5576	27021	4
5576	27381	4
5576	32042	4
5576	37210	4
5576	47914	4
5576	53898	4
5578	8983	4
5578	23907	4
5578	24051	4
5578	24286	4
5578	24465	4
5578	24553	4
5578	24655	4
5578	24676	4
5578	24820	4
5578	24918	4
5578	24945	4
5578	25146	4
5578	25443	4
5578	25448	4
5578	25458	4
5578	27565	4
5578	27572	4
5578	28079	4
5578	31306	4
5578	32268	4
5578	37252	4
5578	37253	4
5578	46355	4
5578	46432	4
5578	46631	4
5578	46904	4
5578	47281	4
5578	47838	4
5578	50044	4
5578	52261	4
5578	52773	4
5578	55335	4
5578	56502	4
5578	63115	4
5578	71274	4
5578	71453	4
5578	71816	4
5578	72068	4
5578	73441	4
5578	78035	4
5578	78036	4
5578	78037	4
5578	78039	4
5580	27218	4
5580	27260	4
5580	31755	4
5580	34529	4
5580	34533	4
5580	51983	4
5580	59050	4
5580	69676	4
5580	69680	4
5580	78061	4
5580	78062	4
5581	23802	4
5581	23927	4
5581	24328	4
5581	24356	4
5581	24465	4
5581	24466	4
5581	24724	4
5581	24801	4
5581	24871	4
5581	24888	4
5581	24913	4
5581	46308	4
5581	46437	4
5581	46617	4
5581	47272	4
5581	47289	4
5581	47659	4
5581	48670	4
5581	49090	4
5581	49775	4
5581	73517	4
5582	8370	4
5582	10077	4
5582	19070	4
5582	19131	4
5582	25364	4
5582	28699	4
5582	31285	4
5582	69807	4
5582	69809	4
5583	10078	4
5583	10079	4
5583	23787	4
5583	24886	4
5583	47188	4
5583	47277	4
5583	47287	4
5583	50382	4
5583	52784	4
5583	54051	4
5583	55169	4
5583	67689	4
5584	25483	4
5585	24727	4
5585	24931	4
5585	26549	4
5585	28291	4
5585	53640	4
5586	9571	4
5586	26075	4
5586	27961	4
5586	29157	4
5586	32141	4
5586	46478	4
5586	47277	4
5586	48580	4
5586	54864	4
5586	64866	4
5587	10117	4
5587	32257	4
5588	23793	4
5588	48821	4
5588	52825	4
5589	9967	4
5589	23879	4
5589	24094	4
5589	24619	4
5589	25499	4
5589	26337	4
5589	46600	4
5589	46768	4
5589	47479	4
5589	47574	4
5589	47588	4
5589	48654	4
5589	49149	4
5589	50070	4
5589	50145	4
5589	50706	4
5589	52629	4
5589	53574	4
5589	54160	4
5589	55236	4
5589	56487	4
5589	57364	4
5589	70110	4
5589	70112	4
5590	7605	4
5590	63510	4
5590	71828	4
5590	78182	4
5591	27146	4
5591	28130	4
5591	32020	4
5591	46528	4
5591	47900	4
5591	48689	4
5591	49369	4
5591	49396	4
5591	50177	4
5591	71865	4
5592	24345	4
5592	25206	4
5592	27023	4
5592	27486	4
5592	27799	4
5592	28060	4
5592	47276	4
5592	47282	4
5592	53189	4
5593	23820	4
5593	24639	4
5593	28305	4
5593	28485	4
5593	46635	4
5593	47681	4
5593	48159	4
5594	50070	4
5595	47683	4
5595	48273	4
5597	25427	4
5597	26154	4
5597	27148	4
5597	27171	4
5597	28122	4
5597	31722	4
5597	31976	4
5597	32284	4
5597	32694	4
5597	48572	4
5597	51629	4
5597	51630	4
5597	51668	4
5597	53308	4
5597	53464	4
5597	54186	4
5597	58223	4
5597	58379	4
5597	65726	4
5597	70623	4
5597	71218	4
5597	72862	4
5597	72879	4
5597	78411	4
5598	23730	4
5598	25190	4
5598	25556	4
5598	25656	4
5598	25665	4
5598	27067	4
5598	28903	4
5598	29071	4
5598	30726	4
5598	35492	4
5598	36267	4
5598	37707	4
5598	46979	4
5598	47033	4
5598	49268	4
5598	49513	4
5598	51049	4
5598	52218	4
5598	52462	4
5598	55478	4
5598	56851	4
5598	59434	4
5598	60333	4
5598	64133	4
5598	64877	4
5598	70619	4
5598	70626	4
5598	70627	4
5598	70628	4
5599	30145	4
5599	37754	4
5599	46877	4
5599	70712	4
5599	70717	4
5600	10241	4
5600	10242	4
5600	10244	4
5600	24757	4
5600	37805	4
5600	48153	4
5600	70844	4
5600	70846	4
5600	70849	4
5600	70851	4
5601	7819	4
5601	10248	4
5602	10250	4
5602	10251	4
5602	16486	4
5602	20538	4
5602	27236	4
5602	31522	4
5602	33942	4
5602	34531	4
5602	34538	4
5602	37312	4
5602	37822	4
5602	37823	4
5602	54853	4
5602	58480	4
5602	59044	4
5602	60349	4
5602	62998	4
5602	66167	4
5602	69730	4
5602	70886	4
5602	70889	4
5602	70891	4
5602	70894	4
5602	70896	4
5602	70897	4
5602	70899	4
5602	70903	4
5602	78509	4
5602	78511	4
5602	78515	4
5602	78516	4
5602	78518	4
5602	78524	4
5602	78525	4
5602	78527	4
5603	25650	4
5603	37826	4
5603	46990	4
5603	47467	4
5603	47924	4
5603	50667	4
5603	54035	4
5603	59130	4
5603	59599	4
5603	65807	4
5603	78529	4
5604	24997	4
5604	46538	4
5604	46565	4
5604	47540	4
5604	47551	4
5604	48362	4
5604	49220	4
5604	49848	4
5604	52588	4
5604	70918	4
5604	71356	4
5604	72922	4
5605	46547	4
5605	73172	4
5605	75590	4
5605	78157	4
5606	9822	4
5606	28820	4
5606	29170	4
5606	29770	4
5606	31160	4
5606	33883	4
5606	35078	4
5606	35082	4
5606	36375	4
5606	36399	4
5606	36703	4
5606	37871	4
5606	55777	4
5606	55780	4
5606	55782	4
5606	56370	4
5606	60795	4
5606	62830	4
5606	62850	4
5606	65385	4
5606	67203	4
5606	67207	4
5606	67874	4
5606	70965	4
5606	70966	4
5606	70967	4
5606	70968	4
5606	70969	4
5606	70970	4
5606	72211	4
5606	75633	4
5606	75677	4
5607	10271	4
5607	16489	4
5607	18815	4
5607	30336	4
5607	30371	4
5607	34331	4
5607	37873	4
5607	37875	4
5607	37876	4
5607	37878	4
5607	37879	4
5607	63792	4
5607	67558	4
5607	68624	4
5607	70973	4
5607	70975	4
5607	70977	4
5607	70980	4
5607	70983	4
5608	49388	4
5608	66636	4
5608	71113	4
5609	16500	4
5609	19106	4
5609	20560	4
5609	23893	4
5609	24005	4
5609	24242	4
5609	25018	4
5609	31824	4
5609	33700	4
5609	37577	4
5609	37957	4
5609	37958	4
5609	45170	4
5609	46776	4
5609	46809	4
5609	47946	4
5609	47967	4
5609	50574	4
5609	50657	4
5609	51329	4
5609	53658	4
5609	55188	4
5609	55898	4
5609	58733	4
5609	58742	4
5609	60093	4
5609	60713	4
5609	64937	4
5609	71131	4
5609	71132	4
5609	71138	4
5610	23924	4
5610	24105	4
5610	24321	4
5610	25204	4
5610	26452	4
5610	27816	4
5610	28184	4
5610	31309	4
5610	32542	4
5610	33328	4
5610	37967	4
5610	47198	4
5610	47246	4
5610	48669	4
5610	49162	4
5610	55140	4
5610	57034	4
5610	61824	4
5610	71162	4
5611	7621	4
5611	16503	4
5611	18844	4
5611	23817	4
5611	24124	4
5611	26967	4
5611	27027	4
5611	27379	4
5611	27627	4
5611	29138	4
5611	30242	4
5611	46525	4
5611	47631	4
5611	51090	4
5611	51267	4
5611	52240	4
5611	52629	4
5611	53983	4
5611	61181	4
5611	64390	4
5612	24192	4
5612	25113	4
5612	29714	4
5612	30551	4
5612	31841	4
5612	31934	4
5612	34961	4
5612	35154	4
5612	37980	4
5612	48909	4
5612	49047	4
5612	54938	4
5612	55044	4
5612	60765	4
5612	71189	4
5613	23706	4
5613	23755	4
5613	23791	4
5613	24338	4
5613	24356	4
5613	25451	4
5613	27023	4
5613	27358	4
5613	30261	4
5613	30322	4
5613	32257	4
5614	10327	4
5614	10328	4
5614	24245	4
5614	24305	4
5614	24334	4
5614	24356	4
5614	24503	4
5614	24691	4
5614	24965	4
5614	25095	4
5614	25864	4
5614	26161	4
5614	28489	4
5614	28816	4
5614	32442	4
5614	33074	4
5614	35076	4
5615	23824	4
5615	25037	4
5615	25186	4
5615	26283	4
5615	26502	4
5615	29701	4
5615	29962	4
5615	30186	4
5615	30824	4
5615	38157	4
5615	38158	4
5615	78844	4
5617	26496	4
5617	32231	4
5617	35626	4
5618	36535	4
5620	23706	4
5621	26661	4
5622	24179	4
5622	24262	4
5622	30291	4
5623	71809	4
5625	24309	4
5625	29083	4
5625	29320	4
5625	29352	4
5625	37908	4
5625	38233	4
5625	38234	4
5626	8958	4
5626	24070	4
5626	24274	4
5626	26638	4
5626	27973	4
5626	30480	4
5626	32432	4
5626	33319	4
5626	37382	4
5626	76144	4
5626	76909	4
5627	7554	4
5627	7667	4
5627	7962	4
5627	8014	4
5627	10279	4
5627	23802	4
5627	23915	4
5627	24023	4
5627	24036	4
5627	24062	4
5627	24096	4
5627	24105	4
5627	24271	4
5627	24329	4
5627	24364	4
5627	24365	4
5627	24802	4
5627	24865	4
5627	24893	4
5627	24964	4
5627	25205	4
5627	25208	4
5627	25380	4
5627	25391	4
5627	25878	4
5627	26272	4
5627	26491	4
5627	27329	4
5627	27374	4
5627	28624	4
5627	29288	4
5627	31056	4
5627	32265	4
5627	32442	4
5627	32765	4
5627	36281	4
5627	38242	4
5627	38246	4
5627	38247	4
5627	71771	4
5627	73516	4
5627	73803	4
5628	23754	4
5628	23922	4
5628	23927	4
5628	24330	4
5628	25078	4
5628	25202	4
5628	27566	4
5628	27627	4
5628	31206	4
5628	32553	4
5628	34564	4
5628	34845	4
5628	36239	4
5628	38261	4
5628	38263	4
5628	78904	4
5631	19436	4
5631	24899	4
5631	28758	4
5631	34370	4
5631	35607	4
5631	38469	4
5631	38470	4
5631	53942	4
5632	10410	4
5632	10412	4
5632	23721	4
5632	24112	4
5632	24158	4
5632	24165	4
5632	24179	4
5632	24181	4
5632	24871	4
5632	25147	4
5632	25227	4
5632	25326	4
5632	25331	4
5632	25462	4
5632	25563	4
5632	25764	4
5632	26776	4
5632	26785	4
5632	27067	4
5632	27070	4
5632	27077	4
5632	27914	4
5632	29047	4
5632	29055	4
5632	30532	4
5632	35493	4
5632	72060	4
5632	78985	4
5633	10415	4
5633	23834	4
5633	24405	4
5633	24407	4
5633	24515	4
5633	25056	4
5633	25498	4
5633	25848	4
5633	26302	4
5633	26559	4
5633	31839	4
5633	72489	4
5633	74134	4
5634	23871	4
5634	24032	4
5634	24036	4
5634	24058	4
5634	24361	4
5634	24506	4
5634	25253	4
5634	25601	4
5634	25723	4
5634	25731	4
5634	25841	4
5634	26563	4
5634	27023	4
5634	27397	4
5634	27500	4
5634	29007	4
5634	29015	4
5634	31760	4
5634	32542	4
5634	32767	4
5634	32889	4
5634	33319	4
5634	33378	4
5634	33925	4
5634	35292	4
5634	37941	4
5634	38551	4
5634	38552	4
5634	71214	4
5634	71809	4
5634	79090	4
5635	23711	4
5635	23802	4
5635	25312	4
5635	25439	4
5635	79098	4
5635	79099	4
5635	79101	4
5636	24332	4
5636	25965	4
5637	9578	4
5637	19939	4
5637	23704	4
5637	23754	4
5637	23770	4
5637	24286	4
5637	25433	4
5637	26346	4
5637	27397	4
5637	32777	4
5637	33924	4
5637	38600	4
5638	19062	4
5639	8348	4
5639	25753	4
5639	33984	4
5639	38626	4
5640	23759	4
5640	24023	4
5640	24318	4
5640	24685	4
5640	24831	4
5640	25305	4
5640	25725	4
5640	26243	4
5640	26258	4
5640	26783	4
5640	26876	4
5640	32436	4
5640	38628	4
5641	7875	4
5641	23898	4
5641	24643	4
5641	24890	4
5641	24942	4
5641	25975	4
5641	26122	4
5641	32213	4
5641	33685	4
5641	79153	4
5642	24097	4
5642	29206	4
5642	79188	4
5643	10490	4
5643	10492	4
5643	20672	4
5643	24031	4
5643	24291	4
5643	24838	4
5643	25623	4
5643	29148	4
5643	76963	4
5643	77835	4
5643	79190	4
5643	79191	4
5644	38750	4
5645	24306	4
5645	27353	4
5645	30556	4
5645	74082	4
5645	78985	4
5646	24097	4
5646	24465	4
5646	24503	4
5646	24722	4
5646	24820	4
5646	24995	4
5646	38166	4
5647	24133	4
5647	24136	4
5647	24140	4
5647	24179	4
5647	24203	4
5647	24212	4
5647	25115	4
5647	25955	4
5647	27944	4
5647	28973	4
5647	32383	4
5647	32662	4
5647	44744	4
5648	9182	4
5648	10516	4
5648	23701	4
5648	23797	4
5648	24782	4
5648	24909	4
5648	25589	4
5648	25616	4
5648	25735	4
5648	29316	4
5648	30088	4
5648	30403	4
5648	30453	4
5648	30570	4
5648	30618	4
5648	32464	4
5648	33931	4
5648	38783	4
5648	38785	4
5648	38786	4
5648	38788	4
5648	79245	4
5650	25056	4
5650	25560	4
5651	24100	4
5651	24186	4
5651	24204	4
5651	24532	4
5651	24655	4
5651	25172	4
5651	25333	4
5651	25347	4
5651	25556	4
5651	25656	4
5651	38799	4
5651	38800	4
5652	23858	4
5652	27356	4
5654	23909	4
5654	24031	4
5654	25398	4
5654	27023	4
5654	27133	4
5654	28319	4
5654	29403	4
5654	37182	4
5654	38333	4
5654	79352	4
5655	8348	4
5655	24194	4
5655	38906	4
5656	7903	4
5656	37279	4
5656	38948	4
5657	34560	4
5658	7522	4
5658	26130	4
5658	31324	4
5659	7502	4
5659	23950	4
5659	25834	4
5660	9554	4
5660	10276	4
5660	10612	4
5660	18845	4
5660	18854	4
5660	18900	4
5660	18917	4
5660	18946	4
5660	20754	4
5660	23832	4
5660	24573	4
5660	25052	4
5660	26567	4
5660	26823	4
5660	27029	4
5660	27053	4
5660	27621	4
5660	27978	4
5660	29330	4
5660	29353	4
5660	31337	4
5660	34974	4
5660	35387	4
5660	35562	4
5660	36698	4
5660	38019	4
5660	39174	4
5660	71997	4
5660	72032	4
5660	74145	4
5660	77423	4
5660	79560	4
5660	79561	4
5660	79562	4
5660	79563	4
5660	79564	4
5661	7611	4
5661	18922	4
5661	24200	4
5661	39193	4
5662	10626	4
5662	28391	4
5662	30450	4
5662	33163	4
5662	34558	4
5663	7910	4
5664	26094	4
5664	26254	4
5664	26260	4
5664	27075	4
5664	72106	4
5665	8824	4
5665	8826	4
5665	10644	4
5665	23865	4
5665	23899	4
5665	23939	4
5665	24005	4
5665	24098	4
5665	24505	4
5665	24511	4
5665	24514	4
5665	24997	4
5665	25493	4
5665	26531	4
5665	27004	4
5665	28289	4
5665	29945	4
5665	30242	4
5665	30651	4
5665	32722	4
5665	39246	4
5665	74750	4
5665	79638	4
5666	26542	4
5667	25046	4
5667	25650	4
5667	32855	4
5668	24964	4
5668	29549	4
5670	24781	4
5670	71225	4
5670	71785	4
5670	74221	4
5670	76909	4
5671	37998	4
5671	39431	4
5671	39433	4
5671	39435	4
5671	79841	4
5673	24260	4
5673	26193	4
5673	39555	4
5673	39556	4
5673	39557	4
5673	39560	4
5673	39561	4
5673	39563	4
5673	39564	4
5673	72326	4
5673	79887	4
5673	79888	4
5673	79889	4
5674	10735	4
5674	24083	4
5674	26578	4
5674	39565	4
5675	19257	4
5675	23706	4
5675	23898	4
5675	23926	4
5675	24066	4
5675	24067	4
5675	24965	4
5675	25206	4
5675	26124	4
5675	32470	4
5675	35414	4
5675	71819	4
5676	27588	4
5676	29971	4
5676	30560	4
5676	30949	4
5676	30957	4
5676	30960	4
5676	39819	4
5676	39820	4
5676	39823	4
5676	72551	4
5676	80005	4
5676	80006	4
5676	80008	4
5676	80009	4
5676	80012	4
5677	20828	4
5677	30849	4
5677	79703	4
5678	10773	4
5678	23882	4
5678	24569	4
5678	25993	4
5678	27689	4
5678	28033	4
5678	28665	4
5678	32925	4
5678	39830	4
5678	39832	4
5678	39833	4
5678	39835	4
5678	39837	4
5678	80025	4
5678	80026	4
5678	80028	4
5679	26364	4
5680	10783	4
5680	16313	4
5680	18942	4
5680	19436	4
5680	25731	4
5680	28472	4
5680	28503	4
5680	28818	4
5680	30386	4
5680	30435	4
5680	32749	4
5680	35744	4
5680	39859	4
5680	39861	4
5680	77754	4
5681	20580	4
5681	25158	4
5681	25464	4
5681	27071	4
5681	27080	4
5681	71665	4
5681	71967	4
5682	23734	4
5682	23786	4
5682	26508	4
5682	28932	4
5682	30840	4
5683	10798	4
5683	23975	4
5683	26504	4
5683	35288	4
5683	72985	4
5686	79665	4
5687	23706	4
5687	24721	4
5691	24621	4
5691	25721	4
5691	26124	4
5691	28325	4
5691	35608	4
5691	77826	4
5691	80255	4
5692	10888	4
5692	20907	4
5692	23843	4
5692	24613	4
5692	26174	4
5692	27150	4
5692	31435	4
5692	36955	4
5692	80286	4
5693	7535	4
5693	20908	4
5693	40219	4
5694	24499	4
5695	23798	4
5695	24286	4
5695	24378	4
5695	24465	4
5695	24466	4
5695	32163	4
5695	71819	4
5695	78860	4
5696	9524	4
5696	24967	4
5696	26627	4
5696	30261	4
5698	40269	4
5699	10911	4
5699	24125	4
5699	24556	4
5699	25449	4
5699	26515	4
5700	7506	4
5700	23880	4
5700	24035	4
5700	24698	4
5700	24763	4
5700	26767	4
5700	26821	4
5700	27298	4
5700	32805	4
5700	40307	4
5700	40308	4
5700	72292	4
5700	72520	4
5700	74758	4
5700	76552	4
5700	80355	4
5700	80356	4
5700	80358	4
5701	27370	4
5701	27934	4
5701	29405	4
5701	71216	4
5701	74756	4
5701	80412	4
5702	10943	4
5703	26441	4
5705	20949	4
5705	23817	4
5705	24007	4
5705	24124	4
5705	40446	4
5706	10976	4
5706	26233	4
5707	7554	4
5707	71636	4
5708	10978	4
5708	23918	4
5708	29316	4
5709	25451	4
5709	27356	4
5710	26013	4
5710	40614	4
5710	40615	4
5711	19972	4
5711	27597	4
5713	9996	4
5713	23793	4
5713	23971	4
5713	25745	4
5713	28337	4
5714	10999	4
5714	11004	4
5714	28367	4
5714	31581	4
5714	37424	4
5714	40453	4
5714	40637	4
5714	40640	4
5715	30432	4
5716	20981	4
5716	20982	4
5716	20983	4
5716	24691	4
5716	24766	4
5716	25318	4
5716	25888	4
5716	26163	4
5716	27505	4
5716	30047	4
5717	11009	4
5717	26257	4
5717	81103	4
5718	40683	4
5719	8757	4
5719	10386	4
5719	11053	4
5719	18818	4
5719	23754	4
5719	23762	4
5719	23768	4
5719	23800	4
5719	23880	4
5719	24036	4
5719	24069	4
5719	24245	4
5719	24326	4
5719	24425	4
5719	24432	4
5719	24644	4
5719	24650	4
5719	24690	4
5719	24715	4
5719	24735	4
5719	24763	4
5719	24779	4
5719	24885	4
5719	24888	4
5719	24914	4
5719	25071	4
5719	25378	4
5719	25446	4
5719	25454	4
5719	25459	4
5719	25575	4
5719	25602	4
5719	25614	4
5719	25622	4
5719	25880	4
5719	26096	4
5719	26109	4
5719	26152	4
5719	26243	4
5719	26273	4
5719	27133	4
5719	27964	4
5719	29126	4
5719	35293	4
5719	40893	4
5719	71296	4
5720	11054	4
5720	74657	4
5721	23701	4
5721	23706	4
5722	8839	4
5722	23764	4
5722	24993	4
5722	40912	4
5724	9722	4
5724	29007	4
5725	23832	4
5725	23843	4
5725	24549	4
5725	26118	4
5726	24357	4
5727	11086	4
5727	24940	4
5727	27023	4
5727	75222	4
5728	9651	4
5728	24019	4
5728	25107	4
5728	26791	4
5728	28442	4
5728	31110	4
5728	35017	4
5728	41051	4
5729	26254	4
5729	71450	4
5732	25747	4
5733	10932	4
5733	38518	4
5733	41189	4
5733	45279	4
5734	28738	4
5734	30341	4
5734	41201	4
5734	78436	4
5735	11138	4
5735	19239	4
5735	23694	4
5735	24357	4
5735	25467	4
5735	25805	4
5735	34067	4
5735	41203	4
5735	71480	4
5736	36695	4
5736	41205	4
5736	41206	4
5736	41207	4
5736	41208	4
5737	7962	4
5737	8463	4
5737	11152	4
5737	21073	4
5737	23702	4
5737	23706	4
5737	23759	4
5737	24076	4
5737	24303	4
5737	24458	4
5737	24748	4
5737	24840	4
5737	24954	4
5737	29021	4
5737	30360	4
5737	33074	4
5737	33233	4
5737	41225	4
5737	41228	4
5737	81540	4
5738	36473	4
5739	24412	4
5740	19527	4
5740	24300	4
5740	24510	4
5740	27298	4
5740	28005	4
5740	28012	4
5740	29475	4
5740	29510	4
5740	30116	4
5740	30177	4
5740	32813	4
5740	33328	4
5740	34078	4
5740	34254	4
5740	34276	4
5740	34484	4
5741	11156	4
5741	20722	4
5741	26000	4
5741	27055	4
5741	28652	4
5741	41245	4
5742	23911	4
5742	24044	4
5742	28204	4
5742	72106	4
5743	24412	4
5743	24514	4
5743	26521	4
5743	27250	4
5743	27449	4
5743	27690	4
5743	41247	4
5743	41248	4
5744	15754	4
5744	25747	4
5744	34667	4
5744	34927	4
5744	41249	4
5744	76330	4
5745	7875	4
5745	11163	4
5745	21077	4
5745	23738	4
5745	23858	4
5745	27520	4
5745	27630	4
5745	27890	4
5745	28148	4
5745	28391	4
5745	29138	4
5745	33108	4
5745	41264	4
5745	41265	4
5745	41268	4
5746	11166	4
5746	18893	4
5746	24044	4
5746	24096	4
5746	24286	4
5746	24303	4
5746	24326	4
5746	24689	4
5746	24690	4
5746	25127	4
5746	25252	4
5746	25391	4
5746	25451	4
5746	25727	4
5746	26097	4
5746	26623	4
5746	27123	4
5746	27533	4
5746	27537	4
5746	27715	4
5746	28031	4
5746	28823	4
5746	29554	4
5746	29771	4
5746	30212	4
5746	30991	4
5746	31618	4
5746	32709	4
5746	32765	4
5746	32894	4
5746	33895	4
5746	34883	4
5746	35388	4
5746	36422	4
5746	36991	4
5746	41273	4
5746	41275	4
5746	45319	4
5746	71216	4
5746	81570	4
5747	11167	4
5747	23759	4
5747	24869	4
5747	25090	4
5747	25437	4
5747	25665	4
5748	23926	4
5748	24316	4
5748	27356	4
5748	34413	4
5748	80355	4
5749	11172	4
5749	19043	4
5749	32142	4
5749	38478	4
5749	41299	4
5749	81594	4
5749	81597	4
5750	28027	4
5750	30416	4
5752	11190	4
5752	19723	4
5752	19876	4
5752	21097	4
5752	21098	4
5752	24657	4
5752	26113	4
5752	32626	4
5752	34943	4
5752	41344	4
5753	23787	4
5753	23990	4
5753	24024	4
5753	24057	4
5753	24665	4
5753	24719	4
5753	25841	4
5753	26474	4
5754	11201	4
5754	11202	4
5754	21101	4
5754	23701	4
5754	23706	4
5754	24945	4
5754	25318	4
5754	25874	4
5754	26428	4
5754	27547	4
5754	36850	4
5754	38140	4
5754	41376	4
5755	31839	4
5755	35017	4
5755	41388	4
5756	11205	4
5756	25221	4
5756	44907	4
5756	72944	4
5757	24364	4
5757	24503	4
5758	24816	4
5758	25622	4
5758	71634	4
5758	72459	4
5758	72517	4
5758	72632	4
5758	74146	4
5758	74947	4
5759	11235	4
5759	23929	4
5759	24025	4
5759	24665	4
5759	24728	4
5759	25550	4
5759	25880	4
5759	27569	4
5759	27806	4
5759	28608	4
5759	28894	4
5759	71479	4
5759	71499	4
5759	71648	4
5759	71653	4
5759	71710	4
5759	71784	4
5759	72641	4
5759	74082	4
5759	75944	4
5759	76331	4
5759	78554	4
5759	79274	4
5759	79402	4
5760	74253	4
5761	8377	4
5761	25847	4
5761	29894	4
5761	30911	4
5761	31487	4
5761	36439	4
5761	36800	4
5761	36826	4
5761	41599	4
5761	41600	4
5761	41602	4
5763	24774	4
5763	25287	4
5763	25300	4
5763	30754	4
5763	41617	4
5763	72250	4
5763	72950	4
5764	8044	4
5764	11268	4
5764	24023	4
5764	24333	4
5764	24465	4
5764	24759	4
5764	25443	4
5764	29712	4
5764	38987	4
5765	31454	4
5766	34259	4
5767	9359	4
5767	28028	4
5767	72653	4
5767	74778	4
5768	24028	4
5768	38152	4
5768	41717	4
5769	21154	4
5769	25577	4
5769	27484	4
5769	81899	4
5770	9509	4
5770	24062	4
5770	24556	4
5770	24918	4
5770	28713	4
5770	76304	4
5771	16932	4
5771	18866	4
5771	21160	4
5771	25477	4
5771	25485	4
5771	26597	4
5771	27164	4
5771	34887	4
5771	71346	4
5771	81939	4
5772	36939	4
5774	24033	4
5775	11312	4
5775	21184	4
5775	31445	4
5775	41857	4
5775	41858	4
5775	41859	4
5775	41860	4
5775	41863	4
5775	41864	4
5775	41865	4
5776	8289	4
5776	25785	4
5778	24045	4
5778	24514	4
5778	24627	4
5778	25488	4
5778	29545	4
5778	72934	4
5779	11318	4
5779	21188	4
5779	23810	4
5779	23817	4
5779	23819	4
5779	27990	4
5779	28208	4
5779	28579	4
5779	41880	4
5779	72414	4
5779	73539	4
5779	76660	4
5779	82094	4
5780	24491	4
5780	24697	4
5780	24774	4
5780	24968	4
5780	26268	4
5780	26487	4
5780	27574	4
5780	28342	4
5780	29944	4
5780	30112	4
5780	30582	4
5780	30756	4
5780	32432	4
5780	33291	4
5780	33379	4
5780	34066	4
5780	35333	4
5780	35534	4
5780	38932	4
5780	39431	4
5780	41202	4
5780	41905	4
5781	11121	4
5781	23832	4
5781	25494	4
5782	11273	4
5782	27324	4
5783	11383	4
5783	36125	4
5784	7838	4
5784	23871	4
5784	24065	4
5784	25381	4
5784	40439	4
5785	30985	4
5786	8086	4
5786	11405	4
5786	26389	4
5786	26390	4
5786	27772	4
5786	28402	4
5786	28414	4
5786	28741	4
5786	32433	4
5786	33215	4
5786	38692	4
5788	11407	4
5788	19929	4
5788	26360	4
5788	27484	4
5788	27580	4
5788	27851	4
5788	28070	4
5788	30227	4
5788	31080	4
5788	31099	4
5788	33584	4
5788	33971	4
5788	36607	4
5788	38631	4
5788	40217	4
5788	42133	4
5788	42138	4
5788	42139	4
5788	42140	4
5788	42141	4
5788	42142	4
5788	42143	4
5788	71723	4
5788	72603	4
5788	73958	4
5788	74479	4
5788	74521	4
5788	75757	4
5788	79670	4
5788	82311	4
5788	82312	4
5788	82313	4
5788	82314	4
5788	82316	4
5788	82317	4
5788	82318	4
5788	82319	4
5788	82320	4
5788	82321	4
5788	82323	4
5788	82324	4
5788	82326	4
5788	82327	4
5788	82328	4
5788	82332	4
5788	82336	4
5788	82337	4
5788	82338	4
5788	82339	4
5788	82340	4
5788	82341	4
5789	7591	4
5789	11409	4
5789	24297	4
5789	26106	4
5789	27477	4
5789	29155	4
5789	42145	4
5789	45388	4
5789	73511	4
5791	10910	4
5791	23702	4
5791	29128	4
5792	34537	4
5792	39131	4
5793	8080	4
5793	21240	4
5793	26011	4
5793	26501	4
5793	30580	4
5793	71914	4
5793	74630	4
5795	7789	4
5796	24031	4
5796	24275	4
5796	72399	4
5797	23754	4
5797	30570	4
5797	76513	4
5798	37063	4
5798	82461	4
5799	26267	4
5799	26271	4
5799	41159	4
5800	10142	4
5800	11220	4
5801	24045	4
5801	25510	4
5801	25618	4
5801	27368	4
5801	27481	4
5801	27806	4
5801	28488	4
5801	71368	4
5802	23768	4
5802	24035	4
5802	24494	4
5802	24927	4
5802	27942	4
5802	28322	4
5802	29184	4
5802	33126	4
5802	34415	4
5802	39585	4
5802	39591	4
5802	42374	4
5802	42375	4
5802	42376	4
5802	42377	4
5802	42379	4
5802	42380	4
5802	42381	4
5802	42384	4
5802	42386	4
5802	82494	4
5803	25100	4
5803	25151	4
5803	27041	4
5803	42393	4
5803	42394	4
5804	18813	4
5804	19130	4
5804	24993	4
5804	27313	4
5804	28969	4
5804	30165	4
5804	30171	4
5804	34290	4
5804	35807	4
5804	35813	4
5804	35820	4
5804	35861	4
5804	36326	4
5804	36468	4
5804	38987	4
5806	24735	4
5806	27784	4
5806	35399	4
5806	42453	4
5807	34002	4
5807	71508	4
5808	11516	4
5808	42467	4
5810	8958	4
5810	10130	4
5810	23926	4
5810	25204	4
5810	25458	4
5810	26063	4
5810	26095	4
5810	42476	4
5810	82558	4
5811	24163	4
5811	25684	4
5811	29246	4
5811	29715	4
5811	42552	4
5811	42553	4
5812	11547	4
5812	11548	4
5812	25677	4
5812	25842	4
5812	26732	4
5812	29258	4
5812	42566	4
5812	42568	4
5812	82650	4
5812	82651	4
5812	82652	4
5812	82653	4
5812	82655	4
5812	82663	4
5812	82664	4
5813	33739	4
5813	42579	4
5814	24801	4
5814	27401	4
5814	30557	4
5814	39969	4
5814	42604	4
5816	46679	4
5816	73358	4
5818	11576	4
5818	23832	4
5818	24549	4
5818	24553	4
5818	35706	4
5819	23974	4
5819	24480	4
5819	26195	4
5819	26808	4
5819	26828	4
5819	27441	4
5819	28676	4
5819	42689	4
5820	24421	4
5820	24589	4
5820	27049	4
5820	27593	4
5820	28533	4
5820	28694	4
5820	28972	4
5820	76756	4
5820	82874	4
5821	10197	4
5822	26281	4
5823	11613	4
5823	28718	4
5823	28971	4
5823	42797	4
5823	42798	4
5823	42799	4
5824	24696	4
5824	24788	4
5824	25072	4
5824	25575	4
5824	26496	4
5825	32388	4
5827	23911	4
5827	24306	4
5827	25880	4
5827	27726	4
5827	30410	4
5827	33108	4
5828	29462	4
5829	30993	4
5829	32937	4
5829	42851	4
5829	45143	4
5830	23706	4
5830	23759	4
5830	23801	4
5830	23905	4
5830	23938	4
5830	24651	4
5830	30640	4
5830	33108	4
5830	42855	4
5831	23889	4
5831	30523	4
5831	42857	4
5832	8014	4
5832	15907	4
5832	17067	4
5832	17068	4
5832	24108	4
5832	25095	4
5832	32627	4
5832	33514	4
5832	34558	4
5832	36473	4
5832	42845	4
5832	45424	4
5832	72659	4
5832	73437	4
5832	76681	4
5833	24827	4
5833	25601	4
5833	35614	4
5833	38890	4
5833	73441	4
5834	23690	4
5834	23793	4
5834	23908	4
5834	24354	4
5834	24637	4
5834	25204	4
5834	25398	4
5834	25593	4
5834	26781	4
5834	26783	4
5834	29287	4
5834	31454	4
5834	71309	4
5834	71453	4
5834	83023	4
5835	23933	4
5835	76065	4
5836	7834	4
5836	11638	4
5836	11661	4
5836	23690	4
5836	23822	4
5836	24136	4
5836	24163	4
5836	24165	4
5836	24186	4
5836	24201	4
5836	24529	4
5836	25210	4
5836	25658	4
5836	25941	4
5836	27034	4
5836	27099	4
5836	27460	4
5836	27585	4
5836	29748	4
5836	29955	4
5836	30630	4
5836	32610	4
5836	33641	4
5836	37435	4
5836	42911	4
5836	73511	4
5837	23698	4
5837	24031	4
5837	24513	4
5837	24730	4
5837	25095	4
5837	25435	4
5837	26252	4
5838	27824	4
5838	30690	4
5838	31891	4
5838	33596	4
5838	34185	4
5838	41377	4
5838	42902	4
5838	42954	4
5838	42955	4
5838	73961	4
5838	75759	4
5838	76533	4
5838	83082	4
5838	83086	4
5839	23698	4
5839	23754	4
5839	24028	4
5839	24364	4
5839	24653	4
5839	24690	4
5839	25575	4
5839	25577	4
5839	27554	4
5839	28118	4
5839	74780	4
5843	19169	4
5843	19257	4
5843	24476	4
5843	24492	4
5843	24805	4
5843	26270	4
5843	26407	4
5843	26810	4
5843	29394	4
5843	39248	4
5843	71448	4
5843	71480	4
5843	72308	4
5843	72324	4
5843	74736	4
5843	75874	4
5844	7876	4
5844	24063	4
5844	24069	4
5844	25404	4
5845	9462	4
5845	23918	4
5845	24639	4
5845	24691	4
5845	24775	4
5845	25451	4
5845	31174	4
5845	41857	4
5846	26968	4
5846	43107	4
5846	43178	4
5846	43180	4
5846	83282	4
5847	26767	4
5847	27023	4
5848	8723	4
5848	11755	4
5848	17101	4
5848	26029	4
5848	31658	4
5848	36091	4
5849	11758	4
5849	24145	4
5849	24163	4
5849	24198	4
5849	25353	4
5849	25697	4
5849	27197	4
5849	28791	4
5849	30429	4
5849	30727	4
5849	33997	4
5849	39875	4
5849	42864	4
5849	43206	4
5849	43207	4
5849	43209	4
5850	10386	4
5850	23697	4
5850	23768	4
5850	24057	4
5851	26665	4
5851	31796	4
5851	32220	4
5851	55735	4
5851	72523	4
5851	83311	4
5852	11764	4
5852	18949	4
5852	21236	4
5852	35456	4
5852	39100	4
5852	43220	4
5852	72493	4
5852	73521	4
5852	83312	4
5852	83313	4
5852	83314	4
5852	83317	4
5852	83318	4
5853	24009	4
5853	24386	4
5853	25532	4
5853	28205	4
5853	38793	4
5853	72839	4
5854	11778	4
5854	25102	4
5854	25115	4
5854	25900	4
5854	29441	4
5854	35488	4
5854	41498	4
5855	23754	4
5855	24641	4
5855	24955	4
5855	26065	4
5855	26250	4
5855	28486	4
5855	29241	4
5855	83351	4
5856	26253	4
5857	20144	4
5857	23810	4
5857	24628	4
5857	25001	4
5857	28278	4
5857	37831	4
5857	76157	4
5858	20682	4
5858	23738	4
5858	26799	4
5858	83453	4
5859	24375	4
5859	25258	4
5859	25437	4
5859	28106	4
5859	30237	4
5859	71265	4
5859	71450	4
5860	17120	4
5860	18975	4
5860	24019	4
5860	24030	4
5860	24427	4
5860	24502	4
5860	26109	4
5860	27612	4
5860	28068	4
5860	28191	4
5860	29144	4
5860	30670	4
5860	31019	4
5860	31742	4
5860	31877	4
5860	42954	4
5860	43506	4
5860	43507	4
5860	83486	4
5860	83487	4
5860	83488	4
5861	23793	4
5861	24291	4
5861	24820	4
5861	35889	4
5861	36968	4
5861	43509	4
5861	43510	4
5862	30680	4
5862	31742	4
5862	31907	4
5862	33589	4
5862	33593	4
5862	43511	4
5862	76975	4
5862	80144	4
5863	25756	4
5864	10959	4
5864	11803	4
5864	11804	4
5865	19426	4
5865	23878	4
5865	23882	4
5865	23883	4
5865	24165	4
5865	24245	4
5865	24650	4
5865	25464	4
5865	25485	4
5865	25645	4
5865	26696	4
5865	27175	4
5865	27192	4
5865	41208	4
5865	43521	4
5867	27851	4
5867	30688	4
5867	31076	4
5867	33579	4
5867	33604	4
5868	18985	4
5868	19257	4
5868	24377	4
5868	24758	4
5868	24865	4
5868	83559	4
5869	11840	4
5869	11843	4
5869	29484	4
5869	29492	4
5869	30010	4
5869	36357	4
5869	36977	4
5869	36993	4
5869	39261	4
5869	40652	4
5869	43460	4
5869	43562	4
5869	83569	4
5869	83570	4
5869	83571	4
5869	83573	4
5870	25087	4
5872	11844	4
5872	24540	4
5873	19019	4
5873	23701	4
5873	24073	4
5873	25204	4
5873	25448	4
5873	25604	4
5873	25975	4
5873	26337	4
5873	27023	4
5873	27578	4
5873	42195	4
5875	23754	4
5875	23793	4
5875	24047	4
5875	24335	4
5875	24370	4
5875	24479	4
5875	25126	4
5875	25725	4
5875	26777	4
5875	27119	4
5875	27486	4
5875	27785	4
5875	29307	4
5875	34682	4
5875	43260	4
5875	43608	4
5876	9172	4
5876	9386	4
5876	11113	4
5876	11869	4
5876	16275	4
5876	16649	4
5876	24690	4
5876	24803	4
5876	25733	4
5876	26096	4
5876	26989	4
5876	30118	4
5876	72579	4
5876	74656	4
5876	74993	4
5876	75854	4
5876	76248	4
5876	76821	4
5876	78795	4
5876	83604	4
5876	83608	4
5876	83609	4
5876	83611	4
5876	83614	4
5876	83615	4
5877	11873	4
5877	28146	4
5877	43614	4
5877	83618	4
5877	83619	4
5878	24108	4
5878	45467	4
5879	11877	4
5879	24338	4
5879	24432	4
5879	24651	4
5879	25398	4
5879	43616	4
5879	72383	4
5879	83620	4
5879	83621	4
5880	25656	4
5880	27087	4
5881	23802	4
5881	23993	4
5881	24338	4
5881	25623	4
5881	31346	4
5881	33515	4
5882	9346	4
5882	18884	4
5882	19491	4
5882	23904	4
5882	23915	4
5882	23938	4
5882	24275	4
5882	25439	4
5882	26066	4
5882	27349	4
5882	27364	4
5882	30557	4
5882	71817	4
5882	72394	4
5882	83694	4
5883	25366	4
5883	26564	4
5884	7924	4
5884	24128	4
5884	26049	4
5884	27194	4
5884	32989	4
5885	24089	4
5885	24362	4
5885	26923	4
5885	28819	4
5885	29754	4
5885	31161	4
5885	35075	4
5885	36064	4
5885	43661	4
5885	43662	4
5885	43663	4
5886	25105	4
5886	27850	4
5886	28230	4
5886	31736	4
5886	35252	4
5886	35788	4
5887	25095	4
5887	26063	4
5888	28969	4
5888	29307	4
5888	29313	4
5888	31928	4
5888	36459	4
5888	41764	4
5889	7758	4
5889	11956	4
5889	24025	4
5889	29546	4
5889	35604	4
5889	74082	4
5889	74658	4
5889	83933	4
5889	83936	4
5889	83937	4
5890	19019	4
5890	29972	4
5890	30953	4
5890	43803	4
5890	45480	4
5891	7910	4
5891	23820	4
5891	24270	4
5891	24639	4
5891	24690	4
5891	25439	4
5891	25723	4
5891	25852	4
5891	27783	4
5891	28319	4
5891	30403	4
5891	31315	4
5891	32920	4
5891	33265	4
5891	36262	4
5891	43815	4
5891	77979	4
5892	11236	4
5892	23914	4
5892	24293	4
5892	24886	4
5892	26254	4
5892	26428	4
5892	27313	4
5892	27642	4
5892	30158	4
5892	39198	4
5892	71452	4
5892	84000	4
5893	8885	4
5893	11973	4
5894	8092	4
5894	24547	4
5894	26337	4
5894	26903	4
5896	25668	4
5896	33674	4
5898	15804	4
5898	24112	4
5898	26780	4
5899	24432	4
5899	24756	4
5899	24886	4
5899	25506	4
5899	26164	4
5899	26405	4
5899	26496	4
5899	28761	4
5899	34747	4
5899	72098	4
5899	77988	4
5900	8564	4
5900	11996	4
5900	21585	4
5900	25458	4
5900	27893	4
5900	28640	4
5900	28803	4
5900	30163	4
5900	34489	4
5900	35092	4
5900	38487	4
5900	39302	4
5900	40671	4
5901	7900	4
5901	9596	4
5901	9628	4
5901	11998	4
5901	11999	4
5901	18917	4
5901	23896	4
5901	23991	4
5901	24367	4
5901	25076	4
5901	25459	4
5901	25623	4
5901	25756	4
5901	30742	4
5901	43932	4
5901	79107	4
5902	84051	4
5903	23898	4
5903	24274	4
5903	24326	4
5903	24610	4
5903	28208	4
5903	34313	4
5903	45485	4
5903	71821	4
5903	74146	4
5904	25507	4
5904	33829	4
5904	37597	4
5905	9181	4
5905	23793	4
5905	23911	4
5905	31806	4
5906	24580	4
5906	25627	4
5906	27991	4
5906	28419	4
5906	29436	4
5906	33350	4
5906	38530	4
5906	43966	4
5907	8400	4
5907	24422	4
5907	25494	4
5907	26590	4
5907	27671	4
5907	28965	4
5907	71628	4
5908	23929	4
5908	24058	4
5908	24906	4
5908	25622	4
5908	25706	4
5908	30781	4
5908	37722	4
5909	7740	4
5909	10185	4
5909	24094	4
5909	36558	4
5909	84098	4
5910	7955	4
5910	12025	4
5910	24443	4
5910	31797	4
5910	35299	4
5910	39568	4
5910	71356	4
5910	75777	4
5910	79914	4
5910	83452	4
5910	84099	4
5910	84101	4
5910	84102	4
5911	33290	4
5912	24289	4
5913	12030	4
5913	17204	4
5913	24526	4
5913	25341	4
5913	27080	4
5913	28000	4
5913	28006	4
5913	29148	4
5913	29252	4
5913	29510	4
5913	30247	4
5913	32640	4
5913	34205	4
5913	34305	4
5913	34413	4
5913	34941	4
5913	35218	4
5913	43987	4
5913	73206	4
5913	79177	4
5913	84109	4
5913	84113	4
5913	84116	4
5915	25748	4
5915	33670	4
5915	74050	4
5915	84127	4
5917	8299	4
5918	9576	4
5918	10369	4
5918	24463	4
5921	23707	4
5921	34709	4
5922	12066	4
5922	21629	4
5922	28505	4
5922	34477	4
5922	38427	4
5922	44058	4
5922	44060	4
5922	44061	4
5923	7925	4
5923	23706	4
5923	23760	4
5923	23791	4
5923	23926	4
5923	24069	4
5923	24074	4
5923	24075	4
5923	24245	4
5923	24280	4
5923	24440	4
5923	24665	4
5923	24721	4
5923	25203	4
5923	25391	4
5923	26250	4
5923	26252	4
5923	26890	4
5923	27505	4
5923	27530	4
5923	28576	4
5923	30703	4
5923	31122	4
5923	32165	4
5923	32979	4
5923	34864	4
5923	35276	4
5924	23718	4
5924	23926	4
5924	23931	4
5924	24105	4
5924	24319	4
5924	25451	4
5924	26131	4
5924	26573	4
5924	27796	4
5924	41683	4
5925	7898	4
5925	12077	4
5925	24721	4
5925	27358	4
5925	27486	4
5925	43574	4
5927	18894	4
5927	24338	4
5927	24361	4
5927	31087	4
5927	71447	4
5927	71964	4
5927	73082	4
5928	26109	4
5928	26252	4
5930	12085	4
5930	12086	4
5930	23802	4
5930	24072	4
5930	44101	4
5931	24277	4
5931	24291	4
5931	24404	4
5931	32230	4
5931	32937	4
5931	33090	4
5931	34620	4
5931	44103	4
5932	9136	4
5932	11220	4
5932	19232	4
5932	24160	4
5932	24201	4
5932	25556	4
5933	24866	4
5934	12100	4
5934	34642	4
5934	84264	4
5935	26506	4
5936	8742	4
5936	9238	4
5936	25078	4
5936	84288	4
5937	23765	4
5937	24463	4
5937	71214	4
5938	7519	4
5938	8745	4
5938	11197	4
5938	12125	4
5938	17240	4
5938	17241	4
5938	19989	4
5938	21656	4
5938	21657	4
5938	23816	4
5938	23897	4
5938	24364	4
5938	24480	4
5938	24997	4
5938	25146	4
5938	25276	4
5938	26207	4
5938	27424	4
5938	29528	4
5938	29532	4
5938	30639	4
5938	32898	4
5938	32957	4
5938	32960	4
5938	39963	4
5938	41023	4
5938	44191	4
5938	44192	4
5938	45511	4
5938	45512	4
5938	84324	4
5938	84326	4
5938	84330	4
5938	84331	4
5938	84332	4
5938	84334	4
5938	84338	4
5938	84340	4
5939	41097	4
5939	44207	4
5939	44209	4
5940	10370	4
5940	23717	4
5942	7997	4
5942	23852	4
5942	24090	4
5942	24266	4
5942	24424	4
5942	27671	4
5942	27709	4
5942	32571	4
5942	33611	4
5942	44264	4
5942	44267	4
5942	44268	4
5942	44270	4
5945	12184	4
5945	16209	4
5945	17254	4
5945	28193	4
5945	29037	4
5945	74182	4
5945	74850	4
5945	78310	4
5945	83371	4
5945	84444	4
5945	84445	4
5947	35265	4
5947	36589	4
5947	74483	4
5947	76130	4
5948	7908	4
5948	9391	4
5948	11628	4
5948	27534	4
5948	71633	4
5949	23688	4
5949	24421	4
5949	24554	4
5949	25755	4
5949	26121	4
5949	29064	4
5949	72185	4
5950	19347	4
5950	23730	4
5950	25115	4
5950	25229	4
5950	25948	4
5950	26740	4
5950	27320	4
5950	42442	4
5950	44442	4
5951	23871	4
5951	23898	4
5951	23924	4
5951	24107	4
5951	24323	4
5951	24370	4
5951	24696	4
5951	25727	4
5951	26304	4
5951	27349	4
5951	32434	4
5951	33318	4
5951	37760	4
5951	84558	4
5953	7962	4
5953	10329	4
5953	23706	4
5953	24023	4
5953	24642	4
5953	25876	4
5953	32071	4
5953	44469	4
5953	73057	4
5954	7631	4
5955	9520	4
5955	21281	4
5955	23768	4
5955	23880	4
5955	24023	4
5955	24029	4
5955	24035	4
5955	24074	4
5955	24338	4
5955	24363	4
5955	24650	4
5955	24689	4
5955	24715	4
5955	24735	4
5955	24857	4
5955	26122	4
5955	26236	4
5955	26263	4
5955	28479	4
5955	33954	4
5956	7551	4
5956	8641	4
5956	12255	4
5956	12256	4
5956	18812	4
5956	23770	4
5956	23858	4
5956	23903	4
5956	23915	4
5956	23927	4
5956	24027	4
5956	24198	4
5956	24200	4
5956	24306	4
5956	24466	4
5956	24503	4
5956	25344	4
5956	25555	4
5956	25562	4
5956	25563	4
5956	25764	4
5956	27031	4
5956	27102	4
5956	30597	4
5956	36155	4
5956	44490	4
5956	44491	4
5956	45532	4
5956	45535	4
5956	71636	4
5957	7605	4
5957	10386	4
5957	26164	4
5957	26768	4
5959	8863	4
5959	23700	4
5959	25392	4
5959	25725	4
5960	39182	4
5961	24349	4
5961	25273	4
5961	32305	4
5961	34197	4
5961	34484	4
5961	39195	4
5962	12285	4
5962	12288	4
5962	12290	4
5962	19210	4
5963	19505	4
5963	24070	4
5963	26923	4
5964	7834	4
5964	12299	4
5964	25683	4
5964	29117	4
5964	44602	4
5966	23791	4
5966	23982	4
5966	24021	4
5966	24475	4
5966	24483	4
5966	24730	4
5966	24774	4
5966	24797	4
5966	24844	4
5966	24865	4
5966	25167	4
5966	25262	4
5966	25287	4
5966	25298	4
5966	25398	4
5966	25617	4
5966	25623	4
5966	25790	4
5966	26078	4
5966	26141	4
5966	26254	4
5966	26406	4
5966	28279	4
5966	29936	4
5966	30450	4
5966	30753	4
5966	31473	4
5966	33015	4
5967	23843	4
5967	44620	4
5968	25577	4
5969	11359	4
5969	25037	4
5970	44629	4
5974	12356	4
5974	20413	4
5976	8935	4
5976	15907	4
5979	17352	4
5979	18838	4
5980	7532	4
5981	8034	4
5981	12385	4
5982	10242	4
5987	12421	4
5989	11630	4
5991	18989	4
5993	20473	4
5993	21818	4
5993	21820	4
5995	12468	4
5999	9066	4
5999	18872	4
6000	7637	4
6001	7886	4
6001	9424	4
6001	12499	4
6004	8317	4
6004	11330	4
6005	8300	4
6006	12508	4
6007	8199	4
6007	18845	4
6007	19355	4
6008	10368	4
6010	7871	4
6011	12519	4
6011	12520	4
6012	9769	4
6013	8826	4
6014	10782	4
6015	12547	4
6015	18949	4
6015	19106	4
6016	7899	4
6017	12566	4
6018	10496	4
6023	12584	4
6024	12587	4
6031	17457	4
6032	21938	4
6032	21939	4
6033	17458	4
6035	9805	4
6036	15933	4
6036	16518	4
6039	19723	4
6041	12682	4
6041	20084	4
6041	45634	4
6042	8882	4
6042	9722	4
6042	10833	4
6042	12685	4
6042	12686	4
6049	12699	4
6050	8549	4
6051	8819	4
6051	9851	4
6051	19406	4
6053	10782	4
6053	12725	4
6054	7777	4
6055	19018	4
6058	15632	4
6058	15772	4
6059	7883	4
6059	8564	4
6060	7773	4
6062	8309	4
6062	9964	4
6063	11957	4
6064	12772	4
6065	12773	4
6066	7771	4
6066	7884	4
6068	7605	4
6074	12827	4
6076	12836	4
6078	8680	4
6080	9781	4
6080	12224	4
6080	19105	4
6081	7940	4
6082	8204	4
6082	18826	4
6082	22095	4
6083	7899	4
6083	10156	4
6085	7993	4
6085	21604	4
6085	22107	4
6085	22109	4
6085	22110	4
6085	22112	4
6085	22113	4
6085	22114	4
6087	12913	4
6088	15804	4
6089	19141	4
6092	11957	4
6093	7686	4
6094	22154	4
6099	20927	4
6101	13006	4
6101	13007	4
6102	8559	4
6103	7723	4
6103	8286	4
6103	13013	4
6104	13014	4
6109	8326	4
6109	12347	4
6110	17614	4
6111	13037	4
6114	7502	4
6114	7546	4
6116	7579	4
6119	9830	4
6119	17628	4
6120	13077	4
6121	13080	4
6121	17634	4
6123	7752	4
6123	18875	4
6127	13092	4
6129	7502	4
6130	9348	4
6131	7740	4
6131	13131	4
6133	17656	4
6133	18894	4
6133	19091	4
6135	7752	4
6138	13148	4
6139	22248	4
6140	7875	4
6140	7989	4
6142	12916	4
6144	13187	4
6145	13203	4
6145	18949	4
6145	22262	4
6147	8980	4
6148	8451	4
6148	17051	4
6150	10106	4
6150	10910	4
6151	8619	4
6155	18812	4
6155	22293	4
6157	9078	4
6158	8820	4
6158	10386	4
6158	18899	4
6159	45757	4
6161	44736	4
6163	8014	4
6165	21651	4
6165	21980	4
6166	8874	4
6166	11187	4
6166	13290	4
6167	13308	4
6168	8925	4
6168	9107	4
6168	19691	4
6169	8515	4
6171	22319	4
6172	17729	4
6177	7677	4
6177	13329	4
6177	45583	4
6179	18818	4
6180	9916	4
6180	11316	4
6180	13338	4
6180	13339	4
6185	13362	4
6185	17746	4
6185	45772	4
6187	8905	4
6188	8741	4
6191	8326	4
6193	9809	4
6193	17523	4
6194	7522	4
6194	10517	4
6194	19774	4
6196	7752	4
6198	13403	4
6198	22389	4
6200	8577	4
6201	8983	4
6205	13245	4
6206	18825	4
6206	18853	4
6206	19842	4
6208	18867	4
6210	7578	4
6212	9538	4
6213	8640	4
6214	18844	4
6214	44708	4
6214	44738	4
6216	10058	4
6216	13472	4
6219	13484	4
6221	8640	4
6221	13485	4
6221	13486	4
6223	20549	4
6224	8568	4
6226	7890	4
6226	12461	4
6226	45085	4
6227	13548	4
6228	8590	4
6229	45824	4
6231	13578	4
6231	19489	4
6235	13595	4
6238	7874	4
6241	12230	4
6243	21075	4
6244	7536	4
6244	7898	4
6244	8433	4
6244	9580	4
6245	7597	4
6246	19939	4
6247	7598	4
6247	7871	4
6252	7554	4
6252	8009	4
6253	9055	4
6253	13199	4
6255	19384	4
6256	13662	4
6257	18812	4
6257	19090	4
6258	7907	4
6260	8646	4
6266	13702	4
6267	17938	4
6268	18908	4
6268	19096	4
6270	13718	4
6271	13720	4
6272	11690	4
6273	8419	4
6280	19040	4
6281	22592	4
6282	19265	4
6283	7551	4
6283	7598	4
6283	8964	4
6283	9347	4
6283	10386	4
6283	11339	4
6283	18884	4
6283	18967	4
6291	9651	4
6292	13847	4
6293	11475	4
6296	10334	4
6297	12461	4
6299	13874	4
6300	13882	4
6303	7598	4
6303	15621	4
6304	8342	4
6307	17457	4
6307	18003	4
6309	13908	4
6312	9264	4
6313	9181	4
6313	12279	4
6313	13916	4
6315	9327	4
6315	9349	4
6315	22692	4
6318	13922	4
6318	16339	4
6319	9306	4
6319	45897	4
6320	8439	4
6320	13740	4
6323	7631	4
6323	13935	4
6324	20893	4
6326	11384	4
6327	13946	4
6329	8058	4
6331	15722	4
6332	13900	4
6332	15676	4
6332	17562	4
6333	18033	4
6333	18923	4
6333	21055	4
6334	10069	4
6336	9857	4
6336	13971	4
6340	7542	4
6341	7555	4
6344	45915	4
6347	10073	4
6347	18973	4
6349	9568	4
6350	8204	4
6350	8729	4
6352	7535	4
6354	9420	4
6354	12347	4
6356	13835	4
6358	14080	4
6359	20108	4
6360	14094	4
6360	18089	4
6360	19334	4
6360	19422	4
6361	18090	4
6362	19353	4
6364	14100	4
6364	18091	4
6366	7563	4
6366	17821	4
6367	7898	4
6367	14124	4
6370	8348	4
6371	11472	4
6375	19020	4
6375	19257	4
6376	8089	4
6376	10955	4
6376	16009	4
6378	8286	4
6379	22864	4
6380	7697	4
6384	13157	4
6385	8433	4
6385	8792	4
6385	13085	4
6385	14190	4
6385	16134	4
6385	21024	4
6388	14193	4
6388	22881	4
6390	14223	4
6392	8519	4
6394	7508	4
6394	18968	4
6395	14241	4
6396	7605	4
6398	9877	4
6403	14270	4
6403	18818	4
6403	45780	4
6405	14272	4
6406	8742	4
6406	10806	4
6406	19555	4
6406	22945	4
6407	14305	4
6407	14307	4
6407	19989	4
6408	45964	4
6410	8709	4
6410	9827	4
6412	22956	4
6414	9187	4
6415	8983	4
6415	11582	4
6415	14339	4
6415	22958	4
6417	7715	4
6418	7626	4
6420	19773	4
6421	8286	4
6425	8443	4
6425	15899	4
6425	18192	4
6426	7518	4
6426	9023	4
6427	14352	4
6429	8564	4
6431	7547	4
6432	8512	4
6432	12976	4
6432	14366	4
6432	16365	4
6432	18844	4
6432	18922	4
6432	18945	4
6432	19070	4
6432	19271	4
6433	14368	4
6433	20418	4
6436	10386	4
6437	18216	4
6438	7519	4
6438	7754	4
6442	8674	4
6442	45082	4
6445	8519	4
6446	14412	4
6447	11966	4
6448	7554	4
6449	18239	4
6449	23002	4
6449	23003	4
6449	23004	4
6450	11796	4
6450	14438	4
6454	14458	4
6455	14483	4
6456	9834	4
6456	14484	4
6459	7667	4
6459	12821	4
6459	45174	4
6461	7910	4
6461	19939	4
6462	9085	4
6466	14508	4
6468	7898	4
6473	11294	4
6473	23050	4
6476	7534	4
6478	10197	4
6478	16704	4
6478	19140	4
6480	8812	4
6480	16145	4
6481	11337	4
6483	10370	4
6483	10544	4
6484	14565	4
6484	14567	4
6484	18295	4
6485	7819	4
6487	15795	4
6489	14616	4
6490	14627	4
6491	19339	4
6492	10288	4
6493	9725	4
6494	18991	4
6494	19426	4
6494	44858	4
6495	23119	4
6496	8168	4
6497	7555	4
6498	23132	4
6499	7905	4
6499	8149	4
6499	9770	4
6499	9877	4
6502	8598	4
6505	19395	4
6509	11061	4
6509	45012	4
6510	14700	4
6511	14706	4
6514	7871	4
6515	7916	4
6515	13085	4
6517	7502	4
6517	7900	4
6519	14758	4
6519	45455	4
6523	45085	4
6527	7981	4
6527	20436	4
6527	23205	4
6529	14798	4
6529	14799	4
6530	7503	4
6530	8014	4
6530	12075	4
6530	12248	4
6531	14801	4
6534	8482	4
6534	18943	4
6536	14829	4
6537	8611	4
6538	7761	4
6538	14851	4
6542	18860	4
6542	19932	4
6543	14858	4
6544	18845	4
6546	18825	4
6546	18973	4
6547	19375	4
6549	7915	4
6549	12860	4
6549	14885	4
6551	14894	4
6551	14895	4
6554	7562	4
6554	7584	4
6554	7940	4
6554	10320	4
6557	20347	4
6558	7871	4
6560	10001	4
6564	10386	4
6566	7617	4
6566	8767	4
6566	18867	4
6568	9562	4
6568	10841	4
6568	44858	4
6569	14963	4
6570	14965	4
6570	45168	4
6575	7871	4
6576	19106	4
6578	15804	4
6582	7535	4
6583	14998	4
6585	8670	4
6585	14999	4
6587	9689	4
6587	11080	4
6592	44857	4
6594	7993	4
6597	13661	4
6598	8588	4
6599	12707	4
6601	19939	4
6601	20613	4
6602	8982	4
6602	9423	4
6604	9356	4
6604	15056	4
6604	15057	4
6604	18305	4
6604	19290	4
6607	8014	4
6607	21196	4
6608	7964	4
6608	8983	4
6609	15072	4
6609	19098	4
6611	10910	4
6612	9147	4
6612	9348	4
6612	9688	4
6612	45123	4
6614	7928	4
6615	18899	4
6616	19737	4
6616	23413	4
6617	7546	4
6619	12462	4
6620	15124	4
6621	8816	4
6625	12237	4
6625	15135	4
6626	15137	4
6632	15159	4
6636	8089	4
6636	45508	4
6638	15186	4
6638	23457	4
6639	15187	4
6641	10044	4
6642	7506	4
6642	9016	4
6643	20795	4
6645	7598	4
6645	7837	4
6646	15081	4
6647	9188	4
6651	18843	4
6651	19271	4
6653	13926	4
6653	15253	4
6654	13391	4
6660	15270	4
6660	15272	4
6662	7694	4
6662	10386	4
6662	11719	4
6662	13968	4
6665	21492	4
6666	15279	4
6669	23502	4
6671	8980	4
6674	9256	4
6677	9693	4
6678	10619	4
6678	12861	4
6678	15368	4
6678	23534	4
6679	9136	4
6679	14473	4
6679	14830	4
6679	15377	4
6679	15378	4
6679	18942	4
6679	19140	4
6679	19292	4
6681	7503	4
6682	7686	4
6683	13038	4
6683	23551	4
6685	8146	4
6685	10663	4
6685	10826	4
6685	15393	4
6685	18711	4
6687	20580	4
6689	10471	4
6690	14326	4
6691	7898	4
6692	11432	4
6694	7503	4
6694	7555	4
6695	8598	4
6696	8326	4
6698	15451	4
6698	18727	4
6699	14418	4
6700	22468	4
6701	10828	4
6701	19340	4
6701	23588	4
6701	44743	4
6702	15677	4
6704	45516	4
6706	7585	4
6706	7624	4
6706	15492	4
6707	12253	4
6707	14954	4
6707	15665	4
6707	16491	4
6707	19967	4
6709	9454	4
6709	12294	4
6709	19110	4
6713	16997	4
6714	9582	4
6717	14353	4
6717	15266	4
6717	19093	4
6717	19395	4
6717	19764	4
6717	22429	4
6717	46266	4
6717	46267	4
6717	46268	4
6718	12458	4
6718	13769	4
6718	17190	4
6719	18756	4
6721	7576	4
6722	19110	4
6725	8089	4
6730	23668	4
6732	15694	4
6735	23684	4
6737	9055	4
6737	18594	4
6737	18917	4
6738	23709	4
6738	23710	4
6738	23715	4
6738	46350	4
6738	46352	4
6738	46354	4
6738	46356	4
6738	46357	4
6738	46358	4
6738	46359	4
6738	46361	4
6738	46363	4
6738	46364	4
6738	46366	4
6738	46367	4
6738	46369	4
6738	46375	4
6738	46380	4
6738	46381	4
6738	46382	4
6738	71198	4
6739	47653	4
6739	71436	4
6740	15653	4
6740	24028	4
6740	24785	4
6740	25017	4
6740	25124	4
6740	25126	4
6740	46597	4
6740	47137	4
6740	48160	4
6740	48161	4
6740	48162	4
6740	71561	4
6742	46620	4
6742	71669	4
6743	24413	4
6743	24420	4
6743	26686	4
6743	47339	4
6744	51148	4
6745	15709	4
6745	15710	4
6745	51493	4
6746	50270	4
6747	47899	4
6747	48018	4
6747	71525	4
6749	24022	4
6749	26788	4
6749	27837	4
6749	28227	4
6749	28228	4
6749	28229	4
6749	28230	4
6749	28234	4
6749	28238	4
6749	28246	4
6749	28251	4
6749	28254	4
6749	46884	4
6749	52801	4
6749	52805	4
6749	52814	4
6749	53535	4
6749	53537	4
6749	53538	4
6749	53539	4
6749	53541	4
6749	53542	4
6749	53544	4
6749	53546	4
6749	53549	4
6749	53551	4
6749	53556	4
6752	29071	4
6752	48483	4
6752	48521	4
6752	55182	4
6752	56381	4
6753	15955	4
6753	46599	4
6754	31374	4
6754	50545	4
6754	58272	4
6754	58275	4
6755	74304	4
6756	15987	4
6756	19722	4
6756	24274	4
6756	28892	4
6756	29416	4
6756	32093	4
6756	48614	4
6756	48765	4
6756	52213	4
6756	57277	4
6757	15989	4
6757	27204	4
6757	31043	4
6758	49875	4
6759	49174	4
6760	19820	4
6760	23876	4
6760	24090	4
6760	24546	4
6760	24549	4
6760	26093	4
6760	26797	4
6760	27274	4
6760	27990	4
6760	32988	4
6760	32992	4
6760	46566	4
6760	46573	4
6760	46758	4
6760	47494	4
6760	48858	4
6760	51447	4
6760	52099	4
6760	61355	4
6761	15906	4
6761	26096	4
6761	26923	4
6761	30249	4
6761	32539	4
6761	47131	4
6761	49258	4
6761	50304	4
6761	61580	4
6761	61582	4
6761	75147	4
6763	62703	4
6764	26000	4
6764	54157	4
6764	63492	4
6764	63493	4
6765	16158	4
6765	24943	4
6765	25063	4
6765	25285	4
6765	25301	4
6765	25369	4
6765	26013	4
6765	26408	4
6765	27436	4
6765	29394	4
6765	32827	4
6765	34314	4
6765	34317	4
6765	34318	4
6765	34319	4
6765	34321	4
6765	34322	4
6765	48406	4
6765	52110	4
6765	53631	4
6765	53643	4
6765	55256	4
6765	62612	4
6765	63792	4
6765	63794	4
6765	63795	4
6765	63799	4
6765	63800	4
6765	63803	4
6765	63805	4
6765	63807	4
6765	63808	4
6765	63811	4
6765	63812	4
6765	63815	4
6765	63816	4
6765	63818	4
6765	63819	4
6765	63820	4
6765	63821	4
6766	19972	4
6766	34087	4
6766	34364	4
6766	34367	4
6766	48165	4
6766	49646	4
6766	63949	4
6766	63950	4
6766	63952	4
6766	63956	4
6766	63957	4
6766	63959	4
6766	63960	4
6767	24601	4
6767	29317	4
6767	30922	4
6767	46813	4
6767	55819	4
6767	64661	4
6767	64664	4
6768	23856	4
6768	24398	4
6768	24533	4
6768	25492	4
6768	25855	4
6768	27522	4
6768	28082	4
6768	29792	4
6768	32162	4
6768	34990	4
6768	34991	4
6768	46445	4
6768	47341	4
6768	50177	4
6768	52565	4
6768	53618	4
6768	55641	4
6768	57290	4
6768	59229	4
6768	59257	4
6768	60647	4
6768	61606	4
6768	65160	4
6768	65164	4
6768	76370	4
6769	27788	4
6769	65618	4
6770	24533	4
6770	51991	4
6770	53429	4
6771	28557	4
6771	46301	4
6771	55463	4
6771	65796	4
6771	71636	4
6771	76593	4
6771	76594	4
6772	15754	4
6772	24023	4
6772	24080	4
6772	24794	4
6772	24914	4
6772	24964	4
6772	25887	4
6772	26250	4
6772	27966	4
6772	28894	4
6772	30634	4
6772	35465	4
6772	35468	4
6772	46928	4
6772	50022	4
6773	51685	4
6773	66325	4
6776	33231	4
6776	58370	4
6776	64392	4
6777	16324	4
6777	24332	4
6777	36300	4
6777	46806	4
6777	46925	4
6777	47079	4
6777	47289	4
6777	52172	4
6777	56526	4
6777	58671	4
6777	60003	4
6777	62953	4
6777	67931	4
6777	67932	4
6777	67933	4
6778	36547	4
6778	36549	4
6778	68210	4
6779	57012	4
6779	75726	4
6780	16382	4
6780	23690	4
6780	28973	4
6780	36900	4
6780	50823	4
6780	68882	4
6780	77425	4
6782	16410	4
6783	16421	4
6783	23765	4
6783	23802	4
6783	24760	4
6783	25609	4
6783	25889	4
6783	26108	4
6783	26270	4
6783	26448	4
6783	29784	4
6783	31204	4
6783	37226	4
6783	46589	4
6783	50376	4
6783	55795	4
6784	16209	4
6784	24539	4
6785	28708	4
6785	29815	4
6785	37552	4
6785	54254	4
6785	61730	4
6785	70288	4
6786	25959	4
6786	27627	4
6786	29815	4
6786	29999	4
6786	30439	4
6786	78675	4
6787	78771	4
6788	24942	4
6788	24995	4
6790	24709	4
6790	73440	4
6791	25305	4
6791	26496	4
6791	32457	4
6791	33826	4
6791	71216	4
6792	31758	4
6792	35124	4
6792	36448	4
6792	78893	4
6793	23754	4
6793	25078	4
6793	25203	4
6793	25452	4
6793	25654	4
6793	25878	4
6793	27123	4
6793	31923	4
6793	32144	4
6793	33935	4
6794	15676	4
6794	26439	4
6795	16534	4
6795	20629	4
6795	31817	4
6795	32736	4
6795	33612	4
6795	34427	4
6795	35821	4
6795	38483	4
6795	38484	4
6795	38486	4
6795	38487	4
6796	24529	4
6796	25761	4
6796	25764	4
6797	29241	4
6797	30737	4
6797	38810	4
6797	38811	4
6797	79292	4
6798	16624	4
6798	25257	4
6798	29309	4
6798	36846	4
6799	39321	4
6799	39322	4
6799	71878	4
6802	15843	4
6802	23698	4
6802	23793	4
6802	23901	4
6802	24227	4
6802	24291	4
6802	24325	4
6802	24865	4
6802	25204	4
6802	26119	4
6802	28956	4
6802	32641	4
6802	35194	4
6802	35398	4
6802	36076	4
6804	25217	4
6804	26058	4
6804	29234	4
6804	31127	4
6805	24074	4
6807	24105	4
6807	24183	4
6807	24356	4
6807	25205	4
6807	25526	4
6807	28419	4
6807	30557	4
6807	33659	4
6807	41013	4
6807	79822	4
6808	24877	4
6810	27061	4
6812	20712	4
6812	33662	4
6813	24665	4
6813	26856	4
6813	30751	4
6813	42152	4
6815	36479	4
6816	17018	4
6816	31275	4
6816	45404	4
6817	17025	4
6817	19321	4
6817	21303	4
6817	21306	4
6817	21309	4
6817	21310	4
6817	28398	4
6817	42587	4
6817	42588	4
6817	42592	4
6818	16802	4
6819	18963	4
6822	26523	4
6822	33356	4
6824	17116	4
6824	25414	4
6825	30026	4
6826	19355	4
6826	24163	4
6826	25190	4
6826	26836	4
6826	27069	4
6826	27083	4
6826	28898	4
6826	29742	4
6826	71684	4
6826	83491	4
6827	15745	4
6827	71403	4
6828	17170	4
6828	18945	4
6828	24756	4
6828	25872	4
6828	71306	4
6829	17175	4
6829	42179	4
6830	27353	4
6832	17185	4
6832	43898	4
6833	26177	4
6833	27693	4
6833	43933	4
6834	24395	4
6834	24428	4
6834	24506	4
6834	27117	4
6834	28345	4
6834	29403	4
6834	32634	4
6835	17197	4
6835	25266	4
6835	25785	4
6836	19200	4
6836	23741	4
6836	25706	4
6836	26772	4
6836	36113	4
6836	76625	4
6838	16331	4
6838	17209	4
6838	17210	4
6838	77406	4
6838	84136	4
6840	26088	4
6840	41563	4
6841	25011	4
6841	27109	4
6841	31846	4
6842	32835	4
6842	39052	4
6842	44521	4
6842	44523	4
6843	26579	4
6843	28168	4
6843	43040	4
6844	24600	4
6844	27414	4
6844	28578	4
6844	28985	4
6844	29125	4
6844	44614	4
6848	19106	4
6848	19247	4
6848	45587	4
6850	16341	4
6850	17390	4
6855	44913	4
6864	15621	4
6865	22084	4
6867	45066	4
6873	17651	4
6873	21155	4
6873	22230	4
6876	17668	4
6878	45337	4
6880	19180	4
6882	15794	4
6885	17757	4
6887	17774	4
6887	45790	4
6897	17969	4
6901	18012	4
6905	16668	4
6906	18088	4
6908	15773	4
6908	19251	4
6921	16040	4
6930	46098	4
6943	18575	4
6949	46202	4
6951	16668	4
6953	19125	4
6953	19475	4
6953	23553	4
6956	19427	4
6956	20777	4
6960	18746	4
6964	18810	4
6965	18818	4
6965	23864	4
6965	24029	4
6965	24032	4
6965	24033	4
6965	46301	4
6965	46417	4
6965	46823	4
6965	46827	4
6965	46828	4
6965	46831	4
6965	46832	4
6965	46834	4
6965	46839	4
6965	46843	4
6965	46844	4
6965	46845	4
6965	46852	4
6965	46860	4
6965	46861	4
6965	46862	4
6965	46863	4
6965	46865	4
6965	46869	4
6965	71260	4
6966	25010	4
6966	25012	4
6966	25014	4
6966	25015	4
6966	25016	4
6966	47931	4
6966	47932	4
6966	47934	4
6966	47940	4
6966	47941	4
6967	24205	4
6967	48218	4
6967	48628	4
6967	48633	4
6968	18934	4
6968	48717	4
6968	48718	4
6970	26088	4
6970	47139	4
6970	47438	4
6970	49656	4
6970	49663	4
6970	49671	4
6970	49674	4
6970	71216	4
6971	26454	4
6971	50392	4
6971	50398	4
6972	19111	4
6972	26045	4
6972	26704	4
6972	26753	4
6972	26758	4
6972	26760	4
6972	46799	4
6972	49581	4
6972	51030	4
6972	51031	4
6972	51034	4
6972	51036	4
6972	51037	4
6972	51039	4
6972	51042	4
6972	51044	4
6973	24715	4
6973	26830	4
6974	25083	4
6974	25563	4
6974	27028	4
6974	27030	4
6974	27032	4
6974	27036	4
6974	27037	4
6974	27038	4
6974	47594	4
6974	48627	4
6974	50408	4
6974	50459	4
6974	50463	4
6974	51054	4
6974	51353	4
6974	51355	4
6974	51356	4
6974	51358	4
6974	51362	4
6974	51363	4
6974	51364	4
6974	51366	4
6974	72143	4
6975	25778	4
6975	27385	4
6975	27387	4
6975	47487	4
6975	51951	4
6975	51961	4
6975	51962	4
6975	51963	4
6975	51966	4
6975	51969	4
6975	51970	4
6976	19130	4
6976	27789	4
6976	27790	4
6976	52760	4
6977	24338	4
6977	24361	4
6977	26132	4
6977	27356	4
6977	27855	4
6977	46312	4
6977	46375	4
6977	47235	4
6977	48163	4
6977	49775	4
6977	51943	4
6977	52825	4
6977	52826	4
6977	52830	4
6977	52831	4
6978	23790	4
6978	25380	4
6978	27856	4
6978	27858	4
6978	27867	4
6978	27869	4
6978	27875	4
6978	27878	4
6978	27879	4
6978	27881	4
6978	27884	4
6978	27885	4
6978	27886	4
6978	52844	4
6978	52845	4
6978	52846	4
6978	52848	4
6978	52850	4
6978	52852	4
6978	52854	4
6978	52855	4
6978	52856	4
6978	52857	4
6978	52858	4
6978	52862	4
6978	72598	4
6980	28104	4
6980	53258	4
6980	53260	4
6980	53262	4
6981	24532	4
6981	24892	4
6981	27349	4
6981	46598	4
6981	52781	4
6981	53422	4
6981	53423	4
6981	53427	4
6981	71433	4
6982	18883	4
6982	29019	4
6982	29023	4
6982	29024	4
6982	46825	4
6982	49880	4
6982	54671	4
6982	54677	4
6982	54678	4
6982	54679	4
6983	19369	4
6983	28685	4
6983	29078	4
6983	29081	4
6983	29083	4
6983	29084	4
6983	29086	4
6983	29087	4
6983	29088	4
6983	29089	4
6983	29091	4
6983	29092	4
6983	29098	4
6983	29099	4
6983	29100	4
6983	46714	4
6983	46859	4
6983	46898	4
6983	47788	4
6983	48529	4
6983	54301	4
6983	54726	4
6983	54729	4
6983	54730	4
6983	54733	4
6983	54735	4
6983	54739	4
6983	54744	4
6983	54746	4
6984	25854	4
6984	28346	4
6984	29368	4
6984	29369	4
6984	55109	4
6984	55110	4
6985	19397	4
6985	23858	4
6985	24364	4
6985	24967	4
6985	25090	4
6985	26623	4
6985	29402	4
6985	29403	4
6985	46944	4
6985	47660	4
6985	48624	4
6985	50790	4
6985	51873	4
6985	55058	4
6985	55160	4
6985	55161	4
6985	55162	4
6985	55163	4
6985	55164	4
6985	55165	4
6985	55166	4
6985	55167	4
6985	72173	4
6985	73418	4
6986	18894	4
6986	25888	4
6986	29444	4
6986	55229	4
6986	71778	4
6986	73441	4
6986	73442	4
6986	73444	4
6987	55455	4
6989	19497	4
6989	23793	4
6989	23938	4
6989	28912	4
6989	30250	4
6989	46308	4
6989	46500	4
6989	46627	4
6989	47189	4
6989	47632	4
6989	47710	4
6989	56513	4
6990	19425	4
6990	30349	4
6991	19540	4
6991	19541	4
6991	19542	4
6991	26744	4
6991	27766	4
6991	27775	4
6991	28365	4
6991	46308	4
6991	52709	4
6991	52719	4
6991	52721	4
6991	52723	4
6991	57026	4
6991	57028	4
6991	57029	4
6991	57035	4
6991	57036	4
6991	57039	4
6991	57040	4
6991	57041	4
6991	57042	4
6991	57049	4
6991	57050	4
6991	73906	4
6992	19550	4
6992	24886	4
6992	24955	4
6992	25507	4
6992	27364	4
6992	30721	4
6992	30722	4
6992	30723	4
6992	30725	4
6992	46344	4
6992	46617	4
6992	46624	4
6992	46638	4
6992	47349	4
6992	47350	4
6992	47370	4
6992	47882	4
6992	48356	4
6992	48584	4
6992	48604	4
6992	48763	4
6992	48774	4
6992	49795	4
6992	49893	4
6992	50527	4
6992	50535	4
6992	50569	4
6992	51924	4
6992	53621	4
6992	55341	4
6992	56375	4
6992	57246	4
6992	57249	4
6992	57253	4
6992	57254	4
6992	57255	4
6992	57257	4
6992	57259	4
6992	57264	4
6992	57265	4
6992	57266	4
6992	57269	4
6992	57270	4
6992	72579	4
6992	74004	4
6992	74005	4
6996	31063	4
6996	31065	4
6996	31066	4
6996	48557	4
6996	57795	4
6996	57796	4
6996	57801	4
6997	27316	4
6998	23913	4
6998	57917	4
6999	19652	4
6999	46827	4
6999	58254	4
6999	58256	4
7000	19026	4
7000	25216	4
7000	25855	4
7000	25996	4
7000	26154	4
7000	28954	4
7000	31598	4
7000	47252	4
7000	48707	4
7000	49327	4
7000	49333	4
7000	49335	4
7000	49371	4
7000	49401	4
7000	50134	4
7000	50167	4
7000	50169	4
7000	50176	4
7000	52299	4
7000	53469	4
7000	58592	4
7000	58597	4
7000	58598	4
7000	58600	4
7002	23914	4
7002	25078	4
7002	25381	4
7002	27965	4
7002	32071	4
7002	46355	4
7002	46824	4
7002	55574	4
7002	59678	4
7002	59680	4
7002	59682	4
7003	60032	4
7004	24293	4
7004	24361	4
7004	24735	4
7004	24788	4
7004	27041	4
7004	46850	4
7004	47112	4
7004	47289	4
7004	47798	4
7004	48538	4
7004	48550	4
7004	50378	4
7004	51915	4
7004	52214	4
7004	55578	4
7004	55579	4
7004	60184	4
7004	60187	4
7004	60188	4
7004	71499	4
7004	74757	4
7005	19090	4
7005	19395	4
7005	23702	4
7005	24062	4
7005	24303	4
7005	24691	4
7005	26170	4
7005	31808	4
7005	32448	4
7005	46305	4
7005	46604	4
7005	46841	4
7005	46859	4
7005	47169	4
7005	47732	4
7005	49739	4
7005	51219	4
7005	53190	4
7005	54666	4
7005	56631	4
7005	58071	4
7005	60283	4
7005	60286	4
7005	60287	4
7005	60288	4
7006	18844	4
7006	24448	4
7006	24668	4
7006	26011	4
7006	26020	4
7006	26372	4
7006	27351	4
7006	27379	4
7006	27558	4
7006	27995	4
7006	29308	4
7006	29518	4
7006	30126	4
7006	32302	4
7006	32311	4
7006	32749	4
7006	32811	4
7006	32930	4
7006	32932	4
7006	32934	4
7006	32936	4
7006	32938	4
7006	32941	4
7006	32943	4
7006	32944	4
7006	44692	4
7006	46458	4
7006	48092	4
7006	48120	4
7006	49529	4
7006	49544	4
7006	50211	4
7006	50212	4
7006	50217	4
7006	51913	4
7006	54076	4
7006	54252	4
7006	54313	4
7006	54496	4
7006	55052	4
7006	56016	4
7006	57350	4
7006	60910	4
7006	60911	4
7006	60929	4
7006	61113	4
7006	61258	4
7006	61264	4
7006	61267	4
7006	61268	4
7007	24948	4
7007	27333	4
7007	51772	4
7007	56603	4
7008	19832	4
7008	25892	4
7008	27038	4
7008	31971	4
7008	33340	4
7008	33533	4
7008	33537	4
7008	46301	4
7008	46578	4
7008	46861	4
7008	46904	4
7008	48924	4
7008	50407	4
7008	51015	4
7008	55492	4
7008	62280	4
7008	62281	4
7008	62284	4
7008	62285	4
7008	75418	4
7009	33539	4
7009	46925	4
7009	47675	4
7009	50019	4
7010	18923	4
7011	24163	4
7011	25210	4
7011	25527	4
7011	26734	4
7011	26784	4
7011	27196	4
7011	27351	4
7011	29145	4
7011	29711	4
7011	29955	4
7011	33627	4
7011	33628	4
7011	47263	4
7011	48994	4
7011	49010	4
7011	51639	4
7011	51740	4
7011	54987	4
7011	61162	4
7011	62418	4
7011	62422	4
7012	24282	4
7012	25030	4
7012	28804	4
7012	30091	4
7012	31398	4
7012	33624	4
7012	33729	4
7012	33731	4
7012	33734	4
7012	33735	4
7012	33737	4
7012	33738	4
7012	33740	4
7012	33742	4
7012	33746	4
7012	33747	4
7012	48414	4
7012	54311	4
7012	55718	4
7012	56438	4
7012	60854	4
7012	61039	4
7012	62579	4
7012	62580	4
7012	62581	4
7012	62582	4
7012	62586	4
7012	62587	4
7012	62592	4
7012	62593	4
7012	62594	4
7012	62595	4
7012	62596	4
7012	62597	4
7012	62598	4
7012	62599	4
7012	75541	4
7012	75542	4
7013	26868	4
7013	29125	4
7013	50226	4
7013	51218	4
7013	51263	4
7013	62695	4
7013	62696	4
7013	62699	4
7013	62702	4
7014	24096	4
7014	28489	4
7014	62949	4
7015	27406	4
7015	29849	4
7015	29899	4
7015	31483	4
7015	47197	4
7015	50134	4
7015	50857	4
7015	52484	4
7015	56097	4
7015	57212	4
7015	57555	4
7015	63016	4
7015	63020	4
7016	19232	4
7016	19516	4
7016	24245	4
7016	24777	4
7016	24948	4
7016	26469	4
7016	46344	4
7016	46366	4
7016	46706	4
7016	46861	4
7016	47053	4
7016	47192	4
7016	48321	4
7016	48936	4
7016	49090	4
7016	50512	4
7016	53373	4
7016	53436	4
7016	56066	4
7016	63458	4
7016	63459	4
7016	63462	4
7016	73517	4
7017	19864	4
7017	24378	4
7017	24953	4
7017	25860	4
7017	26345	4
7017	26673	4
7017	28274	4
7017	28954	4
7017	49402	4
7017	50098	4
7017	51082	4
7017	51295	4
7017	51636	4
7017	54605	4
7017	63514	4
7017	63515	4
7017	63516	4
7017	63517	4
7017	63519	4
7017	63520	4
7019	24080	4
7019	34369	4
7020	19290	4
7020	23811	4
7020	24030	4
7020	24144	4
7020	25323	4
7020	25337	4
7020	25949	4
7020	25978	4
7020	26386	4
7020	28750	4
7020	30009	4
7020	30195	4
7020	30343	4
7020	30817	4
7020	31328	4
7020	32552	4
7020	32614	4
7020	33211	4
7020	34403	4
7020	34404	4
7020	34406	4
7020	34407	4
7020	34408	4
7020	34409	4
7020	46972	4
7020	47017	4
7020	49227	4
7020	49486	4
7020	49490	4
7020	50341	4
7020	51740	4
7020	54922	4
7020	60265	4
7020	60753	4
7020	61735	4
7020	63146	4
7020	64025	4
7020	64026	4
7020	64027	4
7020	64030	4
7020	64031	4
7021	19948	4
7021	20002	4
7021	23843	4
7021	23927	4
7021	24378	4
7021	24403	4
7021	25471	4
7021	25848	4
7021	27308	4
7021	27522	4
7021	28402	4
7021	28409	4
7021	29207	4
7021	29486	4
7021	34577	4
7021	34580	4
7021	34584	4
7021	34585	4
7021	46496	4
7021	46548	4
7021	47341	4
7021	47477	4
7021	48651	4
7021	50095	4
7021	50134	4
7021	53818	4
7021	53833	4
7021	53839	4
7021	54533	4
7021	56107	4
7021	58958	4
7021	59022	4
7021	60674	4
7021	61702	4
7021	64236	4
7021	64346	4
7021	64364	4
7021	64365	4
7021	64369	4
7022	25234	4
7022	26057	4
7022	28860	4
7022	28880	4
7022	46298	4
7022	46756	4
7022	46779	4
7022	48287	4
7022	48936	4
7022	49071	4
7022	50466	4
7022	53000	4
7022	54844	4
7022	56733	4
7022	64536	4
7022	64538	4
7022	64540	4
7022	76168	4
7023	20034	4
7023	23881	4
7023	24171	4
7023	25331	4
7023	25347	4
7023	25526	4
7023	25628	4
7023	25753	4
7023	26752	4
7023	29275	4
7023	29381	4
7023	29959	4
7023	30591	4
7023	31871	4
7023	33426	4
7023	34757	4
7023	47004	4
7023	48904	4
7023	52923	4
7023	54146	4
7023	60323	4
7023	60545	4
7023	62056	4
7023	62268	4
7023	64713	4
7023	64716	4
7023	64725	4
7023	64727	4
7023	64728	4
7024	30110	4
7024	34827	4
7024	64382	4
7024	64849	4
7025	25319	4
7025	34832	4
7025	34834	4
7025	34836	4
7025	64869	4
7025	64872	4
7026	20060	4
7026	24386	4
7026	26859	4
7026	28417	4
7026	29836	4
7026	34890	4
7026	34891	4
7026	34892	4
7026	34893	4
7026	34894	4
7026	34895	4
7026	34902	4
7026	45022	4
7026	50333	4
7026	50339	4
7026	64986	4
7026	64987	4
7026	64990	4
7026	64991	4
7026	64992	4
7026	64993	4
7026	64994	4
7026	64996	4
7026	65000	4
7026	65001	4
7026	65002	4
7027	20096	4
7027	27486	4
7027	71634	4
7028	23765	4
7028	23921	4
7028	24274	4
7028	24965	4
7028	25071	4
7028	25078	4
7028	25731	4
7028	27123	4
7028	28293	4
7028	29943	4
7028	35278	4
7028	47117	4
7028	47883	4
7028	53934	4
7028	76547	4
7029	23765	4
7029	23927	4
7029	23931	4
7029	24050	4
7029	24073	4
7029	24076	4
7029	24356	4
7029	24370	4
7029	25252	4
7029	25458	4
7029	25623	4
7029	26096	4
7029	30176	4
7029	35291	4
7029	46308	4
7029	46332	4
7029	46334	4
7029	46416	4
7029	46472	4
7029	46597	4
7029	46612	4
7029	46636	4
7029	46951	4
7029	47199	4
7029	47217	4
7029	48428	4
7029	48811	4
7029	48817	4
7029	49411	4
7029	51939	4
7029	57772	4
7029	71296	4
7030	56532	4
7030	64653	4
7031	53667	4
7031	53669	4
7031	64383	4
7031	66072	4
7031	66073	4
7032	19607	4
7032	25325	4
7032	29055	4
7032	35408	4
7032	35409	4
7032	35410	4
7032	66114	4
7033	31308	4
7033	35434	4
7033	46763	4
7033	47492	4
7033	66142	4
7034	47337	4
7034	47358	4
7034	48059	4
7034	48188	4
7034	52591	4
7035	20190	4
7035	24292	4
7035	25721	4
7035	30369	4
7035	51521	4
7035	59810	4
7035	60986	4
7035	66982	4
7036	20205	4
7036	27457	4
7036	30846	4
7036	36078	4
7036	51233	4
7036	67218	4
7036	67221	4
7036	67223	4
7037	18901	4
7037	24028	4
7037	46315	4
7037	46454	4
7037	46620	4
7037	46839	4
7037	47671	4
7037	48597	4
7037	55158	4
7038	27100	4
7038	29091	4
7038	29092	4
7038	29093	4
7038	31989	4
7038	36212	4
7038	46392	4
7038	48230	4
7038	48626	4
7038	48984	4
7038	49068	4
7038	49465	4
7038	51405	4
7038	51493	4
7038	51872	4
7038	52452	4
7038	53422	4
7038	54725	4
7038	56790	4
7038	59157	4
7038	59986	4
7038	60938	4
7038	60939	4
7038	65066	4
7038	67489	4
7038	67493	4
7038	67495	4
7038	67497	4
7038	67499	4
7038	67505	4
7038	67508	4
7038	67509	4
7038	67510	4
7038	67512	4
7038	67514	4
7038	73883	4
7039	23764	4
7039	24058	4
7039	24080	4
7039	24369	4
7039	24432	4
7039	25575	4
7039	25885	4
7039	26849	4
7039	27784	4
7039	28180	4
7039	29288	4
7039	30350	4
7039	32010	4
7039	33109	4
7039	36220	4
7039	51720	4
7039	57238	4
7039	67526	4
7039	67527	4
7039	67528	4
7040	20249	4
7040	23697	4
7040	23706	4
7040	23898	4
7040	23929	4
7040	24730	4
7040	24739	4
7040	24788	4
7040	25451	4
7040	25575	4
7040	26114	4
7040	27487	4
7040	32469	4
7040	34642	4
7040	46437	4
7040	46825	4
7040	47164	4
7040	47767	4
7040	48624	4
7040	49411	4
7040	49860	4
7040	50445	4
7040	50597	4
7040	51530	4
7040	53094	4
7040	54837	4
7040	56502	4
7040	60286	4
7040	67671	4
7041	20265	4
7041	26765	4
7041	28076	4
7041	28602	4
7041	36454	4
7041	46607	4
7041	46859	4
7041	47660	4
7041	49777	4
7041	51531	4
7041	52481	4
7041	53426	4
7042	23812	4
7042	24403	4
7042	25146	4
7042	25210	4
7042	25855	4
7042	26332	4
7042	30185	4
7042	46792	4
7042	46972	4
7042	46991	4
7042	49331	4
7042	58918	4
7042	64220	4
7042	68020	4
7042	68024	4
7042	74434	4
7043	18894	4
7043	23793	4
7043	23908	4
7043	23909	4
7043	23991	4
7043	24027	4
7043	24646	4
7043	25318	4
7043	25623	4
7043	27545	4
7043	28914	4
7043	36533	4
7043	46308	4
7043	46344	4
7043	46424	4
7043	46472	4
7043	46600	4
7043	46617	4
7043	46620	4
7043	46634	4
7043	46954	4
7043	47112	4
7043	47186	4
7043	47211	4
7043	47288	4
7043	47443	4
7043	47659	4
7043	48435	4
7043	49098	4
7043	49625	4
7043	49741	4
7043	50039	4
7043	50271	4
7043	50322	4
7043	50648	4
7043	52231	4
7043	55042	4
7043	60984	4
7043	62034	4
7043	67641	4
7043	68175	4
7043	68177	4
7043	68182	4
7043	68183	4
7045	19936	4
7045	20295	4
7045	24069	4
7045	24370	4
7045	24569	4
7045	24584	4
7045	24594	4
7045	24600	4
7045	24634	4
7045	24964	4
7045	25175	4
7045	26163	4
7045	26251	4
7045	27053	4
7045	31183	4
7045	32539	4
7045	46377	4
7045	46381	4
7045	46813	4
7045	47660	4
7045	47880	4
7045	48370	4
7045	48551	4
7045	48825	4
7045	49293	4
7045	50640	4
7045	50839	4
7045	50842	4
7045	53750	4
7045	54308	4
7045	60099	4
7045	60868	4
7045	64662	4
7045	68305	4
7045	68306	4
7045	68307	4
7045	68311	4
7045	74880	4
7045	77402	4
7045	77493	4
7045	77496	4
7045	77498	4
7046	36733	4
7046	68560	4
7047	30807	4
7047	37032	4
7047	69143	4
7047	69144	4
7047	75206	4
7048	18974	4
7048	29809	4
7048	29846	4
7049	24180	4
7049	24576	4
7049	24580	4
7049	24596	4
7049	24598	4
7049	25194	4
7049	26661	4
7049	27907	4
7049	37254	4
7049	47517	4
7049	47526	4
7049	48916	4
7049	50809	4
7049	50842	4
7049	54596	4
7049	54886	4
7049	55068	4
7049	55096	4
7049	56573	4
7049	64268	4
7050	20163	4
7050	23736	4
7050	23740	4
7050	24100	4
7050	24122	4
7050	24144	4
7050	24163	4
7050	24536	4
7050	25180	4
7050	25324	4
7050	25463	4
7050	25676	4
7050	25747	4
7050	25764	4
7050	25939	4
7050	25965	4
7050	27069	4
7050	29452	4
7050	29657	4
7050	31301	4
7050	37127	4
7050	37474	4
7050	46298	4
7050	47017	4
7050	47023	4
7050	47040	4
7050	47066	4
7050	48230	4
7050	48264	4
7050	48486	4
7050	48488	4
7050	49130	4
7050	49283	4
7050	49513	4
7050	49517	4
7050	50169	4
7050	50288	4
7050	50945	4
7050	51420	4
7050	51740	4
7050	52408	4
7050	52468	4
7050	52918	4
7050	54874	4
7050	56816	4
7050	61382	4
7050	70130	4
7050	70132	4
7050	70133	4
7050	70134	4
7050	70138	4
7050	76276	4
7051	35767	4
7051	58344	4
7051	70565	4
7052	23765	4
7052	25071	4
7052	27371	4
7052	30583	4
7052	31609	4
7052	31621	4
7052	37799	4
7052	46301	4
7052	47782	4
7052	47841	4
7052	48540	4
7052	50521	4
7052	59591	4
7052	70823	4
7052	72166	4
7053	18946	4
7053	30023	4
7053	31660	4
7053	46500	4
7053	59255	4
7053	71114	4
7054	25478	4
7054	27486	4
7054	27812	4
7054	32460	4
7054	34022	4
7054	38062	4
7055	38259	4
7055	38260	4
7055	78900	4
7057	20602	4
7057	25264	4
7058	24913	4
7058	25298	4
7058	25305	4
7058	25449	4
7058	26155	4
7058	26329	4
7058	26350	4
7058	26449	4
7058	26533	4
7058	27182	4
7058	29976	4
7058	35332	4
7058	38197	4
7058	74070	4
7058	76118	4
7058	77515	4
7058	77810	4
7058	78663	4
7058	79024	4
7058	79026	4
7058	79029	4
7059	25874	4
7059	26498	4
7059	26573	4
7059	74799	4
7059	75222	4
7060	23907	4
7060	24651	4
7060	25978	4
7060	76810	4
7062	19647	4
7062	28652	4
7062	30326	4
7064	18987	4
7064	24357	4
7064	24971	4
7064	25669	4
7064	25784	4
7064	26216	4
7064	28934	4
7065	24748	4
7065	27709	4
7066	24329	4
7066	24857	4
7066	27357	4
7066	27968	4
7066	28685	4
7066	34492	4
7066	39006	4
7066	72166	4
7067	18949	4
7067	19247	4
7067	27298	4
7067	28344	4
7067	28803	4
7067	30335	4
7068	23798	4
7068	23802	4
7068	23993	4
7068	24031	4
7068	24105	4
7068	24860	4
7068	24890	4
7068	25391	4
7068	25692	4
7068	26452	4
7068	30483	4
7068	32345	4
7069	23690	4
7069	23765	4
7069	23791	4
7069	24025	4
7069	24321	4
7069	24466	4
7069	24904	4
7069	25318	4
7069	28688	4
7069	30582	4
7070	20793	4
7070	25474	4
7070	72412	4
7070	73529	4
7070	79738	4
7071	23775	4
7071	24094	4
7071	25495	4
7071	25601	4
7071	26289	4
7071	27806	4
7071	31794	4
7071	35087	4
7072	18815	4
7072	24325	4
7072	25078	4
7072	71466	4
7072	72166	4
7072	74100	4
7073	20813	4
7074	20825	4
7074	24332	4
7074	33354	4
7075	20117	4
7075	27786	4
7075	39824	4
7077	40266	4
7078	23918	4
7078	23926	4
7078	24650	4
7078	28421	4
7078	40310	4
7079	18946	4
7079	23693	4
7079	23783	4
7079	23807	4
7079	23814	4
7079	23828	4
7079	23843	4
7079	23852	4
7079	23857	4
7079	23899	4
7079	24027	4
7079	24092	4
7079	24116	4
7079	24518	4
7079	24540	4
7079	24541	4
7079	24553	4
7079	24610	4
7079	24615	4
7079	24627	4
7079	25001	4
7079	25019	4
7079	25036	4
7079	25236	4
7079	25487	4
7079	25764	4
7079	26515	4
7079	26569	4
7079	26589	4
7079	26592	4
7079	26753	4
7079	27006	4
7079	27555	4
7079	27597	4
7079	28120	4
7079	28402	4
7079	29375	4
7079	32865	4
7079	33037	4
7079	38908	4
7080	23700	4
7081	20963	4
7082	24364	4
7082	24370	4
7083	32946	4
7084	23701	4
7084	29292	4
7085	26390	4
7085	30443	4
7086	34734	4
7086	38204	4
7086	40795	4
7086	40798	4
7086	40799	4
7086	40800	4
7087	21018	4
7087	24058	4
7087	24452	4
7087	24967	4
7087	26115	4
7087	33689	4
7087	34985	4
7087	71636	4
7088	28409	4
7088	28751	4
7088	29207	4
7088	32494	4
7088	40954	4
7088	72679	4
7088	76565	4
7090	26287	4
7090	26308	4
7092	24283	4
7092	39210	4
7092	41506	4
7092	41507	4
7093	19876	4
7093	20005	4
7093	24096	4
7093	24322	4
7093	24340	4
7093	24399	4
7093	24859	4
7093	24976	4
7093	25382	4
7093	25384	4
7093	25386	4
7093	25387	4
7093	25388	4
7093	25393	4
7093	25401	4
7093	25405	4
7093	25415	4
7093	25417	4
7093	27788	4
7093	33132	4
7093	35470	4
7093	35847	4
7093	39221	4
7093	41509	4
7093	41510	4
7093	81764	4
7094	25052	4
7095	24038	4
7095	25052	4
7096	19850	4
7096	37884	4
7099	25996	4
7099	26296	4
7099	27150	4
7099	28594	4
7099	31722	4
7100	24417	4
7100	25692	4
7100	27533	4
7100	30120	4
7100	41850	4
7100	74777	4
7101	18885	4
7101	30276	4
7102	23990	4
7102	24500	4
7102	26418	4
7103	19485	4
7103	23927	4
7103	24739	4
7103	25499	4
7103	26082	4
7103	30402	4
7103	71216	4
7104	26775	4
7105	31440	4
7105	31603	4
7105	33447	4
7105	35054	4
7106	24365	4
7107	20611	4
7107	24095	4
7107	71433	4
7108	23824	4
7108	23943	4
7108	24094	4
7108	24321	4
7108	24531	4
7108	25446	4
7108	25855	4
7108	27022	4
7108	27222	4
7108	27665	4
7108	31723	4
7108	32163	4
7108	32366	4
7108	48603	4
7109	19624	4
7109	27053	4
7109	29125	4
7109	30318	4
7109	42755	4
7109	72014	4
7110	25900	4
7110	26743	4
7110	42841	4
7110	82998	4
7110	82999	4
7110	83001	4
7111	21358	4
7112	21370	4
7112	21371	4
7112	25462	4
7112	25556	4
7112	25558	4
7113	24836	4
7113	26563	4
7113	26620	4
7114	21406	4
7114	25307	4
7114	34163	4
7115	23924	4
7115	24864	4
7115	26428	4
7115	29015	4
7115	30283	4
7115	38099	4
7115	38931	4
7116	23923	4
7116	24136	4
7116	24201	4
7116	24356	4
7116	24370	4
7116	24466	4
7116	25046	4
7116	25183	4
7116	25190	4
7116	25526	4
7116	25563	4
7116	27983	4
7116	28208	4
7116	31308	4
7116	32432	4
7116	32588	4
7117	19553	4
7117	26094	4
7117	26429	4
7117	36542	4
7117	43127	4
7118	29049	4
7118	35126	4
7118	74548	4
7119	23957	4
7119	34003	4
7120	23704	4
7120	24044	4
7120	24245	4
7120	24367	4
7120	24690	4
7120	24788	4
7120	25098	4
7120	25209	4
7120	25404	4
7120	25575	4
7120	25593	4
7120	25607	4
7120	27285	4
7120	27483	4
7120	28152	4
7120	29167	4
7120	32010	4
7120	32765	4
7120	37106	4
7121	24108	4
7121	24503	4
7121	24724	4
7121	25256	4
7121	27157	4
7121	30283	4
7121	30330	4
7121	30360	4
7121	32465	4
7121	35779	4
7121	37994	4
7121	43575	4
7121	43576	4
7121	77032	4
7122	25023	4
7122	78480	4
7124	29752	4
7124	30738	4
7124	31798	4
7124	37755	4
7124	37952	4
7124	38571	4
7124	40784	4
7124	43919	4
7124	43920	4
7124	43921	4
7124	43923	4
7124	43924	4
7124	43925	4
7125	30761	4
7125	44670	4
7126	23698	4
7126	23909	4
7126	24466	4
7126	24888	4
7126	27358	4
7126	29461	4
7127	19372	4
7127	23801	4
7128	25438	4
7128	25741	4
7128	25948	4
7128	28284	4
7128	28317	4
7128	29468	4
7128	75944	4
7128	77761	4
7129	23698	4
7129	23757	4
7129	23911	4
7129	24035	4
7129	24297	4
7129	24776	4
7129	27493	4
7129	30606	4
7129	42368	4
7130	18945	4
7130	20437	4
7131	21630	4
7131	30650	4
7131	31100	4
7132	28294	4
7132	28762	4
7132	29792	4
7133	23908	4
7133	24702	4
7133	25312	4
7133	25731	4
7133	26126	4
7133	27329	4
7133	27779	4
7133	29011	4
7133	29554	4
7133	32764	4
7133	36680	4
7136	19056	4
7136	24352	4
7136	33082	4
7136	40089	4
7136	40280	4
7136	44328	4
7136	44329	4
7136	44330	4
7136	44331	4
7137	23857	4
7137	71222	4
7137	71404	4
7137	84533	4
7137	84534	4
7138	19346	4
7138	24405	4
7138	71419	4
7138	71743	4
7139	18844	4
7139	19140	4
7139	20195	4
7140	21711	4
7140	23909	4
7140	25209	4
7140	33303	4
7140	44501	4
7141	23793	4
7141	23802	4
7141	23914	4
7141	24032	4
7141	24035	4
7141	24286	4
7141	24367	4
7141	24745	4
7141	24748	4
7141	24767	4
7141	25590	4
7141	26094	4
7141	26280	4
7141	27484	4
7141	28472	4
7141	29462	4
7141	33854	4
7141	38239	4
7142	19574	4
7142	24906	4
7142	25978	4
7144	18945	4
7146	18901	4
7146	19026	4
7147	18838	4
7147	21694	4
7148	20856	4
7149	19091	4
7150	19722	4
7157	21111	4
7161	20128	4
7162	18932	4
7166	19096	4
7167	19981	4
7168	20643	4
7174	19151	4
7175	19290	4
7176	18974	4
7180	22170	4
7180	22171	4
7183	19271	4
7184	19271	4
7185	19098	4
7186	20777	4
7187	19903	4
7190	19106	4
7191	22227	4
7194	22250	4
7195	18946	4
7195	21714	4
7202	45761	4
7205	20903	4
7216	18987	4
7218	22432	4
7219	19678	4
7219	22435	4
7224	19674	4
7229	18946	4
7229	19019	4
7229	19098	4
7231	18975	4
7231	19898	4
7232	19061	4
7235	22634	4
7236	18824	4
7243	22701	4
7245	20020	4
7246	18872	4
7246	18922	4
7246	19354	4
7248	18826	4
7249	18872	4
7249	19728	4
7251	18946	4
7253	22899	4
7256	21073	4
7256	22916	4
7259	19018	4
7265	23012	4
7266	19151	4
7268	22017	4
7271	18844	4
7272	19049	4
7275	19395	4
7277	18942	4
7280	20117	4
7284	20903	4
7286	22551	4
7286	46113	4
7288	18885	4
7290	23294	4
7291	19093	4
7291	19936	4
7291	46128	4
7292	23305	4
7300	19491	4
7300	19492	4
7305	20535	4
7307	19073	4
7311	19989	4
7316	18986	4
7316	23498	4
7318	20095	4
7319	19140	4
7321	20718	4
7321	44677	4
7322	22860	4
7325	19619	4
7325	23549	4
7329	19018	4
7330	19091	4
7330	19282	4
7331	20487	4
7334	20000	4
7338	23681	4
7339	23771	4
7339	23777	4
7339	23778	4
7339	23779	4
7339	23781	4
7339	23782	4
7339	23786	4
7339	46441	4
7339	46442	4
7339	46444	4
7339	46446	4
7339	46447	4
7341	23800	4
7341	23801	4
7341	46480	4
7342	24019	4
7342	24022	4
7342	24023	4
7342	24024	4
7342	46815	4
7342	46817	4
7342	46819	4
7343	24037	4
7343	46874	4
7344	24027	4
7344	24046	4
7344	24047	4
7344	46892	4
7344	46894	4
7344	46895	4
7344	46900	4
7344	46904	4
7344	46905	4
7344	46908	4
7344	46913	4
7345	24082	4
7345	46301	4
7346	24084	4
7348	24464	4
7348	47410	4
7348	47413	4
7349	24055	4
7349	24094	4
7349	24465	4
7350	23970	4
7350	24026	4
7350	24469	4
7350	24473	4
7350	24481	4
7350	24482	4
7350	24483	4
7350	24485	4
7350	24486	4
7350	24487	4
7350	24490	4
7350	24495	4
7350	24496	4
7350	47421	4
7350	47422	4
7350	47423	4
7350	47426	4
7350	71376	4
7350	71377	4
7351	23903	4
7351	24498	4
7351	46634	4
7351	47427	4
7351	47430	4
7351	47434	4
7351	47435	4
7351	47439	4
7351	47440	4
7351	47449	4
7351	47451	4
7352	23764	4
7352	24465	4
7352	24503	4
7352	24992	4
7352	24995	4
7352	47879	4
7353	25112	4
7353	48140	4
7353	48141	4
7353	48142	4
7353	48146	4
7354	24301	4
7354	25116	4
7354	25117	4
7354	25118	4
7354	25121	4
7354	48147	4
7354	48150	4
7354	48155	4
7354	48157	4
7355	25209	4
7355	47195	4
7355	48276	4
7355	48277	4
7355	71589	4
7356	25255	4
7356	47281	4
7356	47350	4
7357	23690	4
7357	23802	4
7357	25369	4
7357	25371	4
7357	25373	4
7357	25374	4
7357	25376	4
7357	25377	4
7357	25379	4
7357	25380	4
7357	46379	4
7357	46830	4
7357	46935	4
7357	47206	4
7357	48529	4
7357	48531	4
7357	48532	4
7358	25441	4
7358	46334	4
7358	46837	4
7358	46860	4
7358	48590	4
7358	48591	4
7358	48593	4
7359	24080	4
7359	24801	4
7359	25549	4
7359	25550	4
7359	25551	4
7359	46332	4
7359	46841	4
7359	47683	4
7359	47843	4
7359	48712	4
7359	71636	4
7360	26133	4
7360	47138	4
7360	49802	4
7361	49980	4
7363	26401	4
7363	26405	4
7363	46597	4
7363	48587	4
7363	50274	4
7364	23750	4
7364	24382	4
7364	24698	4
7364	25119	4
7364	25605	4
7364	25921	4
7364	26418	4
7364	26420	4
7364	26421	4
7364	26422	4
7364	46988	4
7364	48618	4
7364	49861	4
7364	50288	4
7364	71948	4
7365	25202	4
7365	25209	4
7365	25516	4
7365	25953	4
7365	26439	4
7365	46990	4
7365	47208	4
7365	47230	4
7365	47280	4
7365	47363	4
7365	47674	4
7365	48590	4
7365	48604	4
7365	49089	4
7365	49217	4
7365	49567	4
7365	49655	4
7365	50305	4
7365	50308	4
7365	50309	4
7365	50310	4
7365	50314	4
7365	50316	4
7365	50318	4
7365	50319	4
7365	50321	4
7365	50322	4
7365	50323	4
7365	50326	4
7365	50327	4
7365	50328	4
7367	23697	4
7367	23802	4
7367	24293	4
7367	24334	4
7367	26108	4
7367	26574	4
7367	26578	4
7367	26581	4
7367	46334	4
7367	46348	4
7367	46429	4
7367	47186	4
7367	47220	4
7367	47288	4
7367	47432	4
7367	48581	4
7367	50646	4
7367	50648	4
7367	50649	4
7367	50650	4
7367	50651	4
7368	46988	4
7368	47185	4
7369	23858	4
7369	23938	4
7369	24274	4
7369	26117	4
7369	26622	4
7369	26623	4
7369	26626	4
7369	26627	4
7369	47167	4
7369	47428	4
7369	47628	4
7369	48074	4
7369	48095	4
7369	48275	4
7369	49090	4
7369	50785	4
7369	50786	4
7369	50787	4
7369	50788	4
7369	50789	4
7369	50795	4
7369	50798	4
7369	50800	4
7369	50801	4
7371	23816	4
7371	23832	4
7371	26790	4
7371	26791	4
7371	26792	4
7371	46820	4
7371	46859	4
7371	51070	4
7371	51074	4
7371	51075	4
7371	51085	4
7371	51087	4
7371	51088	4
7371	51090	4
7371	51091	4
7371	51092	4
7371	51095	4
7371	51099	4
7371	51104	4
7371	72062	4
7372	25011	4
7372	25204	4
7372	25450	4
7372	46619	4
7372	48710	4
7372	51117	4
7373	26837	4
7373	51155	4
7373	51156	4
7373	51157	4
7373	72075	4
7374	23868	4
7374	25439	4
7374	27043	4
7374	51370	4
7376	48871	4
7376	50628	4
7376	51497	4
7376	51498	4
7376	51501	4
7376	51504	4
7377	26841	4
7377	46617	4
7377	47899	4
7377	51532	4
7377	51533	4
7377	51536	4
7377	51537	4
7378	24677	4
7378	24784	4
7378	25317	4
7378	46841	4
7378	51770	4
7378	51773	4
7378	51775	4
7379	27330	4
7379	27331	4
7379	27332	4
7379	51877	4
7380	23802	4
7380	24465	4
7380	24776	4
7380	27397	4
7380	46921	4
7380	50494	4
7381	47157	4
7381	47344	4
7383	27405	4
7383	49803	4
7383	52001	4
7383	52004	4
7384	23754	4
7384	24338	4
7384	25437	4
7384	26767	4
7384	49791	4
7386	27663	4
7387	25507	4
7387	52691	4
7388	27779	4
7388	48338	4
7388	51054	4
7388	52757	4
7388	72448	4
7389	24774	4
7389	25203	4
7389	27135	4
7389	27781	4
7389	47413	4
7389	49700	4
7389	50372	4
7390	27784	4
7390	27785	4
7390	27788	4
7390	46367	4
7390	46616	4
7390	49861	4
7390	52758	4
7391	52764	4
7392	23717	4
7392	24644	4
7392	26077	4
7392	27793	4
7392	27800	4
7393	24642	4
7393	52835	4
7393	52837	4
7393	72592	4
7394	24269	4
7395	48828	4
7396	53100	4
7396	53102	4
7396	72014	4
7397	23767	4
7397	24096	4
7397	24334	4
7397	26783	4
7397	27023	4
7397	28072	4
7397	28073	4
7399	25220	4
7399	26121	4
7399	28171	4
7399	28172	4
7399	28175	4
7399	46298	4
7399	46793	4
7399	48144	4
7399	51015	4
7399	52218	4
7400	28182	4
7400	53418	4
7401	28184	4
7402	24083	4
7402	24335	4
7402	47442	4
7402	50653	4
7402	51772	4
7402	53431	4
7402	53432	4
7402	53433	4
7402	53435	4
7402	53437	4
7402	53438	4
7403	23765	4
7403	24303	4
7403	27559	4
7403	28452	4
7403	47135	4
7403	48599	4
7403	49753	4
7404	24491	4
7404	28454	4
7404	53923	4
7405	23698	4
7405	26252	4
7406	54005	4
7407	7130	4
7407	25229	4
7407	25692	4
7407	28657	4
7407	28658	4
7407	28659	4
7407	28660	4
7407	28662	4
7407	28663	4
7407	46756	4
7407	47347	4
7407	48320	4
7407	48338	4
7407	48340	4
7407	48723	4
7407	48852	4
7407	48886	4
7407	49071	4
7407	49124	4
7407	49143	4
7407	49147	4
7407	49435	4
7407	49605	4
7407	49611	4
7407	49614	4
7407	49618	4
7407	49621	4
7407	50058	4
7407	50075	4
7407	50407	4
7407	50430	4
7407	50472	4
7407	50956	4
7407	51010	4
7407	51038	4
7407	51411	4
7407	52868	4
7407	53707	4
7407	53755	4
7407	54159	4
7407	54162	4
7407	54163	4
7407	54167	4
7407	54169	4
7407	54170	4
7408	24096	4
7408	28402	4
7408	47707	4
7408	52702	4
7408	54284	4
7408	54374	4
7409	24086	4
7410	23701	4
7410	23907	4
7410	23927	4
7410	23934	4
7410	26086	4
7410	26238	4
7410	27940	4
7410	27961	4
7410	28072	4
7410	28893	4
7410	28894	4
7410	28895	4
7410	28896	4
7410	46412	4
7410	46457	4
7410	46478	4
7410	46610	4
7410	46623	4
7410	46631	4
7410	46936	4
7410	46951	4
7410	47260	4
7410	47852	4
7410	48159	4
7410	48271	4
7410	48582	4
7410	48817	4
7410	49218	4
7410	49704	4
7410	50488	4
7410	50496	4
7410	54457	4
7410	54462	4
7411	24027	4
7411	28917	4
7412	27196	4
7412	27477	4
7412	28966	4
7412	28969	4
7412	28970	4
7412	46457	4
7412	54573	4
7414	23697	4
7414	25506	4
7414	46410	4
7415	23923	4
7415	24528	4
7415	52289	4
7416	26146	4
7417	29430	4
7418	29547	4
7418	46674	4
7418	48985	4
7418	55325	4
7418	55326	4
7419	46870	4
7420	55472	4
7421	55573	4
7422	26474	4
7423	23918	4
7423	29708	4
7423	47373	4
7423	47659	4
7426	24349	4
7426	24971	4
7426	25014	4
7426	26783	4
7426	27412	4
7426	47164	4
7426	53669	4
7426	54457	4
7426	55726	4
7426	55727	4
7428	23858	4
7428	24023	4
7428	24052	4
7428	24058	4
7428	24316	4
7428	24650	4
7428	24653	4
7428	24735	4
7428	25253	4
7428	25503	4
7428	26448	4
7428	46838	4
7428	47186	4
7428	47281	4
7428	47289	4
7428	47844	4
7428	48618	4
7428	52604	4
7428	54496	4
7428	56013	4
7428	56014	4
7428	56016	4
7429	26506	4
7430	23793	4
7430	23929	4
7430	25871	4
7430	30176	4
7430	46597	4
7430	47162	4
7430	56370	4
7431	26964	4
7431	54910	4
7432	23759	4
7432	23938	4
7432	26061	4
7432	26266	4
7432	30178	4
7432	48522	4
7432	48560	4
7432	50521	4
7432	56377	4
7432	56378	4
7434	23760	4
7434	56430	4
7437	56603	4
7438	47140	4
7439	23762	4
7439	23880	4
7439	24742	4
7439	24875	4
7439	24923	4
7439	24954	4
7439	25611	4
7439	26448	4
7439	26627	4
7439	27333	4
7439	28421	4
7439	30401	4
7439	30403	4
7439	30404	4
7439	46328	4
7439	46472	4
7439	46589	4
7439	46637	4
7439	47211	4
7439	47657	4
7439	48789	4
7439	49087	4
7439	49412	4
7439	55160	4
7439	56707	4
7439	56708	4
7439	56714	4
7439	56718	4
7439	73828	4
7439	73829	4
7440	27074	4
7440	29644	4
7440	30456	4
7440	46467	4
7440	46582	4
7440	47660	4
7440	48955	4
7440	49034	4
7440	50319	4
7440	51740	4
7440	52462	4
7440	52492	4
7440	54341	4
7440	56815	4
7440	56816	4
7440	56818	4
7440	56820	4
7441	30556	4
7441	30557	4
7441	48275	4
7443	24735	4
7443	24791	4
7443	25446	4
7443	47231	4
7443	48575	4
7443	51915	4
7443	52618	4
7443	57065	4
7444	24035	4
7444	24108	4
7444	24465	4
7445	23791	4
7445	23793	4
7445	23907	4
7445	23919	4
7445	24306	4
7445	25311	4
7445	25398	4
7445	28684	4
7445	29557	4
7445	30631	4
7445	30633	4
7445	30634	4
7445	30635	4
7445	46317	4
7445	46416	4
7445	46434	4
7445	46597	4
7445	46598	4
7445	46838	4
7445	46869	4
7445	47259	4
7445	47655	4
7445	47710	4
7445	47764	4
7445	47787	4
7445	47888	4
7445	48271	4
7445	48431	4
7445	48446	4
7445	48812	4
7445	49412	4
7445	51166	4
7445	51915	4
7445	52779	4
7445	54461	4
7445	57118	4
7445	57119	4
7445	57121	4
7445	57122	4
7445	57125	4
7445	57128	4
7445	57129	4
7447	29517	4
7447	30637	4
7447	30638	4
7447	30639	4
7448	30704	4
7449	27058	4
7449	30726	4
7449	51337	4
7450	48543	4
7451	24621	4
7452	24023	4
7452	24664	4
7452	24724	4
7452	46943	4
7452	49411	4
7452	57084	4
7452	57415	4
7453	23896	4
7453	24356	4
7453	24370	4
7453	24511	4
7453	24685	4
7453	24977	4
7453	26262	4
7453	26573	4
7453	27788	4
7453	30151	4
7453	30275	4
7453	46301	4
7453	46308	4
7453	46427	4
7453	47216	4
7453	47283	4
7453	47659	4
7453	50027	4
7453	50618	4
7453	57420	4
7454	26061	4
7455	46393	4
7456	23920	4
7456	25613	4
7456	25715	4
7456	27786	4
7456	31119	4
7456	31120	4
7456	50026	4
7456	50041	4
7457	30176	4
7460	28031	4
7460	46603	4
7460	48582	4
7461	23698	4
7461	24721	4
7461	27788	4
7461	31179	4
7461	46618	4
7461	51774	4
7461	57935	4
7461	57936	4
7461	57937	4
7461	57939	4
7462	24612	4
7463	23770	4
7463	23996	4
7463	24066	4
7463	24083	4
7463	24820	4
7463	25205	4
7463	25437	4
7463	25451	4
7463	26094	4
7463	27527	4
7463	27965	4
7463	31182	4
7463	31185	4
7463	46308	4
7463	46315	4
7463	46329	4
7463	46334	4
7463	46345	4
7463	46472	4
7463	46589	4
7463	46597	4
7463	46703	4
7463	46705	4
7463	46824	4
7463	46841	4
7463	46935	4
7463	47200	4
7463	47243	4
7463	47724	4
7463	47841	4
7463	48616	4
7463	48622	4
7463	48714	4
7463	48769	4
7463	49667	4
7463	50497	4
7463	53400	4
7463	54837	4
7463	57944	4
7463	57945	4
7463	71473	4
7464	24075	4
7464	24556	4
7464	27129	4
7464	46411	4
7464	47136	4
7464	47886	4
7464	48803	4
7464	58010	4
7465	23927	4
7465	24316	4
7465	27569	4
7465	29377	4
7465	31323	4
7465	31324	4
7465	46630	4
7465	48834	4
7465	50375	4
7467	23698	4
7467	24031	4
7467	48603	4
7467	57874	4
7469	24871	4
7469	25876	4
7469	26272	4
7469	46614	4
7469	46620	4
7469	46829	4
7469	46944	4
7469	47164	4
7469	49763	4
7469	71636	4
7470	23996	4
7470	28685	4
7470	46703	4
7470	47683	4
7470	52410	4
7470	52666	4
7470	71636	4
7471	24744	4
7471	25396	4
7471	31608	4
7471	31610	4
7471	31611	4
7471	47281	4
7471	47836	4
7471	48590	4
7471	49267	4
7471	51992	4
7471	53943	4
7471	54811	4
7471	57243	4
7471	58633	4
7471	74365	4
7472	23909	4
7473	31680	4
7473	31682	4
7473	58853	4
7474	24028	4
7474	24066	4
7474	24075	4
7474	24122	4
7474	24669	4
7474	24686	4
7474	24820	4
7474	24902	4
7474	25126	4
7474	25602	4
7474	27477	4
7474	28270	4
7474	46334	4
7474	46468	4
7474	47282	4
7474	47284	4
7474	48366	4
7474	49659	4
7474	49785	4
7474	50045	4
7474	52770	4
7474	53189	4
7474	59063	4
7474	59066	4
7475	25183	4
7475	54955	4
7475	59095	4
7476	25374	4
7476	31812	4
7476	31814	4
7476	53874	4
7476	59148	4
7477	23895	4
7477	24511	4
7477	46754	4
7477	47363	4
7477	47466	4
7477	53526	4
7477	54160	4
7477	54480	4
7477	54533	4
7477	59151	4
7477	59152	4
7477	74442	4
7478	29083	4
7478	31816	4
7478	31817	4
7478	31819	4
7478	31820	4
7478	48165	4
7478	57789	4
7478	59153	4
7478	59154	4
7478	59157	4
7478	59159	4
7478	59162	4
7478	59163	4
7478	59165	4
7478	59170	4
7478	59172	4
7478	59173	4
7479	24340	4
7479	59607	4
7480	56146	4
7481	26771	4
7481	46877	4
7481	47282	4
7481	47836	4
7481	53032	4
7481	59689	4
7481	59690	4
7482	25388	4
7482	26081	4
7482	26484	4
7482	29151	4
7482	32234	4
7482	32235	4
7482	46342	4
7482	46352	4
7482	46411	4
7482	46603	4
7482	46682	4
7482	46683	4
7482	47370	4
7482	47631	4
7482	47819	4
7482	48376	4
7482	48559	4
7482	48564	4
7482	50511	4
7482	52150	4
7482	52971	4
7482	53049	4
7482	54051	4
7482	59093	4
7482	59946	4
7482	59949	4
7482	59951	4
7482	74669	4
7483	26368	4
7483	30230	4
7483	50370	4
7483	60031	4
7483	74679	4
7484	25098	4
7484	26801	4
7484	27785	4
7484	48819	4
7486	29120	4
7486	47707	4
7486	48582	4
7486	60104	4
7487	24854	4
7488	27374	4
7488	72378	4
7489	26451	4
7489	28749	4
7489	29969	4
7489	32388	4
7489	46720	4
7489	46732	4
7489	54898	4
7489	55271	4
7489	55273	4
7489	59791	4
7489	60181	4
7489	60182	4
7491	23923	4
7491	25404	4
7491	32454	4
7491	52348	4
7492	27067	4
7492	30532	4
7492	32474	4
7492	32475	4
7492	32477	4
7492	47003	4
7492	49022	4
7492	49268	4
7492	50000	4
7492	52933	4
7492	59417	4
7492	60334	4
7492	60344	4
7493	25444	4
7493	25609	4
7493	25880	4
7493	27477	4
7493	46850	4
7493	47653	4
7493	47841	4
7493	52776	4
7493	60441	4
7494	24355	4
7494	28628	4
7494	47135	4
7494	52255	4
7494	60658	4
7495	24367	4
7497	27547	4
7497	32727	4
7497	46988	4
7497	47196	4
7497	50029	4
7497	50648	4
7497	53403	4
7497	56368	4
7497	60809	4
7497	60811	4
7497	71299	4
7498	23798	4
7498	24317	4
7498	24886	4
7498	25417	4
7498	25440	4
7498	49411	4
7498	51825	4
7498	60822	4
7499	71296	4
7500	46308	4
7500	51063	4
7501	23938	4
7501	25312	4
7501	26575	4
7501	26931	4
7501	32765	4
7501	32766	4
7501	32767	4
7501	32768	4
7501	46332	4
7501	46345	4
7501	46904	4
7501	47627	4
7501	47707	4
7501	48440	4
7501	48578	4
7501	48765	4
7501	49087	4
7501	50618	4
7501	51371	4
7501	51824	4
7501	52279	4
7501	54156	4
7501	55142	4
7501	55574	4
7501	59576	4
7501	60868	4
7501	60870	4
7501	72383	4
7502	32888	4
7502	47215	4
7502	48492	4
7502	53049	4
7502	54373	4
7502	71941	4
7503	26125	4
7504	23786	4
7504	26800	4
7504	32955	4
7504	52529	4
7504	61295	4
7504	72413	4
7505	48700	4
7505	53295	4
7505	58727	4
7505	61331	4
7506	30265	4
7506	33061	4
7506	33062	4
7507	27527	4
7507	58217	4
7507	61567	4
7509	23827	4
7509	24543	4
7509	50055	4
7509	61573	4
7510	24290	4
7510	25435	4
7510	46924	4
7510	61620	4
7511	23807	4
7511	23865	4
7511	28503	4
7511	33238	4
7511	47199	4
7511	48651	4
7511	57359	4
7512	27890	4
7513	27477	4
7513	44913	4
7513	48817	4
7514	33322	4
7514	33324	4
7514	61950	4
7514	61954	4
7515	24055	4
7515	46334	4
7516	23926	4
7516	26575	4
7516	27612	4
7516	31309	4
7516	33344	4
7516	46301	4
7516	46429	4
7516	46589	4
7516	46605	4
7516	46618	4
7516	46623	4
7516	46985	4
7516	47198	4
7516	47207	4
7516	48430	4
7516	48799	4
7516	49766	4
7516	60010	4
7517	24111	4
7517	60305	4
7518	33361	4
7518	75337	4
7519	25390	4
7519	25612	4
7519	30776	4
7519	57085	4
7520	75340	4
7521	28741	4
7521	46308	4
7521	46410	4
7522	23793	4
7522	23908	4
7522	24466	4
7522	24912	4
7522	25879	4
7522	26086	4
7522	26474	4
7522	46345	4
7522	46367	4
7522	46379	4
7522	46616	4
7522	46955	4
7522	47198	4
7522	47267	4
7522	47289	4
7522	48355	4
7522	50498	4
7522	58865	4
7522	71957	4
7523	62192	4
7523	62193	4
7523	62194	4
7524	27851	4
7524	62195	4
7525	25723	4
7525	27693	4
7525	46842	4
7525	46870	4
7525	46955	4
7525	47139	4
7525	47186	4
7525	47712	4
7527	31794	4
7527	33094	4
7527	46554	4
7527	47554	4
7527	47612	4
7527	50592	4
7527	50605	4
7527	51534	4
7527	52686	4
7527	62394	4
7527	62396	4
7529	24456	4
7530	24019	4
7530	52189	4
7531	25451	4
7531	26238	4
7531	48452	4
7531	48834	4
7532	24491	4
7532	72070	4
7533	31719	4
7534	25747	4
7534	25935	4
7534	27059	4
7534	33632	4
7534	46737	4
7534	47263	4
7534	51405	4
7534	51412	4
7534	51863	4
7534	52423	4
7534	52458	4
7534	54958	4
7534	55001	4
7534	55213	4
7534	57007	4
7534	59522	4
7534	61013	4
7534	62962	4
7534	62967	4
7534	62968	4
7534	62969	4
7534	62971	4
7535	46985	4
7536	48813	4
7536	50280	4
7537	63015	4
7538	23872	4
7538	26270	4
7538	33965	4
7538	33966	4
7538	48493	4
7538	56849	4
7538	63023	4
7538	63025	4
7538	63026	4
7538	71674	4
7539	59469	4
7539	63100	4
7540	27540	4
7540	34007	4
7543	46617	4
7543	46841	4
7543	48595	4
7543	49248	4
7543	55118	4
7543	61257	4
7543	62517	4
7544	25082	4
7544	34180	4
7545	23907	4
7545	25463	4
7545	52263	4
7546	46932	4
7547	23738	4
7548	33459	4
7548	48265	4
7548	63945	4
7548	71778	4
7549	55644	4
7550	48605	4
7550	50270	4
7551	24473	4
7551	25816	4
7551	27718	4
7551	64212	4
7552	28474	4
7553	29685	4
7553	30193	4
7553	33212	4
7553	34553	4
7553	34554	4
7553	34555	4
7553	34556	4
7553	50228	4
7553	50627	4
7553	53125	4
7553	64346	4
7553	73876	4
7554	24164	4
7554	25496	4
7554	26287	4
7554	26306	4
7554	26308	4
7554	26542	4
7554	26709	4
7554	26987	4
7554	27015	4
7554	27152	4
7554	28114	4
7554	28187	4
7554	28954	4
7554	29655	4
7554	29698	4
7554	30127	4
7554	31292	4
7554	31349	4
7554	31435	4
7554	31703	4
7554	31722	4
7554	32282	4
7554	34591	4
7554	34597	4
7554	46535	4
7554	46660	4
7554	47245	4
7554	48571	4
7554	49333	4
7554	50179	4
7554	50210	4
7554	50744	4
7554	51295	4
7554	51622	4
7554	51656	4
7554	58361	4
7554	59546	4
7554	64391	4
7555	23792	4
7555	23921	4
7555	24880	4
7555	24967	4
7555	25307	4
7555	49174	4
7555	50026	4
7555	50497	4
7555	52377	4
7555	64411	4
7555	71502	4
7555	71636	4
7555	72166	4
7555	76134	4
7555	76135	4
7556	46858	4
7556	64428	4
7557	23760	4
7557	23914	4
7557	23927	4
7557	24025	4
7557	30328	4
7557	30703	4
7557	32696	4
7557	34640	4
7557	46334	4
7557	47211	4
7557	48616	4
7557	51943	4
7558	63252	4
7559	28915	4
7560	52608	4
7561	25093	4
7561	26012	4
7561	27772	4
7561	27997	4
7561	31925	4
7561	32752	4
7561	34767	4
7561	34768	4
7561	34769	4
7561	46526	4
7561	46769	4
7561	47187	4
7561	48638	4
7561	50627	4
7561	55047	4
7561	63539	4
7561	64579	4
7561	64731	4
7561	73388	4
7561	76227	4
7562	34182	4
7562	51915	4
7562	57663	4
7562	64862	4
7562	64865	4
7562	71265	4
7563	34838	4
7563	64878	4
7564	23802	4
7564	23911	4
7564	24048	4
7564	24058	4
7564	24865	4
7564	28486	4
7564	28610	4
7564	46367	4
7564	49801	4
7564	71499	4
7565	23903	4
7565	24058	4
7565	46301	4
7565	48271	4
7565	49769	4
7565	51470	4
7565	64621	4
7566	24860	4
7566	46454	4
7566	46709	4
7566	56427	4
7566	57299	4
7566	76293	4
7567	24794	4
7567	24976	4
7567	25985	4
7567	34857	4
7568	29561	4
7569	30609	4
7569	46949	4
7570	24522	4
7570	34886	4
7570	48483	4
7570	57364	4
7570	60164	4
7570	60576	4
7572	24893	4
7572	25253	4
7572	26164	4
7572	46844	4
7572	50312	4
7573	34963	4
7573	55070	4
7573	65084	4
7573	65086	4
7573	76358	4
7574	25883	4
7574	34986	4
7574	46944	4
7574	47148	4
7574	47654	4
7574	57933	4
7574	58693	4
7574	60406	4
7575	47351	4
7578	24044	4
7578	24065	4
7578	24813	4
7578	24906	4
7578	25205	4
7578	48813	4
7578	49778	4
7579	24764	4
7580	23801	4
7580	33447	4
7580	65379	4
7581	23877	4
7582	23806	4
7582	24835	4
7582	24961	4
7582	25881	4
7582	53634	4
7582	53668	4
7582	54601	4
7582	60907	4
7582	65457	4
7582	65458	4
7582	65460	4
7582	72982	4
7583	24740	4
7583	25677	4
7583	27034	4
7583	28632	4
7583	31737	4
7583	48744	4
7583	49873	4
7583	51427	4
7583	52217	4
7583	65477	4
7583	65478	4
7583	65479	4
7583	71743	4
7584	24653	4
7584	35195	4
7584	46558	4
7584	46594	4
7584	47268	4
7584	49162	4
7584	52159	4
7585	51356	4
7585	51991	4
7585	65617	4
7586	23931	4
7586	24036	4
7586	24069	4
7586	24097	4
7586	24286	4
7586	24367	4
7586	25459	4
7586	26250	4
7586	26277	4
7586	27477	4
7586	34018	4
7586	35275	4
7586	46434	4
7586	46935	4
7586	47238	4
7586	47284	4
7586	47641	4
7586	49674	4
7586	52292	4
7586	57118	4
7586	62947	4
7586	64449	4
7586	65711	4
7586	65712	4
7586	65713	4
7586	65717	4
7586	65719	4
7587	24276	4
7587	30557	4
7587	48441	4
7587	60439	4
7588	23754	4
7588	24057	4
7588	24274	4
7588	24332	4
7588	24356	4
7588	24782	4
7588	25205	4
7588	25439	4
7588	25621	4
7588	27371	4
7588	27642	4
7588	31761	4
7588	46348	4
7588	46355	4
7588	46468	4
7588	46589	4
7588	46861	4
7588	47201	4
7588	47229	4
7588	47660	4
7588	48582	4
7588	48590	4
7588	48607	4
7588	48768	4
7588	48804	4
7588	48809	4
7588	48821	4
7588	48832	4
7588	49215	4
7588	49792	4
7588	50044	4
7588	52135	4
7588	55048	4
7588	63584	4
7588	65398	4
7588	65756	4
7588	65757	4
7588	65758	4
7588	71296	4
7589	65791	4
7590	46617	4
7590	47683	4
7590	72661	4
7591	33714	4
7591	35303	4
7591	35304	4
7591	46638	4
7591	65797	4
7591	65799	4
7591	65800	4
7594	46416	4
7594	47631	4
7594	53108	4
7596	26573	4
7597	23924	4
7597	35398	4
7597	46367	4
7597	47284	4
7597	49657	4
7597	50650	4
7597	52232	4
7597	53434	4
7597	54079	4
7597	54665	4
7597	66101	4
7598	35412	4
7598	61285	4
7599	24977	4
7599	25454	4
7599	26243	4
7599	26578	4
7600	46743	4
7600	47854	4
7600	54195	4
7600	66182	4
7601	66202	4
7602	35475	4
7603	25312	4
7607	25446	4
7607	46623	4
7607	46904	4
7607	48550	4
7607	48608	4
7607	51923	4
7608	46830	4
7608	47444	4
7609	28469	4
7609	47853	4
7609	50523	4
7610	46325	4
7610	46430	4
7610	53423	4
7610	58666	4
7611	24425	4
7611	25312	4
7611	25956	4
7611	51931	4
7612	46850	4
7612	47289	4
7612	47627	4
7613	23808	4
7613	23832	4
7613	24007	4
7613	24545	4
7613	24546	4
7613	25144	4
7613	25145	4
7613	25489	4
7613	25630	4
7613	26287	4
7613	27020	4
7613	27226	4
7613	33093	4
7613	46349	4
7613	46757	4
7613	46790	4
7613	48867	4
7613	49308	4
7613	49717	4
7613	50632	4
7613	53730	4
7613	53982	4
7613	56043	4
7613	64777	4
7613	66823	4
7613	66825	4
7614	24058	4
7614	31171	4
7614	50029	4
7615	46305	4
7615	47115	4
7615	47206	4
7616	24265	4
7616	25959	4
7616	28414	4
7616	30191	4
7616	30450	4
7616	32564	4
7616	32905	4
7616	32909	4
7616	33298	4
7616	34845	4
7616	35887	4
7616	46720	4
7616	46723	4
7616	46732	4
7616	49506	4
7616	50226	4
7616	50245	4
7616	50254	4
7616	53132	4
7616	53159	4
7616	54917	4
7616	56802	4
7616	60471	4
7616	60676	4
7616	61344	4
7616	64349	4
7616	66975	4
7616	66977	4
7616	66978	4
7617	24465	4
7618	24031	4
7618	24275	4
7618	24370	4
7618	24767	4
7618	25258	4
7618	26094	4
7618	46329	4
7618	46859	4
7618	47185	4
7618	47836	4
7618	48605	4
7618	54223	4
7619	46603	4
7619	52899	4
7619	61012	4
7620	31152	4
7620	35433	4
7620	36019	4
7620	36020	4
7620	52239	4
7620	56183	4
7620	56996	4
7620	62852	4
7620	67152	4
7621	23801	4
7621	67217	4
7623	24074	4
7623	24661	4
7623	26622	4
7623	26627	4
7623	29155	4
7623	31308	4
7623	46313	4
7623	46341	4
7623	46910	4
7623	47258	4
7623	47437	4
7623	47657	4
7623	47819	4
7623	48765	4
7623	49683	4
7623	49747	4
7623	50039	4
7623	51994	4
7623	52783	4
7623	53047	4
7623	53409	4
7623	53415	4
7623	54653	4
7623	56545	4
7623	56603	4
7623	58670	4
7623	66780	4
7623	67314	4
7623	67316	4
7623	67318	4
7623	67319	4
7623	74046	4
7624	24036	4
7624	46335	4
7624	46439	4
7624	46932	4
7624	47895	4
7625	24828	4
7625	46467	4
7625	46922	4
7625	46955	4
7625	51915	4
7626	32937	4
7626	53089	4
7626	77182	4
7627	24477	4
7627	27417	4
7627	28263	4
7627	46301	4
7627	47413	4
7627	48413	4
7627	51060	4
7627	55459	4
7628	46368	4
7628	47283	4
7628	49559	4
7628	50324	4
7628	53398	4
7628	56216	4
7628	58067	4
7629	23712	4
7629	24104	4
7629	31179	4
7629	31227	4
7629	36184	4
7632	33237	4
7632	47768	4
7632	49777	4
7633	29036	4
7633	53886	4
7634	35252	4
7634	65694	4
7635	31723	4
7636	23701	4
7636	23770	4
7636	23925	4
7636	24274	4
7636	24293	4
7636	24318	4
7636	26094	4
7636	27361	4
7636	36270	4
7636	46605	4
7636	46620	4
7636	46637	4
7636	46856	4
7636	47137	4
7636	48426	4
7636	52263	4
7637	46317	4
7638	24028	4
7638	46301	4
7638	46312	4
7638	46379	4
7638	46705	4
7638	46841	4
7638	47411	4
7638	47631	4
7638	48916	4
7638	49651	4
7638	49727	4
7638	50885	4
7638	51834	4
7638	52277	4
7638	53398	4
7638	53400	4
7638	56176	4
7638	56720	4
7638	60261	4
7638	67622	4
7638	71622	4
7640	26151	4
7640	36351	4
7640	36353	4
7640	56899	4
7640	67695	4
7640	67700	4
7640	67704	4
7642	23704	4
7642	23919	4
7642	24023	4
7642	24031	4
7642	24356	4
7642	24528	4
7642	24664	4
7642	28177	4
7642	36396	4
7642	36438	4
7642	46315	4
7642	46334	4
7642	46605	4
7642	46904	4
7642	46922	4
7642	46943	4
7642	47231	4
7642	47657	4
7642	49198	4
7642	59720	4
7643	33657	4
7644	23970	4
7644	65458	4
7645	36455	4
7645	67990	4
7645	67991	4
7645	67993	4
7645	72109	4
7645	77366	4
7646	25780	4
7646	36457	4
7647	24748	4
7647	25673	4
7647	36529	4
7647	46978	4
7647	58766	4
7647	59610	4
7647	60692	4
7647	66379	4
7647	68153	4
7647	68159	4
7647	68164	4
7648	30796	4
7650	25499	4
7650	25651	4
7650	26034	4
7650	46525	4
7650	74801	4
7652	47112	4
7652	50299	4
7653	23701	4
7653	23927	4
7653	27806	4
7653	30125	4
7653	30968	4
7653	36619	4
7653	36620	4
7653	46308	4
7653	46417	4
7653	46467	4
7653	46621	4
7653	46915	4
7653	46919	4
7653	46943	4
7653	46945	4
7653	47415	4
7653	49178	4
7653	49401	4
7653	51493	4
7653	52170	4
7653	56647	4
7653	56874	4
7653	60104	4
7653	61223	4
7653	62294	4
7653	64479	4
7653	65929	4
7653	67632	4
7653	68328	4
7653	68330	4
7653	68331	4
7653	68332	4
7653	68334	4
7653	68335	4
7653	68337	4
7653	68339	4
7653	68340	4
7653	68342	4
7653	68343	4
7654	50944	4
7655	26585	4
7656	30251	4
7656	46898	4
7656	66966	4
7657	24005	4
7657	25673	4
7657	36201	4
7658	30300	4
7659	25994	4
7659	27564	4
7659	28647	4
7659	28652	4
7659	28807	4
7659	29183	4
7659	32751	4
7659	33740	4
7659	33811	4
7659	34704	4
7659	36756	4
7659	36757	4
7659	36758	4
7659	36759	4
7659	47838	4
7659	54312	4
7659	54454	4
7659	60848	4
7659	62584	4
7659	63548	4
7659	64928	4
7659	68620	4
7659	68626	4
7659	68627	4
7659	68628	4
7659	68629	4
7660	34877	4
7660	47623	4
7661	23760	4
7661	23985	4
7661	25126	4
7661	32696	4
7661	34487	4
7661	46935	4
7661	47253	4
7661	49657	4
7661	51911	4
7661	54222	4
7661	57983	4
7661	59468	4
7661	68766	4
7661	68767	4
7661	68768	4
7661	68769	4
7661	68771	4
7662	68774	4
7663	27520	4
7663	36876	4
7663	68823	4
7663	68827	4
7663	68829	4
7663	68831	4
7663	77648	4
7664	46301	4
7664	46472	4
7664	47228	4
7664	48768	4
7665	23740	4
7665	68861	4
7666	24065	4
7666	24322	4
7666	24661	4
7666	24721	4
7666	24857	4
7666	25209	4
7666	25438	4
7666	25577	4
7666	26063	4
7666	27375	4
7666	27716	4
7666	27726	4
7666	27788	4
7666	28464	4
7666	29320	4
7666	29517	4
7666	30314	4
7666	31201	4
7666	31783	4
7666	35572	4
7666	35818	4
7666	36886	4
7666	36887	4
7666	36889	4
7666	36890	4
7666	36891	4
7666	36894	4
7666	36897	4
7666	46326	4
7666	46363	4
7666	46369	4
7666	46430	4
7666	46457	4
7666	46620	4
7666	46870	4
7666	46896	4
7666	47153	4
7666	47170	4
7666	47189	4
7666	47209	4
7666	47229	4
7666	47288	4
7666	47428	4
7666	47828	4
7666	47838	4
7666	48271	4
7666	48437	4
7666	48447	4
7666	48598	4
7666	49174	4
7666	50296	4
7666	50308	4
7666	50653	4
7666	51493	4
7666	52142	4
7666	52259	4
7666	52276	4
7666	52321	4
7666	53035	4
7666	54082	4
7666	54653	4
7666	56424	4
7666	56563	4
7666	58675	4
7666	61917	4
7666	63255	4
7666	66356	4
7666	68173	4
7666	68286	4
7666	68863	4
7666	68864	4
7666	68866	4
7666	68871	4
7666	68875	4
7667	23754	4
7667	24074	4
7667	24237	4
7667	24325	4
7667	24326	4
7667	24422	4
7667	25391	4
7667	25446	4
7667	28972	4
7667	31620	4
7667	36898	4
7667	46927	4
7667	61812	4
7668	25507	4
7668	31611	4
7668	46429	4
7668	52607	4
7668	54577	4
7669	46308	4
7669	46937	4
7670	26403	4
7670	54400	4
7671	26681	4
7672	25746	4
7672	26057	4
7672	37030	4
7674	28648	4
7674	37060	4
7677	24763	4
7677	25253	4
7677	28421	4
7677	46793	4
7677	48819	4
7677	49857	4
7677	53647	4
7677	54308	4
7677	55048	4
7677	62517	4
7678	23865	4
7678	27209	4
7678	28177	4
7678	36091	4
7678	46303	4
7678	47189	4
7678	47245	4
7678	49352	4
7678	49559	4
7678	49625	4
7678	52590	4
7678	54386	4
7678	74633	4
7679	27093	4
7679	50013	4
7679	51441	4
7679	51480	4
7680	23786	4
7680	23888	4
7680	24430	4
7680	25480	4
7680	26531	4
7680	26698	4
7680	27010	4
7680	27115	4
7680	27980	4
7680	47905	4
7680	48039	4
7680	53585	4
7681	29509	4
7681	46915	4
7681	47802	4
7681	48756	4
7681	48994	4
7681	49928	4
7681	51915	4
7681	53608	4
7681	59114	4
7681	69440	4
7681	69441	4
7682	37203	4
7682	37207	4
7682	69507	4
7682	77997	4
7682	77998	4
7683	24920	4
7683	25886	4
7683	46308	4
7683	54203	4
7683	63640	4
7683	67156	4
7684	23787	4
7684	24356	4
7684	27353	4
7684	46301	4
7684	46332	4
7684	46842	4
7684	48612	4
7684	49411	4
7684	49859	4
7684	52277	4
7684	54212	4
7684	67639	4
7684	69594	4
7685	46875	4
7685	50271	4
7686	28400	4
7686	35655	4
7687	29411	4
7687	47923	4
7687	54555	4
7687	69623	4
7687	69624	4
7687	78033	4
7688	37056	4
7691	65438	4
7692	24865	4
7692	25205	4
7692	25454	4
7692	25617	4
7692	26434	4
7692	26786	4
7692	27783	4
7692	29377	4
7692	33926	4
7692	47253	4
7692	47411	4
7692	48550	4
7692	49567	4
7692	49781	4
7692	51250	4
7692	53108	4
7692	54056	4
7692	69688	4
7692	72520	4
7693	33984	4
7693	37277	4
7693	50962	4
7693	59612	4
7693	60750	4
7693	78067	4
7694	24791	4
7694	25459	4
7694	26139	4
7694	46301	4
7694	46710	4
7694	46756	4
7694	49812	4
7694	63620	4
7694	68798	4
7695	30314	4
7695	46793	4
7695	49500	4
7695	52491	4
7695	67448	4
7695	69721	4
7696	37322	4
7696	66438	4
7696	69782	4
7696	69783	4
7696	69784	4
7696	69785	4
7696	69787	4
7696	69789	4
7696	78093	4
7696	78094	4
7697	69795	4
7697	69797	4
7697	69799	4
7698	25723	4
7698	53950	4
7698	64045	4
7699	24012	4
7699	28627	4
7699	37393	4
7699	37394	4
7699	69966	4
7699	78145	4
7700	64067	4
7700	69981	4
7702	23793	4
7702	23919	4
7702	23993	4
7702	24291	4
7702	24513	4
7702	24722	4
7702	24730	4
7702	24945	4
7702	30412	4
7702	46432	4
7702	46618	4
7702	47283	4
7702	47683	4
7702	48271	4
7702	48366	4
7702	49227	4
7702	54837	4
7702	57118	4
7702	58665	4
7702	69625	4
7703	30175	4
7704	24028	4
7704	24863	4
7704	24871	4
7704	30053	4
7704	46433	4
7704	47200	4
7704	47671	4
7704	53035	4
7704	53040	4
7704	60994	4
7705	28490	4
7705	30453	4
7705	70114	4
7706	37470	4
7707	24184	4
7707	29034	4
7707	46979	4
7707	48218	4
7707	49069	4
7707	54721	4
7707	55021	4
7707	55225	4
7707	70124	4
7708	47230	4
7708	50301	4
7709	23791	4
7709	23914	4
7709	24031	4
7709	24293	4
7709	24651	4
7709	25603	4
7709	25785	4
7709	26923	4
7709	27401	4
7709	27486	4
7709	29786	4
7709	30123	4
7709	37503	4
7709	46717	4
7709	47761	4
7709	49567	4
7709	50793	4
7709	51184	4
7709	51531	4
7709	53031	4
7709	58714	4
7709	62265	4
7709	63071	4
7709	70186	4
7711	23807	4
7712	46377	4
7713	24755	4
7714	23759	4
7714	23800	4
7714	24031	4
7714	24048	4
7714	24326	4
7714	24364	4
7714	24650	4
7714	24666	4
7714	24689	4
7714	24763	4
7714	24773	4
7714	24902	4
7714	24906	4
7714	24976	4
7714	25575	4
7714	25609	4
7714	25889	4
7714	26096	4
7714	26113	4
7714	26243	4
7714	27308	4
7714	28020	4
7714	28486	4
7714	28604	4
7714	28781	4
7714	30455	4
7714	32739	4
7714	32943	4
7714	34452	4
7714	35381	4
7714	35613	4
7714	37596	4
7714	37597	4
7714	46457	4
7714	46597	4
7714	46616	4
7714	46719	4
7714	46838	4
7714	47404	4
7714	49248	4
7714	51219	4
7714	51370	4
7714	52770	4
7714	53108	4
7714	70377	4
7714	70378	4
7714	70379	4
7716	70529	4
7717	37655	4
7717	70563	4
7718	31431	4
7718	50065	4
7718	50105	4
7718	50127	4
7718	53486	4
7718	58355	4
7718	58921	4
7718	58952	4
7718	70654	4
7718	74232	4
7719	46363	4
7720	23706	4
7720	53396	4
7721	23901	4
7721	23938	4
7721	24400	4
7721	25207	4
7721	27572	4
7721	29287	4
7721	29289	4
7721	30282	4
7721	31283	4
7721	37769	4
7721	46605	4
7721	46628	4
7721	46915	4
7721	47197	4
7721	47243	4
7721	48064	4
7721	50273	4
7721	51943	4
7721	55728	4
7721	59466	4
7721	70211	4
7721	72737	4
7722	28457	4
7722	57764	4
7722	60166	4
7722	70757	4
7722	70758	4
7723	52174	4
7725	24473	4
7725	24491	4
7725	24774	4
7725	25290	4
7725	25745	4
7725	27529	4
7725	33780	4
7725	35288	4
7725	46677	4
7725	46696	4
7725	47422	4
7725	48376	4
7725	49099	4
7725	50281	4
7725	50283	4
7725	50389	4
7725	52061	4
7725	53689	4
7725	55457	4
7725	62177	4
7725	62185	4
7725	62667	4
7725	64497	4
7725	69188	4
7725	69195	4
7725	70857	4
7725	70858	4
7725	70861	4
7725	70863	4
7725	70865	4
7725	70870	4
7725	70875	4
7725	70876	4
7726	23996	4
7726	25305	4
7726	29136	4
7726	36887	4
7726	46328	4
7726	46367	4
7726	46603	4
7726	48811	4
7726	52106	4
7726	54214	4
7726	54219	4
7726	55140	4
7726	62107	4
7727	47268	4
7727	48604	4
7729	33240	4
7729	70915	4
7730	26272	4
7731	50045	4
7732	26710	4
7732	26799	4
7734	32465	4
7734	36901	4
7736	23861	4
7736	25965	4
7736	26096	4
7736	26484	4
7736	31827	4
7736	37917	4
7736	46336	4
7736	46548	4
7736	46600	4
7736	46758	4
7736	46790	4
7736	46859	4
7736	47278	4
7736	47300	4
7736	47559	4
7736	47568	4
7736	47583	4
7736	49283	4
7736	51498	4
7736	56487	4
7736	59207	4
7736	65428	4
7736	69599	4
7736	71043	4
7736	71044	4
7736	76909	4
7737	24063	4
7737	24455	4
7738	25247	4
7738	30974	4
7738	71107	4
7739	24639	4
7739	30587	4
7739	37948	4
7739	37949	4
7739	52210	4
7739	54051	4
7739	61833	4
7739	66083	4
7739	71115	4
7740	23801	4
7740	23914	4
7740	24691	4
7740	46985	4
7740	47681	4
7740	58696	4
7740	60406	4
7741	25514	4
7741	37985	4
7741	37986	4
7742	24338	4
7742	27285	4
7742	27353	4
7742	29712	4
7744	25997	4
7744	37549	4
7746	24702	4
7747	78801	4
7748	23858	4
7748	24417	4
7748	25616	4
7748	28467	4
7748	29283	4
7748	37021	4
7749	25127	4
7749	25387	4
7749	25446	4
7749	26280	4
7749	35085	4
7749	38003	4
7749	38124	4
7750	38169	4
7752	24332	4
7752	26923	4
7753	38220	4
7754	23705	4
7754	26139	4
7754	26400	4
7754	27610	4
7754	27795	4
7754	34896	4
7754	38224	4
7755	27920	4
7755	71684	4
7756	23786	4
7756	24515	4
7756	25500	4
7758	23865	4
7758	25044	4
7758	26034	4
7758	27226	4
7758	27553	4
7758	30022	4
7762	23793	4
7762	24045	4
7763	27271	4
7764	23802	4
7764	24292	4
7764	24303	4
7764	24503	4
7764	29308	4
7764	31174	4
7765	24006	4
7765	25616	4
7765	33099	4
7765	38502	4
7765	38503	4
7766	24052	4
7766	72632	4
7768	27371	4
7768	28047	4
7768	28650	4
7768	29303	4
7768	32836	4
7768	38580	4
7768	38581	4
7768	38586	4
7768	38592	4
7768	38595	4
7768	77709	4
7768	79108	4
7769	32759	4
7771	27009	4
7771	30294	4
7771	32396	4
7771	38704	4
7771	38705	4
7772	25099	4
7774	24306	4
7775	23857	4
7776	25072	4
7777	24032	4
7777	24881	4
7777	26097	4
7777	26871	4
7777	26967	4
7777	27477	4
7777	27783	4
7777	28894	4
7777	38804	4
7779	24540	4
7779	29207	4
7779	38816	4
7779	38818	4
7781	24356	4
7781	25312	4
7781	25577	4
7781	27565	4
7784	24028	4
7784	26124	4
7784	32767	4
7786	28016	4
7786	38956	4
7786	38957	4
7787	34492	4
7787	72460	4
7788	23690	4
7788	23911	4
7788	25618	4
7788	26272	4
7788	26489	4
7788	27023	4
7788	27329	4
7788	30177	4
7788	35194	4
7789	23919	4
7789	24079	4
7789	24872	4
7789	26250	4
7789	27486	4
7791	23765	4
7791	25607	4
7791	26061	4
7792	39176	4
7793	23790	4
7793	27044	4
7793	28377	4
7793	37058	4
7793	71217	4
7793	79584	4
7794	29432	4
7794	31276	4
7795	39188	4
7796	79607	4
7797	24049	4
7797	26260	4
7798	24286	4
7801	25711	4
7802	25721	4
7802	35556	4
7803	39273	4
7805	73119	4
7806	25102	4
7806	25563	4
7806	35491	4
7807	39320	4
7808	24031	4
7808	24650	4
7808	27782	4
7808	33925	4
7808	35291	4
7808	36850	4
7810	24144	4
7810	25337	4
7810	25761	4
7810	25764	4
7810	27566	4
7810	27944	4
7810	36175	4
7811	23832	4
7811	23874	4
7811	24356	4
7811	24397	4
7811	24554	4
7811	24628	4
7811	26105	4
7811	28297	4
7812	38575	4
7814	24861	4
7814	39588	4
7814	39594	4
7814	39595	4
7814	39596	4
7814	39601	4
7814	39606	4
7814	39607	4
7814	79926	4
7814	79927	4
7814	79928	4
7814	79929	4
7815	28685	4
7815	71484	4
7816	24067	4
7817	26308	4
7817	30746	4
7817	36952	4
7817	39895	4
7817	39896	4
7817	39897	4
7818	24027	4
7818	25440	4
7818	33326	4
7818	39938	4
7822	24286	4
7822	26115	4
7823	23748	4
7823	24573	4
7823	25763	4
7823	26234	4
7823	28423	4
7823	28902	4
7823	28972	4
7823	29308	4
7823	80128	4
7824	40005	4
7824	40006	4
7824	40007	4
7825	24293	4
7825	27557	4
7826	24563	4
7826	29609	4
7826	31612	4
7826	80191	4
7827	25417	4
7827	25623	4
7828	24641	4
7828	26580	4
7828	44713	4
7829	24686	4
7829	25445	4
7829	26923	4
7829	27554	4
7830	25098	4
7831	39596	4
7832	33903	4
7832	36374	4
7832	36412	4
7832	36413	4
7832	36422	4
7832	40221	4
7835	26923	4
7836	36319	4
7837	24326	4
7838	24080	4
7838	24404	4
7838	25589	4
7839	23914	4
7839	33672	4
7840	23881	4
7840	25336	4
7840	25355	4
7840	26780	4
7840	29065	4
7841	23837	4
7841	23883	4
7841	24090	4
7841	24422	4
7841	26524	4
7841	27680	4
7841	28330	4
7841	71271	4
7842	28156	4
7843	40365	4
7846	26408	4
7846	39617	4
7846	40443	4
7850	26210	4
7850	40583	4
7851	23996	4
7851	24334	4
7851	25382	4
7853	29006	4
7853	40592	4
7853	40593	4
7853	79725	4
7854	25652	4
7855	25434	4
7855	25886	4
7855	25975	4
7855	27806	4
7855	28608	4
7855	40606	4
7855	40607	4
7857	23880	4
7859	24914	4
7861	23823	4
7861	24553	4
7861	28297	4
7862	23993	4
7863	27333	4
7864	24097	4
7865	27007	4
7865	31044	4
7865	32975	4
7865	34544	4
7865	34909	4
7866	23923	4
7866	24031	4
7866	24720	4
7866	24799	4
7866	25072	4
7866	25451	4
7866	26124	4
7866	26164	4
7866	27368	4
7866	27726	4
7866	28107	4
7866	33955	4
7866	34116	4
7866	35381	4
7866	36215	4
7866	40663	4
7867	71373	4
7869	25477	4
7869	25996	4
7869	27250	4
7869	31423	4
7870	23806	4
7870	23861	4
7870	24293	4
7870	24370	4
7870	24375	4
7870	25202	4
7870	25312	4
7870	25616	4
7870	28572	4
7870	31174	4
7871	26103	4
7871	27401	4
7871	29007	4
7871	33307	4
7872	31437	4
7873	28430	4
7873	36198	4
7874	23701	4
7874	24655	4
7874	24730	4
7875	29993	4
7876	25589	4
7876	26483	4
7876	28892	4
7876	81405	4
7876	81407	4
7880	23874	4
7880	33686	4
7880	35469	4
7880	35918	4
7880	35973	4
7880	37496	4
7880	37617	4
7880	38772	4
7880	41117	4
7880	41119	4
7883	23757	4
7883	23903	4
7883	23922	4
7883	24033	4
7883	24057	4
7883	24356	4
7883	24364	4
7883	25451	4
7883	27557	4
7883	29561	4
7884	25459	4
7884	28106	4
7885	23992	4
7885	26113	4
7885	36109	4
7885	71819	4
7887	27439	4
7887	29038	4
7889	23839	4
7889	24546	4
7889	24550	4
7889	25543	4
7889	25626	4
7889	25633	4
7889	25646	4
7892	25408	4
7893	23699	4
7893	24078	4
7893	24677	4
7893	24902	4
7893	24906	4
7893	24977	4
7893	27997	4
7893	30076	4
7893	32747	4
7893	32752	4
7893	32757	4
7893	32850	4
7893	32945	4
7893	36722	4
7893	37216	4
7893	37541	4
7893	38587	4
7893	41191	4
7893	41192	4
7894	26570	4
7895	23914	4
7895	24057	4
7895	24715	4
7895	24791	4
7895	27500	4
7895	27941	4
7896	32216	4
7896	74417	4
7896	81544	4
7898	26124	4
7898	33317	4
7898	33714	4
7898	38628	4
7898	41251	4
7898	41252	4
7898	81555	4
7899	24111	4
7899	24686	4
7899	26260	4
7901	29521	4
7902	23706	4
7902	24163	4
7902	25527	4
7902	25776	4
7902	28193	4
7902	28319	4
7902	28468	4
7902	30593	4
7902	32050	4
7902	32994	4
7903	24503	4
7903	24702	4
7903	28603	4
7903	32388	4
7903	41271	4
7903	50272	4
7903	81580	4
7904	24318	4
7904	25207	4
7904	29017	4
7904	30159	4
7904	41259	4
7904	41305	4
7904	41306	4
7905	28768	4
7905	31602	4
7905	37785	4
7906	23865	4
7908	24738	4
7908	24900	4
7908	31177	4
7908	41389	4
7908	41391	4
7909	24711	4
7909	24735	4
7909	41396	4
7909	41397	4
7910	23924	4
7911	24163	4
7911	81750	4
7912	24564	4
7912	27699	4
7912	72493	4
7913	23858	4
7913	23911	4
7913	24721	4
7913	25318	4
7913	26164	4
7914	24074	4
7914	24095	4
7914	24307	4
7914	24326	4
7914	24427	4
7914	24690	4
7914	25318	4
7914	30585	4
7914	32447	4
7914	41538	4
7914	41540	4
7914	41541	4
7914	41542	4
7915	29772	4
7915	41580	4
7915	68547	4
7916	30365	4
7916	41584	4
7917	81804	4
7918	23815	4
7918	24517	4
7919	24764	4
7920	23770	4
7920	24049	4
7920	24338	4
7920	25207	4
7920	25446	4
7920	40894	4
7920	73508	4
7921	23914	4
7921	24074	4
7921	25549	4
7922	24563	4
7922	27699	4
7922	71403	4
7923	81511	4
7924	25757	4
7925	39332	4
7926	27521	4
7926	72653	4
7928	27893	4
7928	28244	4
7928	36364	4
7928	41113	4
7928	41755	4
7928	73961	4
7928	81934	4
7929	24373	4
7931	23858	4
7931	24293	4
7931	39884	4
7932	27426	4
7932	28803	4
7933	24316	4
7933	24874	4
7933	25380	4
7934	23834	4
7934	24128	4
7934	79350	4
7934	82080	4
7935	24242	4
7936	24661	4
7941	23801	4
7941	45369	4
7942	24325	4
7942	71655	4
7943	24714	4
7943	27556	4
7946	24801	4
7947	25015	4
7948	40057	4
7949	25253	4
7950	30626	4
7951	24666	4
7951	24967	4
7951	25397	4
7951	27642	4
7951	29403	4
7951	30269	4
7956	26274	4
7956	26605	4
7956	27509	4
7956	27803	4
7956	27837	4
7956	30659	4
7956	42161	4
7957	24031	4
7958	24020	4
7958	39365	4
7958	82446	4
7961	23765	4
7961	53942	4
7962	25714	4
7963	28913	4
7966	24797	4
7969	28762	4
7969	35607	4
7970	42407	4
7970	82514	4
7971	24763	4
7971	25443	4
7971	28864	4
7971	30482	4
7972	42433	4
7972	42434	4
7973	35647	4
7973	42443	4
7973	42444	4
7974	42462	4
7974	72613	4
7977	41000	4
7977	79734	4
7978	23911	4
7978	24954	4
7978	25202	4
7978	25514	4
7978	25612	4
7978	27708	4
7978	30238	4
7978	71368	4
7979	24033	4
7979	24074	4
7979	24076	4
7979	24293	4
7979	27578	4
7979	27612	4
7979	28626	4
7979	40126	4
7980	24361	4
7981	23715	4
7981	26573	4
7981	32727	4
7981	34123	4
7981	40267	4
7982	23690	4
7982	23933	4
7982	25312	4
7982	26609	4
7982	27351	4
7982	28012	4
7982	28344	4
7982	29161	4
7982	33990	4
7982	34076	4
7982	34239	4
7982	34250	4
7982	34294	4
7982	34443	4
7982	35718	4
7982	42606	4
7982	79426	4
7982	82715	4
7984	29978	4
7984	42632	4
7985	24067	4
7985	24375	4
7985	25258	4
7985	25616	4
7985	27929	4
7985	33321	4
7985	42633	4
7987	26102	4
7987	26439	4
7991	33342	4
7992	23705	4
7993	23711	4
7993	24744	4
7993	25258	4
7993	26484	4
7993	31608	4
7993	37948	4
7995	23705	4
7995	23766	4
7995	23996	4
7995	24967	4
7995	25437	4
7995	25956	4
7995	28477	4
7995	28685	4
7996	23698	4
7996	23800	4
7996	23802	4
7996	23871	4
7996	23926	4
7996	23931	4
7996	24065	4
7996	24316	4
7996	24332	4
7996	24721	4
7996	24757	4
7996	24782	4
7996	24923	4
7996	25059	4
7996	25078	4
7996	25384	4
7996	25508	4
7996	26125	4
7996	27788	4
7996	30265	4
7996	31185	4
7996	41575	4
7996	42760	4
7996	71225	4
7996	76953	4
7997	37216	4
7999	24659	4
8000	23786	4
8000	74209	4
8001	23900	4
8001	23938	4
8002	23760	4
8002	24045	4
8002	24067	4
8002	26686	4
8003	23690	4
8003	24028	4
8003	24105	4
8003	25312	4
8003	25458	4
8003	30146	4
8003	30157	4
8003	32011	4
8006	23855	4
8006	25346	4
8006	25692	4
8008	25318	4
8009	23903	4
8009	25451	4
8009	29157	4
8012	25985	4
8012	73082	4
8013	23925	4
8013	25071	4
8014	31297	4
8015	25011	4
8015	25765	4
8015	29844	4
8015	71671	4
8015	71965	4
8017	24643	4
8017	29465	4
8017	71604	4
8018	23997	4
8019	24058	4
8019	24698	4
8019	25439	4
8019	25731	4
8019	26563	4
8019	29377	4
8019	40131	4
8020	26574	4
8022	24716	4
8022	27422	4
8022	30775	4
8022	36114	4
8023	43034	4
8025	24023	4
8025	27375	4
8026	74591	4
8027	27500	4
8027	31180	4
8028	24041	4
8028	25385	4
8030	24122	4
8030	25215	4
8030	25230	4
8030	25746	4
8030	27077	4
8030	27460	4
8030	33671	4
8030	71214	4
8030	73506	4
8030	78824	4
8031	23930	4
8031	24035	4
8031	26273	4
8031	31183	4
8032	23832	4
8032	26343	4
8033	24486	4
8033	24906	4
8033	27157	4
8035	24831	4
8035	24863	4
8035	25373	4
8035	72106	4
8037	25880	4
8038	30482	4
8039	82644	4
8039	83348	4
8040	25889	4
8040	26428	4
8040	26538	4
8040	26765	4
8040	29374	4
8040	29377	4
8040	30480	4
8041	27238	4
8042	30051	4
8042	30061	4
8042	32716	4
8042	33862	4
8042	36338	4
8042	43456	4
8042	77727	4
8042	83445	4
8042	83447	4
8044	43458	4
8044	83448	4
8045	34642	4
8046	23698	4
8046	23909	4
8046	24031	4
8046	24050	4
8046	24060	4
8046	24062	4
8046	25733	4
8046	26484	4
8046	27377	4
8046	28895	4
8046	30629	4
8047	29698	4
8047	38638	4
8048	23903	4
8048	26448	4
8049	24512	4
8052	24457	4
8053	37597	4
8054	23881	4
8054	24501	4
8055	24245	4
8055	24330	4
8055	27642	4
8056	24737	4
8056	27329	4
8057	27587	4
8057	34876	4
8059	30410	4
8061	25886	4
8061	28894	4
8062	24341	4
8062	25709	4
8062	26243	4
8062	36332	4
8062	43600	4
8062	75803	4
8064	31025	4
8066	24062	4
8066	24292	4
8066	24364	4
8066	28177	4
8066	31283	4
8066	36189	4
8067	27540	4
8068	77252	4
8069	43719	4
8071	26266	4
8072	24032	4
8072	24677	4
8072	26964	4
8072	30274	4
8073	24602	4
8073	32112	4
8076	32862	4
8078	24701	4
8079	23706	4
8079	23927	4
8079	25446	4
8080	30140	4
8082	23999	4
8085	24277	4
8085	24802	4
8085	25437	4
8085	31817	4
8086	23702	4
8086	24303	4
8086	26254	4
8086	27118	4
8086	30403	4
8086	37272	4
8086	38778	4
8087	27805	4
8090	23938	4
8090	24028	4
8090	24303	4
8090	24355	4
8090	26767	4
8090	30369	4
8090	31119	4
8090	39275	4
8090	43974	4
8091	24651	4
8091	28640	4
8091	81613	4
8092	27374	4
8093	43983	4
8093	84108	4
8094	23985	4
8094	25060	4
8094	71493	4
8095	29810	4
8095	31484	4
8095	37093	4
8096	23760	4
8096	24057	4
8096	25378	4
8096	25725	4
8096	26086	4
8096	27505	4
8096	27801	4
8096	28108	4
8097	36920	4
8097	44914	4
8098	25435	4
8099	26446	4
8100	26149	4
8100	26564	4
8100	31204	4
8100	75394	4
8101	27186	4
8103	71819	4
8104	25592	4
8104	25997	4
8105	23797	4
8105	24763	4
8106	23793	4
8107	27471	4
8107	41139	4
8107	71214	4
8108	29089	4
8108	30395	4
8109	24576	4
8109	29342	4
8110	26308	4
8110	26691	4
8111	27610	4
8112	24025	4
8112	24465	4
8112	29155	4
8113	25135	4
8113	29083	4
8117	78459	4
8118	24074	4
8118	24758	4
8118	26130	4
8118	44141	4
8122	37242	4
8123	30629	4
8125	30453	4
8125	41669	4
8125	71636	4
8125	76594	4
8125	76810	4
8125	84389	4
8125	84390	4
8126	23803	4
8126	25630	4
8127	24655	4
8128	23914	4
8128	24045	4
8128	24059	4
8128	24095	4
8128	25599	4
8128	25611	4
8128	25874	4
8128	26124	4
8128	26446	4
8128	30455	4
8128	37458	4
8128	47794	4
8128	71636	4
8128	74947	4
8128	79084	4
8128	79368	4
8130	23793	4
8130	23858	4
8130	23908	4
8130	24858	4
8130	25391	4
8130	25789	4
8130	28472	4
8130	28485	4
8131	23858	4
8131	24070	4
8131	28762	4
8131	28812	4
8134	24326	4
8137	24432	4
8138	24059	4
8138	26094	4
8138	26251	4
8138	27855	4
8138	32764	4
8139	41306	4
8139	82416	4
8139	84513	4
8141	28461	4
8141	29715	4
8142	23701	4
8142	23757	4
8142	23760	4
8142	23924	4
8142	23925	4
8142	23930	4
8142	24031	4
8142	24330	4
8142	25204	4
8142	25305	4
8142	25451	4
8142	26108	4
8142	26164	4
8142	26250	4
8142	26427	4
8142	27329	4
8142	27557	4
8142	30328	4
8144	24084	4
8144	25229	4
8144	25746	4
8144	27166	4
8144	31141	4
8144	33649	4
8144	42695	4
8144	44456	4
8145	33976	4
8147	25281	4
8147	26416	4
8147	27719	4
8147	28342	4
8147	35329	4
8147	44509	4
8147	75861	4
8147	84614	4
8149	23858	4
8149	35528	4
8150	23924	4
8150	24076	4
8150	24367	4
8150	29287	4
8152	23690	4
8152	23858	4
8152	23927	4
8152	33692	4
8154	24106	4
8154	24553	4
8154	44411	4
8154	44567	4
8155	24044	4
8155	25725	4
8155	27397	4
8155	27474	4
8155	27929	4
8155	29787	4
8157	44584	4
8159	27242	4
8159	31650	4
8160	24432	4
8163	25202	4
8167	27333	4
8168	44622	4
8169	24685	4
8170	25727	4
8171	25721	4
8172	23706	4
8172	25614	4
8173	24163	4
8173	25351	4
8173	25764	4
8174	25753	4
8174	31297	4
8175	44803	4
8185	45482	4
8188	44754	4
8189	45771	4
8192	44804	4
8192	45852	4
8195	45785	4
8199	45957	4
8199	45958	4
8212	46130	4
8213	45957	4
8214	44676	4
8219	47175	4
8220	47534	4
8223	71516	4
8229	46618	4
8231	47129	4
8232	72167	4
8235	50019	4
8236	54513	4
8237	54519	4
8238	54534	4
8238	54535	4
8239	50785	4
8239	54570	4
8240	52350	4
8241	47620	4
8241	71757	4
8242	50312	4
8243	55800	4
8251	52987	4
8251	58162	4
8252	47828	4
8254	48610	4
8254	49883	4
8254	54079	4
8254	56165	4
8254	58236	4
8254	60861	4
8254	60863	4
8257	61900	4
8259	46454	4
8259	46617	4
8259	46841	4
8260	48607	4
8263	63064	4
8264	52185	4
8265	52636	4
8267	62507	4
8270	56515	4
8270	64781	4
8270	72809	4
8272	55578	4
8274	62491	4
8274	65455	4
8274	65456	4
8274	76450	4
8277	49194	4
8279	46614	4
8279	62262	4
8280	47461	4
8280	53620	4
8280	53885	4
8281	59574	4
8281	61229	4
8281	66834	4
8281	66837	4
8281	66838	4
8283	67080	4
8283	67081	4
8283	67084	4
8285	46301	4
8286	62009	4
8287	47675	4
8287	48668	4
8292	48818	4
8293	62105	4
8296	60868	4
8296	68860	4
8298	47089	4
8299	56542	4
8301	57231	4
8303	48424	4
8303	48530	4
8303	55467	4
8305	48451	4
8306	51892	4
8308	71175	4
8309	46301	4
8313	74571	4
8319	71911	4
8322	71218	4
8323	72670	4
8332	72391	4
8336	76785	4
8338	71450	4
8339	72581	4
8339	78857	4
8342	72263	4
8343	78554	4
8343	84019	4
8343	84020	4
